1.99	36	12.9684 1.60798 0.204381 6.16697 0.112072 6.20508 0.321369 -0.17806 0.0905161 0.466058 -0.687266 0.211752 0.784473 -0.036368 -1.56975 1.53356 -0.0674607 0.011401 0.0684954 -0.0842712 -0.000115984 -0.00239551 -0.730635 0.00851483 0.00109635 -0.693893 1.60559 -0.000609114 -0.000821685 0.75625 0.319962 -2.1917e-05 -0.342111 -1.6057 -0.000213149 -0.000395628 
2	36	12.9684 1.60798 0.204396 6.16698 0.11208 6.20509 0.32137 -0.17806 0.090516 0.466055 -0.687152 0.211752 0.784473 -0.036368 -1.56973 1.53356 -0.0674608 0.011401 0.0684954 -0.0842712 -0.000115984 -0.0023955 -0.7307 0.00851483 0.00109635 -0.693943 1.60559 -0.000609114 -0.000821685 0.756295 0.319984 -2.19202e-05 -0.342097 -1.6057 -0.000213149 -0.000395629 
2.01	36	12.9684 1.60798 0.20441 6.16698 0.112086 6.2051 0.32137 -0.17806 0.090516 0.466055 -0.687045 0.211752 0.784473 -0.036368 -1.56971 1.53356 -0.0674608 0.011401 0.0684954 -0.0842712 -0.000115984 -0.0023955 -0.730766 0.00851484 0.00109635 -0.693992 1.60559 -0.000609115 -0.000821685 0.756341 0.320004 -2.19234e-05 -0.342083 -1.6057 -0.00021315 -0.000395629 
2.02	36	12.9684 1.60798 0.204423 6.16699 0.112093 6.20511 0.32137 -0.17806 0.090516 0.466053 -0.686949 0.211752 0.784473 -0.0363679 -1.56969 1.53356 -0.0674608 0.011401 0.0684955 -0.0842712 -0.000115984 -0.0023955 -0.730831 0.00851485 0.00109634 -0.694049 1.60559 -0.000609115 -0.000821685 0.756389 0.320022 -2.19267e-05 -0.342066 -1.6057 -0.000213151 -0.000395629 
2.03	36	12.9684 1.60798 0.204435 6.167 0.112098 6.20511 0.32137 -0.17806 0.090516 0.466053 -0.686855 0.211752 0.784473 -0.0363679 -1.56968 1.53356 -0.0674608 0.0114009 0.0684955 -0.0842712 -0.000115984 -0.0023955 -0.730897 0.00851485 0.00109634 -0.694095 1.60559 -0.000609116 -0.000821685 0.756437 0.320035 -2.19299e-05 -0.342045 -1.6057 -0.000213152 -0.000395629 
2.04	36	12.9684 1.60798 0.204447 6.167 0.112103 6.20512 0.32137 -0.17806 0.090516 0.466052 -0.686766 0.211752 0.784473 -0.0363677 -1.56966 1.53356 -0.0674608 0.0114009 0.0684955 -0.0842712 -0.000115984 -0.00239549 -0.730958 0.00851486 0.00109633 -0.694148 1.60559 -0.000609116 -0.000821685 0.756486 0.320045 -2.19331e-05 -0.342023 -1.6057 -0.000213152 -0.000395629 
2.05	36	12.9684 1.60798 0.204458 6.16701 0.112109 6.20513 0.32137 -0.17806 0.090516 0.466052 -0.68668 0.211752 0.784473 -0.0363676 -1.56964 1.53356 -0.0674608 0.0114009 0.0684956 -0.0842711 -0.000115984 -0.00239549 -0.731016 0.00851486 0.00109633 -0.694202 1.60559 -0.000609117 -0.000821685 0.756536 0.320053 -2.19364e-05 -0.341999 -1.6057 -0.000213153 -0.000395629 
2.06	36	12.9684 1.60798 0.204469 6.16701 0.112114 6.20513 0.32137 -0.17806 0.090516 0.466052 -0.686594 0.211752 0.784473 -0.0363675 -1.56963 1.53356 -0.0674608 0.0114008 0.0684956 -0.0842711 -0.000115984 -0.00239549 -0.731076 0.00851487 0.00109632 -0.694244 1.60559 -0.000609118 -0.000821685 0.756587 0.320059 -2.19396e-05 -0.341974 -1.6057 -0.000213154 -0.000395629 
2.07	36	12.9684 1.60798 0.204481 6.16701 0.112117 6.20514 0.32137 -0.17806 0.090516 0.466051 -0.686507 0.211752 0.784473 -0.0363675 -1.56961 1.53356 -0.0674609 0.0114008 0.0684956 -0.0842711 -0.000115984 -0.00239549 -0.731131 0.00851487 0.00109632 -0.694287 1.60559 -0.000609118 -0.000821685 0.756638 0.320062 -2.19429e-05 -0.341948 -1.6057 -0.000213155 -0.000395629 
2.08	36	12.9685 1.60799 0.204487 6.16702 0.112119 6.20514 0.32137 -0.17807 0.0905426 0.46605 -0.686416 0.211752 0.784512 -0.0363345 -1.5695 1.53333 -0.0667381 0.0110507 0.0684974 -0.0842711 -0.000115984 -0.00239548 -0.731174 0.00851488 0.00109632 -0.694353 1.60559 -0.000609119 -0.000821685 0.756707 0.320067 -2.19462e-05 -0.341921 -1.6057 -0.000213155 -0.000395629 
2.09	36	12.9685 1.60799 0.2045 6.16702 0.112124 6.20514 0.32137 -0.17807 0.0905426 0.466049 -0.686301 0.211752 0.784512 -0.0363342 -1.5695 1.53335 -0.0667382 0.0110507 0.0684974 -0.0842711 -0.000115983 -0.00239548 -0.73122 0.00851488 0.00109631 -0.694384 1.60559 -0.000609119 -0.000821685 0.75675 0.320078 -2.19495e-05 -0.341865 -1.6057 -0.000213156 -0.000395629 
2.1	36	12.9685 1.608 0.204513 6.16702 0.112131 6.20514 0.32137 -0.17807 0.0905425 0.466044 -0.686193 0.211752 0.784512 -0.0363342 -1.5695 1.53337 -0.0667382 0.0110507 0.0684974 -0.0842711 -0.000115983 -0.00239548 -0.731265 0.00851489 0.00109631 -0.694421 1.60559 -0.00060912 -0.000821685 0.756806 0.320094 -2.19528e-05 -0.341842 -1.6057 -0.000213157 -0.000395629 
2.11	36	12.9685 1.608 0.204526 6.16703 0.112138 6.20514 0.32137 -0.17807 0.0905425 0.466043 -0.686087 0.211752 0.784512 -0.0363341 -1.56949 1.53339 -0.0667382 0.0110497 0.0684975 -0.0842711 -0.000115983 -0.00239548 -0.73131 0.00851489 0.0010963 -0.694458 1.60559 -0.00060912 -0.000821685 0.756859 0.320114 -2.19561e-05 -0.341817 -1.6057 -0.000213158 -0.000395629 
2.12	36	12.9685 1.608 0.20454 6.16703 0.112148 6.20515 0.32137 -0.17807 0.0905425 0.466039 -0.685983 0.211752 0.784512 -0.036334 -1.56948 1.53339 -0.0667382 0.0110497 0.0684975 -0.0842711 -0.000115983 -0.00239547 -0.731355 0.0085149 0.0010963 -0.694502 1.60559 -0.000609121 -0.000821685 0.756909 0.32014 -2.19593e-05 -0.341791 -1.6057 -0.000213158 -0.000395629 
2.13	36	12.9685 1.608 0.204553 6.16704 0.112159 6.20516 0.32137 -0.17807 0.0905425 0.466036 -0.685881 0.211752 0.784512 -0.036334 -1.56947 1.5334 -0.0667382 0.0110497 0.0684975 -0.0842711 -0.000115983 -0.00239547 -0.731405 0.00851491 0.00109629 -0.694537 1.60559 -0.000609122 -0.000821685 0.756957 0.320168 -2.19626e-05 -0.341768 -1.6057 -0.000213159 -0.000395629 
2.14	36	12.9685 1.608 0.204566 6.16705 0.112169 6.20517 0.32137 -0.17807 0.0905425 0.466035 -0.685783 0.211752 0.784512 -0.036334 -1.56945 1.5334 -0.0667383 0.0110497 0.0684976 -0.0842711 -0.000115983 -0.00239547 -0.731457 0.00851491 0.00109629 -0.694571 1.60559 -0.000609122 -0.000821685 0.757004 0.320196 -2.19658e-05 -0.341746 -1.6057 -0.00021316 -0.000395629 
2.15	36	12.9685 1.60799 0.204579 6.16706 0.11218 6.20518 0.32137 -0.17807 0.0905425 0.466035 -0.68569 0.211752 0.784512 -0.036334 -1.56944 1.5334 -0.0667383 0.0110497 0.0684976 -0.0842711 -0.000115983 -0.00239547 -0.731509 0.00851492 0.00109628 -0.694612 1.60559 -0.000609123 -0.000821685 0.757051 0.320222 -2.1969e-05 -0.341726 -1.6057 -0.000213161 -0.000395629 
2.16	36	12.9685 1.60799 0.204591 6.16706 0.112191 6.20519 0.32137 -0.17807 0.0905424 0.466034 -0.6856 0.211752 0.784512 -0.0363339 -1.56942 1.5334 -0.0667383 0.0110474 0.0684976 -0.0842711 -0.000115983 -0.00239546 -0.731564 0.00851492 0.00109628 -0.694651 1.60559 -0.000609123 -0.000821685 0.757096 0.320245 -2.19723e-05 -0.341705 -1.6057 -0.000213161 -0.000395629 
2.17	36	12.9686 1.60799 0.204603 6.16707 0.112201 6.2052 0.32137 -0.17807 0.0905424 0.466034 -0.685509 0.211752 0.784512 -0.0363339 -1.5694 1.5334 -0.0667383 0.0110474 0.0684976 -0.0842711 -0.000115983 -0.00239546 -0.73162 0.00851493 0.00109628 -0.694688 1.60559 -0.000609124 -0.000821685 0.757139 0.320263 -2.19755e-05 -0.341683 -1.6057 -0.000213162 -0.000395629 
2.18	36	12.9686 1.60799 0.204615 6.16708 0.112209 6.20521 0.32137 -0.17807 0.0905424 0.466034 -0.685417 0.211752 0.784512 -0.0363339 -1.56939 1.5334 -0.0667383 0.0110463 0.0684977 -0.084271 -0.000115983 -0.00239546 -0.731677 0.00851493 0.00109627 -0.694725 1.60559 -0.000609124 -0.000821685 0.757182 0.320276 -2.19787e-05 -0.341662 -1.6057 -0.000213163 -0.000395629 
2.19	36	12.9686 1.60799 0.204627 6.16708 0.112217 6.20522 0.32137 -0.17807 0.0905424 0.466033 -0.685326 0.211752 0.784512 -0.0363339 -1.56937 1.5334 -0.0667383 0.0110463 0.0684977 -0.084271 -0.000115983 -0.00239545 -0.73173 0.00851494 0.00109627 -0.694772 1.60559 -0.000609125 -0.000821685 0.757224 0.320287 -2.1982e-05 -0.341641 -1.6057 -0.000213164 -0.000395629 
2.2	36	12.9686 1.60799 0.204639 6.16709 0.112224 6.20523 0.32137 -0.17807 0.0905424 0.466033 -0.685235 0.211752 0.784512 -0.0363339 -1.56935 1.5334 -0.0667384 0.0110449 0.0684977 -0.084271 -0.000115983 -0.00239545 -0.731787 0.00851494 0.00109626 -0.694812 1.60559 -0.000609126 -0.000821685 0.757266 0.320295 -2.19852e-05 -0.34162 -1.6057 -0.000213164 -0.000395629 
2.21	36	12.9686 1.60799 0.204651 6.1671 0.112232 6.20524 0.32137 -0.17807 0.0905424 0.466033 -0.685142 0.211752 0.784512 -0.0363339 -1.56933 1.5334 -0.0667384 0.0110449 0.0684977 -0.084271 -0.000115982 -0.00239545 -0.73184 0.00851495 0.00109626 -0.694859 1.60559 -0.000609126 -0.000821685 0.757308 0.320302 -2.19885e-05 -0.341599 -1.6057 -0.000213165 -0.000395629 
2.22	36	12.9686 1.60799 0.204663 6.1671 0.112239 6.20524 0.32137 -0.17807 0.0905424 0.466033 -0.68505 0.211752 0.784512 -0.0363339 -1.56932 1.5334 -0.0667384 0.0110448 0.0684978 -0.084271 -0.000115982 -0.00239545 -0.731895 0.00851495 0.00109625 -0.694903 1.60559 -0.000609127 -0.000821685 0.757351 0.320309 -2.19917e-05 -0.341578 -1.6057 -0.000213166 -0.000395629 
2.23	36	12.9686 1.60799 0.204675 6.16711 0.112246 6.20525 0.32137 -0.17807 0.0905424 0.466033 -0.684956 0.211752 0.784512 -0.0363339 -1.5693 1.5334 -0.0667384 0.0110448 0.0684978 -0.084271 -0.000115982 -0.00239544 -0.731951 0.00851496 0.00109625 -0.694944 1.60559 -0.000609127 -0.000821685 0.757394 0.320316 -2.1995e-05 -0.341557 -1.6057 -0.000213167 -0.000395629 
2.24	36	12.9686 1.60799 0.204687 6.16711 0.112255 6.20526 0.32137 -0.17807 0.0905423 0.466033 -0.684863 0.211752 0.784512 -0.0363339 -1.56928 1.5334 -0.0667384 0.0110448 0.0684978 -0.084271 -0.000115982 -0.00239544 -0.732004 0.00851497 0.00109624 -0.694993 1.60559 -0.000609128 -0.000821685 0.757438 0.320325 -2.19983e-05 -0.341535 -1.6057 -0.000213167 -0.000395629 
2.25	36	12.9686 1.60799 0.204699 6.16712 0.112264 6.20526 0.32137 -0.17807 0.0905423 0.466033 -0.68477 0.211752 0.784512 -0.0363339 -1.56926 1.5334 -0.0667385 0.0110448 0.0684978 -0.084271 -0.000115982 -0.00239544 -0.732059 0.00851497 0.00109624 -0.695037 1.60559 -0.000609128 -0.000821685 0.757483 0.320335 -2.20015e-05 -0.341513 -1.6057 -0.000213168 -0.000395629 
2.26	36	12.9687 1.60799 0.204711 6.16713 0.112274 6.20527 0.32137 -0.17807 0.0905423 0.466033 -0.684678 0.211752 0.784512 -0.0363338 -1.56925 1.5334 -0.0667385 0.0110448 0.0684979 -0.084271 -0.000115982 -0.00239544 -0.732113 0.00851498 0.00109623 -0.695083 1.60559 -0.000609129 -0.000821685 0.757529 0.320349 -2.20048e-05 -0.34149 -1.6057 -0.000213169 -0.000395629 
2.27	36	12.9687 1.60799 0.204722 6.16713 0.112283 6.20528 0.32137 -0.17807 0.0905423 0.466032 -0.684584 0.211752 0.784512 -0.0363338 -1.56923 1.5334 -0.0667385 0.0110448 0.0684979 -0.084271 -0.000115982 -0.00239543 -0.732171 0.00851498 0.00109623 -0.695119 1.60559 -0.00060913 -0.000821685 0.757575 0.320361 -2.20081e-05 -0.341467 -1.6057 -0.00021317 -0.000395629 
2.28	36	12.9687 1.60799 0.204734 6.16714 0.112293 6.20529 0.32137 -0.17807 0.0905423 0.466031 -0.68449 0.211752 0.784512 -0.0363338 -1.56921 1.5334 -0.0667385 0.0110448 0.0684979 -0.084271 -0.000115982 -0.00239543 -0.732224 0.00851499 0.00109623 -0.695164 1.60559 -0.00060913 -0.000821685 0.75762 0.320376 -2.20114e-05 -0.341443 -1.6057 -0.00021317 -0.000395629 
2.29	36	12.9687 1.60799 0.204746 6.16714 0.112303 6.20529 0.32137 -0.17807 0.0905423 0.466031 -0.684394 0.211752 0.784512 -0.0363338 -1.56919 1.5334 -0.0667385 0.0110447 0.068498 -0.084271 -0.000115982 -0.00239543 -0.732277 0.00851499 0.00109622 -0.695206 1.60559 -0.000609131 -0.000821685 0.757665 0.320392 -2.20146e-05 -0.341419 -1.6057 -0.000213171 -0.000395629 
2.3	36	12.9687 1.60799 0.204758 6.16715 0.112313 6.2053 0.32137 -0.17807 0.0905423 0.466031 -0.684299 0.211752 0.784512 -0.0363338 -1.56917 1.5334 -0.0667385 0.0110447 0.068498 -0.084271 -0.000115982 -0.00239543 -0.73233 0.008515 0.00109622 -0.695249 1.60559 -0.000609131 -0.000821685 0.757711 0.32041 -2.20179e-05 -0.341396 -1.6057 -0.000213172 -0.000395629 
2.31	36	12.9687 1.60799 0.20477 6.16716 0.112324 6.2053 0.32137 -0.17807 0.0905422 0.46603 -0.684204 0.211752 0.784512 -0.0363336 -1.56915 1.5334 -0.0667386 0.0110426 0.068498 -0.0842709 -0.000115982 -0.00239542 -0.732384 0.008515 0.00109621 -0.695288 1.60559 -0.000609132 -0.000821685 0.757757 0.32043 -2.20212e-05 -0.341372 -1.6057 -0.000213173 -0.000395629 
2.32	36	12.9687 1.60799 0.204776 6.16716 0.112331 6.2053 0.32137 -0.178081 0.0905674 0.46603 -0.684107 0.211752 0.784548 -0.0363025 -1.56905 1.53319 -0.0660935 0.0107236 0.0685002 -0.0842709 -0.000115982 -0.00239542 -0.732431 0.00851501 0.00109621 -0.695344 1.60559 -0.000609132 -0.000821685 0.757817 0.320444 -2.20244e-05 -0.341346 -1.6057 -0.000213173 -0.000395629 
2.33	36	12.9688 1.608 0.204789 6.16716 0.112343 6.2053 0.32137 -0.178081 0.0905674 0.46603 -0.68399 0.211752 0.784548 -0.0363025 -1.56905 1.53321 -0.0660935 0.0107236 0.0685007 -0.0842709 -0.000115982 -0.00239542 -0.732477 0.00851501 0.0010962 -0.695379 1.60559 -0.000609133 -0.000821685 0.757853 0.320462 -2.20277e-05 -0.341294 -1.6057 -0.000213174 -0.000395629 
2.34	36	12.9688 1.608 0.204801 6.16717 0.112357 6.20531 0.32137 -0.178081 0.0905674 0.46603 -0.683881 0.211752 0.784548 -0.0363025 -1.56905 1.53324 -0.0660936 0.0107236 0.0685007 -0.0842709 -0.000115981 -0.00239541 -0.732526 0.00851502 0.0010962 -0.695414 1.60559 -0.000609134 -0.000821685 0.757904 0.320484 -2.2031e-05 -0.341275 -1.6057 -0.000213175 -0.000395629 
2.35	36	12.9688 1.60801 0.204813 6.16718 0.112372 6.20531 0.32137 -0.178081 0.0905674 0.46603 -0.683776 0.211752 0.784548 -0.0363025 -1.56905 1.53326 -0.0660936 0.0107236 0.0685008 -0.0842709 -0.000115981 -0.00239541 -0.732576 0.00851502 0.00109619 -0.695453 1.60559 -0.000609134 -0.000821685 0.757952 0.32051 -2.20343e-05 -0.341255 -1.6057 -0.000213176 -0.000395629 
2.36	36	12.9688 1.60801 0.204826 6.16718 0.112387 6.20532 0.32137 -0.178081 0.0905674 0.46603 -0.683668 0.211752 0.784548 -0.0363025 -1.56904 1.53328 -0.0660936 0.0107155 0.0685034 -0.0842709 -0.000115981 -0.00239541 -0.732625 0.00851503 0.00109619 -0.695493 1.60559 -0.000609135 -0.000821685 0.757993 0.320541 -2.20375e-05 -0.341227 -1.6057 -0.000213177 -0.000395629 
2.37	36	12.9688 1.608 0.204841 6.16719 0.112403 6.20533 0.32137 -0.178081 0.0905674 0.466029 -0.683553 0.211752 0.784548 -0.0363024 -1.56902 1.53328 -0.0660936 0.0107154 0.0685034 -0.0842709 -0.000115981 -0.00239541 -0.732676 0.00851503 0.00109618 -0.695528 1.60559 -0.000609135 -0.000821685 0.758032 0.320573 -2.20408e-05 -0.34121 -1.6057 -0.000213177 -0.000395629 
2.38	36	12.9688 1.608 0.204854 6.1672 0.112418 6.20534 0.32137 -0.178081 0.0905674 0.466029 -0.683447 0.211752 0.784548 -0.0363024 -1.569 1.53328 -0.0660936 0.0107154 0.0685035 -0.0842709 -0.000115981 -0.0023954 -0.73273 0.00851504 0.00109618 -0.695564 1.60559 -0.000609136 -0.000821685 0.758072 0.320604 -2.2044e-05 -0.341196 -1.6057 -0.000213178 -0.00039563 
2.39	36	12.9689 1.608 0.204861 6.1672 0.112433 6.20534 0.32137 -0.178093 0.0905914 0.466029 -0.683347 0.211752 0.784578 -0.036277 -1.56891 1.5331 -0.0656018 0.0104464 0.0685039 -0.0842709 -0.000115981 -0.0023954 -0.732781 0.00851504 0.00109617 -0.69562 1.60559 -0.000609136 -0.000821685 0.758127 0.320626 -2.20472e-05 -0.341179 -1.6057 -0.000213179 -0.00039563 
2.4	36	12.9689 1.608 0.204874 6.16721 0.112452 6.20535 0.32137 -0.178093 0.0905914 0.466029 -0.683235 0.211752 0.784578 -0.036277 -1.56891 1.53313 -0.0656019 0.0104464 0.0685045 -0.0842709 -0.000115981 -0.0023954 -0.732832 0.00851505 0.00109617 -0.695655 1.60559 -0.000609137 -0.000821685 0.758154 0.320642 -2.20504e-05 -0.341126 -1.6057 -0.000213179 -0.00039563 
2.41	36	12.9689 1.608 0.204887 6.16722 0.112473 6.20536 0.32137 -0.178093 0.0905913 0.466029 -0.683128 0.211752 0.784578 -0.0362769 -1.56891 1.53316 -0.0656019 0.0104464 0.0685045 -0.0842709 -0.000115981 -0.0023954 -0.732883 0.00851506 0.00109616 -0.695697 1.60559 -0.000609138 -0.000821685 0.758199 0.320662 -2.20537e-05 -0.341113 -1.6057 -0.00021318 -0.00039563 
2.42	36	12.9689 1.608 0.204899 6.16723 0.112495 6.20537 0.32137 -0.178093 0.0905913 0.466029 -0.683029 0.211752 0.784578 -0.0362769 -1.56891 1.53318 -0.0656019 0.0104464 0.0685045 -0.0842709 -0.000115981 -0.00239539 -0.732937 0.00851506 0.00109616 -0.695736 1.60559 -0.000609138 -0.000821685 0.758242 0.320682 -2.20569e-05 -0.341099 -1.6057 -0.000213181 -0.00039563 
2.43	36	12.9689 1.608 0.20491 6.16724 0.112517 6.20538 0.32137 -0.178093 0.0905913 0.466029 -0.682934 0.211752 0.784578 -0.0362769 -1.56891 1.5332 -0.065602 0.0104446 0.0685045 -0.0842709 -0.000115981 -0.00239539 -0.732996 0.00851507 0.00109615 -0.695769 1.60559 -0.000609139 -0.000821685 0.758282 0.3207 -2.20602e-05 -0.341085 -1.6057 -0.000213182 -0.00039563 
2.44	36	12.969 1.608 0.204921 6.16725 0.112538 6.20539 0.32137 -0.178093 0.0905913 0.466029 -0.682844 0.211752 0.784578 -0.0362769 -1.56891 1.53322 -0.065602 0.0104446 0.0685046 -0.0842708 -0.000115981 -0.00239539 -0.733053 0.00851507 0.00109615 -0.695807 1.60559 -0.000609139 -0.000821685 0.758321 0.320715 -2.20634e-05 -0.341069 -1.6057 -0.000213182 -0.00039563 
2.45	36	12.969 1.60799 0.204932 6.16726 0.112559 6.2054 0.32137 -0.178093 0.0905913 0.466029 -0.682759 0.211752 0.784578 -0.0362769 -1.56891 1.53324 -0.065602 0.0104446 0.0685046 -0.0842708 -0.000115981 -0.00239539 -0.733109 0.00851508 0.00109615 -0.69585 1.60559 -0.00060914 -0.000821685 0.758359 0.32073 -2.20666e-05 -0.341052 -1.6057 -0.000213183 -0.00039563 
2.46	36	12.969 1.60799 0.204942 6.16727 0.112579 6.20541 0.32137 -0.178093 0.0905913 0.466029 -0.682677 0.211752 0.784578 -0.0362769 -1.56891 1.53325 -0.065602 0.0104446 0.0685046 -0.0842708 -0.00011598 -0.00239538 -0.733166 0.00851508 0.00109614 -0.69589 1.60559 -0.000609141 -0.000821685 0.758395 0.320743 -2.20699e-05 -0.341035 -1.6057 -0.000213184 -0.00039563 
2.47	36	12.969 1.60799 0.204952 6.16728 0.112599 6.20542 0.32137 -0.178093 0.0905913 0.466029 -0.682594 0.211752 0.784578 -0.0362769 -1.5689 1.53326 -0.0656021 0.0104446 0.0685047 -0.0842708 -0.00011598 -0.00239538 -0.733219 0.00851509 0.00109614 -0.695932 1.60559 -0.000609141 -0.000821685 0.758429 0.320756 -2.20731e-05 -0.341016 -1.6057 -0.000213185 -0.00039563 
2.48	36	12.969 1.60798 0.204963 6.16729 0.112618 6.20544 0.32137 -0.178093 0.0905912 0.466028 -0.682509 0.211752 0.784578 -0.0362769 -1.56889 1.53327 -0.0656021 0.0104445 0.0685047 -0.0842708 -0.00011598 -0.00239538 -0.733273 0.00851509 0.00109613 -0.695968 1.60559 -0.000609142 -0.000821685 0.758463 0.320768 -2.20764e-05 -0.340999 -1.6057 -0.000213185 -0.00039563 
2.49	36	12.969 1.60798 0.204975 6.16729 0.112636 6.20545 0.32137 -0.178093 0.0905912 0.466028 -0.682424 0.211752 0.784578 -0.0362769 -1.56887 1.53327 -0.0656021 0.0104445 0.0685047 -0.0842708 -0.00011598 -0.00239537 -0.733322 0.0085151 0.00109613 -0.696011 1.60559 -0.000609142 -0.000821685 0.758497 0.320779 -2.20796e-05 -0.340982 -1.6057 -0.000213186 -0.00039563 
2.5	36	12.9691 1.60797 0.204986 6.1673 0.112653 6.20546 0.32137 -0.178093 0.0905912 0.466028 -0.68234 0.211752 0.784578 -0.0362769 -1.56886 1.53327 -0.0656021 0.0104445 0.0685047 -0.0842708 -0.00011598 -0.00239537 -0.733372 0.0085151 0.00109612 -0.696048 1.60559 -0.000609143 -0.000821685 0.758532 0.32079 -2.20829e-05 -0.340967 -1.6057 -0.000213187 -0.00039563 
2.51	36	12.9691 1.60797 0.204997 6.16731 0.112668 6.20548 0.32137 -0.178093 0.0905912 0.466028 -0.682255 0.211752 0.784578 -0.0362768 -1.56884 1.53327 -0.0656021 0.0104444 0.0685048 -0.0842708 -0.00011598 -0.00239537 -0.733421 0.00851511 0.00109612 -0.696083 1.60559 -0.000609143 -0.000821685 0.758568 0.320797 -2.20861e-05 -0.340952 -1.6057 -0.000213188 -0.00039563 
2.52	36	12.9691 1.60797 0.205003 6.16732 0.112681 6.20548 0.32137 -0.178104 0.0906147 0.466028 -0.682167 0.211752 0.784607 -0.0362548 -1.56875 1.53311 -0.0651872 0.0102052 0.0685086 -0.0842708 -0.00011598 -0.00239537 -0.733461 0.00851511 0.00109611 -0.696137 1.60559 -0.000609144 -0.000821684 0.758614 0.320803 -2.20895e-05 -0.340917 -1.6057 -0.000213189 -0.00039563 
2.53	36	12.9691 1.60797 0.205015 6.16732 0.112696 6.20549 0.32137 -0.178104 0.0906147 0.466028 -0.682065 0.211752 0.784607 -0.0362548 -1.56875 1.53314 -0.0651872 0.0102052 0.0685097 -0.0842708 -0.00011598 -0.00239536 -0.733502 0.00851512 0.00109611 -0.696167 1.60559 -0.000609144 -0.000821684 0.758652 0.320813 -2.20927e-05 -0.340884 -1.6057 -0.000213189 -0.00039563 
2.54	36	12.9691 1.60797 0.205026 6.16733 0.112714 6.2055 0.32137 -0.178104 0.0906146 0.466027 -0.681971 0.211752 0.784607 -0.0362548 -1.56875 1.53316 -0.0651873 0.0102052 0.0685097 -0.0842708 -0.00011598 -0.00239536 -0.733542 0.00851512 0.0010961 -0.696207 1.60559 -0.000609145 -0.000821684 0.758701 0.320827 -2.2096e-05 -0.340868 -1.6057 -0.00021319 -0.00039563 
2.55	36	12.9691 1.60797 0.205037 6.16734 0.11273 6.20551 0.32137 -0.178104 0.0906194 0.466027 -0.68188 0.211752 0.78464 -0.0362548 -1.56875 1.53317 -0.0652169 0.0102732 0.0685133 -0.0842708 -0.00011598 -0.00239536 -0.733581 0.00851513 0.0010961 -0.696243 1.60559 -0.000609146 -0.000821684 0.758748 0.320844 -2.20992e-05 -0.340847 -1.6057 -0.000213191 -0.00039563 
2.56	36	12.9692 1.60796 0.205048 6.16735 0.112748 6.20551 0.32137 -0.178104 0.0906194 0.466027 -0.681787 0.211752 0.78464 -0.0362548 -1.56875 1.53319 -0.0652169 0.0102718 0.0685156 -0.0842708 -0.00011598 -0.00239536 -0.733626 0.00851513 0.00109609 -0.696273 1.60559 -0.000609146 -0.000821684 0.758793 0.32086 -2.21025e-05 -0.34083 -1.6057 -0.000213192 -0.00039563 
2.57	36	12.9692 1.60796 0.205059 6.16736 0.112766 6.20552 0.32137 -0.178104 0.0906194 0.466027 -0.681696 0.211752 0.78464 -0.0362547 -1.56874 1.5332 -0.065217 0.0102718 0.0685156 -0.0842707 -0.00011598 -0.00239535 -0.733674 0.00851514 0.00109609 -0.696302 1.60559 -0.000609147 -0.000821684 0.758838 0.320875 -2.21057e-05 -0.340809 -1.6057 -0.000213192 -0.00039563 
2.58	36	12.9692 1.60796 0.20507 6.16736 0.112783 6.20553 0.32137 -0.178104 0.0906194 0.466027 -0.68161 0.211752 0.78464 -0.0362547 -1.56874 1.53322 -0.065217 0.0102718 0.0685156 -0.0842707 -0.00011598 -0.00239535 -0.733722 0.00851514 0.00109608 -0.696337 1.60559 -0.000609147 -0.000821684 0.758882 0.320891 -2.2109e-05 -0.340788 -1.6057 -0.000213193 -0.00039563 
2.59	36	12.9692 1.60796 0.205081 6.16737 0.112797 6.20554 0.32137 -0.178104 0.0906193 0.466027 -0.681523 0.211752 0.78464 -0.0362547 -1.56873 1.53322 -0.065217 0.0102709 0.0685157 -0.0842707 -0.000115979 -0.00239535 -0.733773 0.00851515 0.00109608 -0.696366 1.60559 -0.000609148 -0.000821684 0.758922 0.320907 -2.21123e-05 -0.340766 -1.6057 -0.000213194 -0.00039563 
2.6	36	12.9692 1.60796 0.205092 6.16738 0.11281 6.20555 0.32137 -0.178104 0.0906193 0.466027 -0.681435 0.211752 0.78464 -0.0362547 -1.56872 1.53323 -0.0652171 0.0102709 0.0685157 -0.0842707 -0.000115979 -0.00239534 -0.733821 0.00851515 0.00109607 -0.696402 1.60559 -0.000609149 -0.000821684 0.758959 0.320923 -2.21155e-05 -0.340745 -1.6057 -0.000213195 -0.00039563 
2.61	36	12.9692 1.60795 0.205103 6.16739 0.112822 6.20556 0.32137 -0.178104 0.0906193 0.466027 -0.681348 0.211752 0.78464 -0.0362547 -1.5687 1.53323 -0.0652171 0.0102709 0.0685157 -0.0842707 -0.000115979 -0.00239534 -0.733869 0.00851516 0.00109607 -0.69644 1.60559 -0.000609149 -0.000821684 0.758997 0.32094 -2.21188e-05 -0.340727 -1.6057 -0.000213195 -0.00039563 
2.62	36	12.9692 1.60795 0.205114 6.16739 0.112833 6.20557 0.321371 -0.178104 0.0906193 0.466027 -0.681265 0.211752 0.78464 -0.0362547 -1.56868 1.53323 -0.0652171 0.0102709 0.0685158 -0.0842707 -0.000115979 -0.00239534 -0.733918 0.00851517 0.00109606 -0.696481 1.60559 -0.00060915 -0.000821684 0.759035 0.320957 -2.2122e-05 -0.340709 -1.6057 -0.000213196 -0.00039563 
2.63	36	12.9692 1.60795 0.205124 6.1674 0.112846 6.20558 0.321371 -0.178104 0.0906193 0.466027 -0.681187 0.211752 0.78464 -0.0362547 -1.56867 1.53323 -0.0652171 0.0102709 0.0685158 -0.0842707 -0.000115979 -0.00239534 -0.733966 0.00851517 0.00109606 -0.696526 1.60559 -0.00060915 -0.000821684 0.759073 0.320975 -2.21253e-05 -0.34069 -1.6057 -0.000213197 -0.00039563 
2.64	36	12.9693 1.60795 0.205134 6.16741 0.112859 6.20559 0.321371 -0.178104 0.0906193 0.466027 -0.681113 0.211752 0.78464 -0.0362547 -1.56866 1.53323 -0.0652172 0.0102709 0.0685158 -0.0842707 -0.000115979 -0.00239533 -0.734017 0.00851518 0.00109605 -0.696566 1.60559 -0.000609151 -0.000821684 0.759112 0.320992 -2.21285e-05 -0.340671 -1.6057 -0.000213198 -0.00039563 
2.65	36	12.9693 1.60794 0.205144 6.16741 0.112869 6.2056 0.321371 -0.178104 0.0906192 0.466027 -0.681037 0.211751 0.78464 -0.0362547 -1.56864 1.53323 -0.0652172 0.0102709 0.0685159 -0.0842707 -0.000115979 -0.00239533 -0.734069 0.00851518 0.00109605 -0.696602 1.60559 -0.000609151 -0.000821684 0.759151 0.321005 -2.21318e-05 -0.340651 -1.6057 -0.000213198 -0.00039563 
2.66	36	12.9693 1.60794 0.205154 6.16742 0.112879 6.20561 0.321371 -0.178104 0.0906192 0.466027 -0.68096 0.211751 0.78464 -0.0362547 -1.56863 1.53323 -0.0652172 0.0102709 0.0685159 -0.0842707 -0.000115979 -0.00239533 -0.734119 0.00851519 0.00109604 -0.696638 1.60559 -0.000609152 -0.000821684 0.759189 0.321016 -2.2135e-05 -0.340632 -1.6057 -0.000213199 -0.00039563 
2.67	36	12.9693 1.60794 0.205164 6.16743 0.112889 6.20562 0.321371 -0.178104 0.0906192 0.466027 -0.680884 0.211751 0.78464 -0.0362547 -1.56861 1.53323 -0.0652172 0.0102709 0.0685159 -0.0842707 -0.000115979 -0.00239533 -0.734164 0.00851519 0.00109604 -0.696685 1.60559 -0.000609153 -0.000821684 0.759228 0.321028 -2.21383e-05 -0.340612 -1.6057 -0.0002132 -0.00039563 
2.68	36	12.9693 1.60794 0.205174 6.16743 0.112901 6.20563 0.321371 -0.178104 0.0906192 0.466027 -0.680807 0.211751 0.78464 -0.0362547 -1.5686 1.53323 -0.0652172 0.0102709 0.068516 -0.0842707 -0.000115979 -0.00239532 -0.73421 0.0085152 0.00109603 -0.696727 1.60559 -0.000609153 -0.000821684 0.759269 0.321039 -2.21415e-05 -0.340591 -1.6057 -0.000213201 -0.00039563 
2.69	36	12.9693 1.60794 0.205184 6.16744 0.112912 6.20564 0.321371 -0.178104 0.0906192 0.466026 -0.680729 0.211751 0.78464 -0.0362546 -1.56858 1.53323 -0.0652173 0.0102708 0.068516 -0.0842706 -0.000115979 -0.00239532 -0.734256 0.0085152 0.00109603 -0.696763 1.60559 -0.000609154 -0.000821684 0.759309 0.32105 -2.21448e-05 -0.34057 -1.6057 -0.000213201 -0.00039563 
2.7	36	12.9693 1.60794 0.205193 6.16744 0.112923 6.20564 0.321371 -0.178104 0.0906192 0.466025 -0.680653 0.211742 0.78464 -0.0362546 -1.56857 1.53323 -0.0652173 0.0102708 0.0685172 -0.0842706 -0.000115979 -0.00239532 -0.734306 0.00851521 0.00109602 -0.696792 1.60559 -0.000609154 -0.000821684 0.759349 0.321057 -2.2148e-05 -0.34055 -1.6057 -0.000213202 -0.00039563 
2.71	36	12.9693 1.60794 0.205204 6.16745 0.11293 6.20565 0.321371 -0.178104 0.0906191 0.466024 -0.68057 0.211738 0.78464 -0.0362546 -1.56855 1.53323 -0.0652173 0.0102708 0.0685178 -0.0842706 -0.000115979 -0.00239531 -0.734352 0.00851521 0.00109602 -0.696823 1.60559 -0.000609155 -0.000821684 0.759387 0.321063 -2.21513e-05 -0.340528 -1.6057 -0.000213203 -0.00039563 
2.72	36	12.9693 1.60794 0.205214 6.16745 0.112936 6.20565 0.321371 -0.178103 0.0906191 0.466022 -0.680491 0.211715 0.78464 -0.0362546 -1.56854 1.53323 -0.0652173 0.0102708 0.0685199 -0.0842706 -0.000115978 -0.00239531 -0.734397 0.00851522 0.00109601 -0.696857 1.60559 -0.000609155 -0.000821684 0.759425 0.321069 -2.21546e-05 -0.340509 -1.6057 -0.000213204 -0.00039563 
2.73	36	12.9694 1.60794 0.205224 6.16745 0.112941 6.20566 0.321371 -0.178103 0.0906191 0.466021 -0.680406 0.211712 0.78464 -0.0362546 -1.56852 1.53323 -0.0652174 0.0102708 0.0685203 -0.0842706 -0.000115978 -0.00239531 -0.734437 0.00851522 0.00109601 -0.696896 1.60559 -0.000609156 -0.000821684 0.759463 0.321077 -2.21578e-05 -0.340489 -1.6057 -0.000213204 -0.00039563 
2.74	36	12.9694 1.60795 0.205234 6.16746 0.112948 6.20566 0.321371 -0.178103 0.0906191 0.46602 -0.680324 0.211711 0.78464 -0.0362544 -1.5685 1.53323 -0.0652174 0.0102708 0.0685207 -0.0842706 -0.000115978 -0.00239531 -0.734477 0.00851523 0.001096 -0.696937 1.60559 -0.000609156 -0.000821684 0.759502 0.32109 -2.21611e-05 -0.340469 -1.6057 -0.000213205 -0.00039563 
2.75	36	12.9694 1.60795 0.205243 6.16745 0.112954 6.20566 0.32131 -0.178156 0.0906103 0.466005 -0.6802 0.211591 0.784655 -0.0362526 -1.56848 1.5332 -0.0652174 0.0102698 0.0685379 -0.0842706 -0.000115978 -0.0023953 -0.734514 0.00851523 0.001096 -0.696982 1.60559 -0.000609157 -0.000821684 0.759539 0.321109 -2.21644e-05 -0.340448 -1.6057 -0.000213206 -0.00039563 
2.76	36	12.9694 1.60795 0.205252 6.16745 0.112959 6.20566 0.32131 -0.178156 0.0906103 0.466005 -0.680122 0.211584 0.784655 -0.0362524 -1.56847 1.5332 -0.0652174 0.0102698 0.068549 -0.0842706 -0.000115978 -0.0023953 -0.734559 0.00851524 0.00109599 -0.697007 1.60559 -0.000609158 -0.000821684 0.759571 0.321127 -2.21676e-05 -0.340426 -1.6057 -0.000213207 -0.000395631 
2.77	36	12.9694 1.60795 0.205262 6.16746 0.112964 6.20566 0.32131 -0.178156 0.0906103 0.466005 -0.680042 0.21158 0.784655 -0.0362524 -1.56845 1.5332 -0.0652175 0.0102698 0.0685564 -0.0842706 -0.000115978 -0.0023953 -0.734603 0.00851524 0.00109599 -0.697038 1.60559 -0.000609158 -0.000821684 0.759608 0.321146 -2.21709e-05 -0.340409 -1.6057 -0.000213207 -0.000395631 
2.78	36	12.9694 1.60795 0.205272 6.16746 0.11297 6.20567 0.32131 -0.178156 0.0906103 0.466005 -0.679964 0.211579 0.784655 -0.0362524 -1.56844 1.5332 -0.0652175 0.0102698 0.0685599 -0.0842706 -0.000115978 -0.0023953 -0.734647 0.00851525 0.00109598 -0.697074 1.60559 -0.000609159 -0.000821684 0.759649 0.321164 -2.21742e-05 -0.340391 -1.6057 -0.000213208 -0.000395631 
2.79	36	12.9694 1.60796 0.205281 6.16746 0.112975 6.20567 0.32131 -0.178156 0.0906102 0.466005 -0.679888 0.211574 0.784655 -0.0362524 -1.56842 1.5332 -0.0652175 0.0102698 0.0685615 -0.0842706 -0.000115978 -0.00239529 -0.734696 0.00851525 0.00109598 -0.697102 1.60559 -0.000609159 -0.000821684 0.75969 0.32118 -2.21774e-05 -0.340371 -1.6057 -0.000213209 -0.000395631 
2.8	36	12.9694 1.60796 0.205291 6.16747 0.112978 6.20567 0.32131 -0.178156 0.0906102 0.466005 -0.67981 0.211569 0.784655 -0.0362524 -1.56841 1.5332 -0.0652175 0.0102698 0.0685623 -0.0842706 -0.000115978 -0.00239529 -0.734741 0.00851526 0.00109597 -0.697137 1.60559 -0.00060916 -0.000821684 0.75973 0.321195 -2.21807e-05 -0.340349 -1.6057 -0.00021321 -0.000395631 
2.81	36	12.9694 1.60796 0.2053 6.16747 0.112983 6.20567 0.32131 -0.178156 0.0906102 0.466004 -0.679734 0.211568 0.784655 -0.0362524 -1.56839 1.5332 -0.0652176 0.0102698 0.0685624 -0.0842705 -0.000115978 -0.00239529 -0.734784 0.00851526 0.00109597 -0.697179 1.60559 -0.00060916 -0.000821684 0.759771 0.321212 -2.21839e-05 -0.340329 -1.6057 -0.00021321 -0.000395631 
2.82	36	12.9694 1.60797 0.205307 6.16747 0.112988 6.20567 0.321266 -0.17822 0.0906413 0.465983 -0.679572 0.209959 0.784675 -0.036236 -1.56836 1.5331 -0.0652176 0.0102698 0.0685769 -0.0842705 -0.000115978 -0.00239528 -0.734816 0.00851526 0.00109596 -0.697237 1.60559 -0.000609161 -0.000821684 0.759817 0.321238 -2.21871e-05 -0.340312 -1.6057 -0.000213211 -0.000395631 
2.83	36	12.9694 1.60798 0.205314 6.16745 0.113003 6.20567 0.321348 -0.178059 0.0906628 0.465796 -0.677956 0.209801 0.784679 -0.0362403 -1.56836 1.53312 -0.0652176 0.0102686 0.0686138 -0.0842705 -0.000115978 -0.00239528 -0.734872 0.00851527 0.00109596 -0.697268 1.60559 -0.000609162 -0.000821684 0.759846 0.321262 -2.21905e-05 -0.340286 -1.6057 -0.000213212 -0.000395631 
2.84	36	12.9695 1.60798 0.205324 6.16745 0.113015 6.20566 0.321348 -0.178059 0.0906627 0.465796 -0.677956 0.2098 0.784679 -0.0362403 -1.56836 1.53312 -0.0652176 0.0102686 0.0686254 -0.0842705 -0.000115978 -0.00239528 -0.734919 0.00851527 0.00109595 -0.697295 1.60559 -0.000609162 -0.000821684 0.759886 0.321295 -2.21938e-05 -0.340267 -1.6057 -0.000213213 -0.000395631 
2.85	36	12.9695 1.60798 0.205333 6.16745 0.113028 6.20565 0.321348 -0.178059 0.0906646 0.465796 -0.677955 0.2098 0.784703 -0.0362403 -1.56836 1.53312 -0.0652216 0.0102956 0.0686314 -0.0842705 -0.000115977 -0.00239528 -0.734962 0.00851528 0.00109595 -0.697333 1.60559 -0.000609163 -0.000821684 0.759929 0.321324 -2.2197e-05 -0.340243 -1.6057 -0.000213213 -0.000395631 
2.86	36	12.9695 1.60799 0.205339 6.16744 0.113039 6.20565 0.321193 -0.178177 0.090639 0.465773 -0.67788 0.209276 0.78472 -0.03624 -1.56834 1.53306 -0.0652216 0.0102955 0.0686561 -0.0842662 -0.000115977 -0.00239527 -0.735013 0.00851575 0.00109594 -0.697377 1.60559 -0.000609163 -0.000821684 0.759963 0.321352 -2.22003e-05 -0.340216 -1.6057 -0.000213214 -0.000395631 
2.87	36	12.9695 1.60799 0.205346 6.16742 0.11305 6.20565 0.321007 -0.178296 0.0905843 0.465752 -0.677821 0.209276 0.784733 -0.03624 -1.56834 1.53308 -0.0652216 0.0102955 0.0686865 -0.0842625 -0.000115977 -0.00239527 -0.735057 0.00851608 0.00109593 -0.697411 1.60559 -0.000609164 -0.000821684 0.759994 0.321387 -2.22035e-05 -0.340186 -1.6057 -0.000213215 -0.000395631 
2.88	36	12.9695 1.608 0.205356 6.16742 0.113065 6.20564 0.321007 -0.178296 0.0905843 0.465752 -0.677821 0.209276 0.784733 -0.03624 -1.56834 1.53308 -0.0652217 0.0102955 0.0686919 -0.0842625 -0.000115977 -0.00239527 -0.735104 0.00851609 0.00109593 -0.697435 1.60559 -0.000609164 -0.000821684 0.760039 0.321412 -2.22067e-05 -0.340169 -1.6057 -0.000213216 -0.000395631 
2.89	36	12.9695 1.608 0.205365 6.16743 0.113079 6.20563 0.321007 -0.178296 0.0905842 0.465752 -0.677821 0.209276 0.784733 -0.03624 -1.56834 1.53308 -0.0652217 0.0102955 0.068692 -0.0842625 -0.000115977 -0.00239527 -0.735149 0.00851609 0.00109592 -0.697466 1.60559 -0.000609165 -0.000821684 0.760084 0.321427 -2.22099e-05 -0.34015 -1.6057 -0.000213216 -0.000395631 
2.9	36	12.9695 1.608 0.205373 6.16743 0.113092 6.20563 0.321007 -0.178296 0.0905842 0.465752 -0.677821 0.209276 0.784733 -0.03624 -1.56833 1.53308 -0.0652217 0.0102955 0.068692 -0.0842625 -0.000115977 -0.00239526 -0.735195 0.0085161 0.00109592 -0.697496 1.60559 -0.000609166 -0.000821684 0.760126 0.321436 -2.22132e-05 -0.34013 -1.6057 -0.000213217 -0.000395631 
2.91	36	12.9695 1.60801 0.205382 6.16743 0.113105 6.20562 0.321007 -0.178296 0.0905842 0.465752 -0.677821 0.209276 0.784733 -0.03624 -1.56833 1.53308 -0.0652217 0.0102955 0.068692 -0.0842625 -0.000115977 -0.00239526 -0.735237 0.0085161 0.00109591 -0.697533 1.60559 -0.000609166 -0.000821684 0.760165 0.321442 -2.22164e-05 -0.340111 -1.6057 -0.000213218 -0.000395631 
2.92	36	12.9695 1.60801 0.20539 6.16743 0.113118 6.20562 0.321007 -0.178296 0.0905842 0.465752 -0.677821 0.209276 0.784733 -0.03624 -1.56833 1.53308 -0.0652217 0.0102955 0.068692 -0.0842625 -0.000115977 -0.00239526 -0.735278 0.00851611 0.00109591 -0.697572 1.60559 -0.000609167 -0.000821684 0.760202 0.321446 -2.22196e-05 -0.340092 -1.6057 -0.000213219 -0.000395631 
2.93	36	12.9695 1.60801 0.205398 6.16743 0.113131 6.20561 0.321007 -0.178296 0.0905842 0.465752 -0.677821 0.209276 0.784733 -0.03624 -1.56832 1.53308 -0.0652218 0.0102955 0.0686921 -0.0842625 -0.000115977 -0.00239525 -0.735321 0.00851611 0.0010959 -0.697607 1.60559 -0.000609167 -0.000821684 0.760237 0.321447 -2.22229e-05 -0.340074 -1.6057 -0.000213219 -0.000395631 
2.94	36	12.9695 1.60801 0.205405 6.16743 0.113143 6.20561 0.321007 -0.178296 0.0905842 0.465752 -0.67782 0.209276 0.784733 -0.03624 -1.56832 1.53308 -0.0652218 0.0102954 0.0686921 -0.0842625 -0.000115977 -0.00239525 -0.735365 0.00851612 0.0010959 -0.697638 1.60559 -0.000609168 -0.000821684 0.76027 0.321447 -2.22261e-05 -0.340057 -1.6057 -0.00021322 -0.000395631 
2.95	36	12.9695 1.60801 0.205412 6.16743 0.113154 6.2056 0.321007 -0.178296 0.0905842 0.465752 -0.677818 0.209276 0.784733 -0.03624 -1.56832 1.53308 -0.0652218 0.0102954 0.0686922 -0.0842625 -0.000115977 -0.00239525 -0.73541 0.00851612 0.00109589 -0.69767 1.60559 -0.000609168 -0.000821684 0.760302 0.321448 -2.22294e-05 -0.340041 -1.6057 -0.000213221 -0.000395631 
2.96	36	12.9696 1.60802 0.205419 6.16743 0.113163 6.2056 0.321007 -0.178296 0.0905842 0.465752 -0.677817 0.209276 0.784733 -0.03624 -1.56832 1.53308 -0.0652218 0.0102954 0.0686922 -0.0842625 -0.000115977 -0.00239525 -0.735454 0.00851613 0.00109589 -0.697702 1.60559 -0.000609169 -0.000821684 0.760332 0.32145 -2.22326e-05 -0.340026 -1.6057 -0.000213222 -0.000395631 
2.97	36	12.9696 1.60802 0.205426 6.16743 0.113174 6.20559 0.321007 -0.178296 0.0905841 0.465752 -0.677816 0.209276 0.784733 -0.03624 -1.56831 1.53308 -0.0652218 0.0102954 0.0686922 -0.0842625 -0.000115977 -0.00239524 -0.735493 0.00851613 0.00109588 -0.697745 1.60559 -0.00060917 -0.000821684 0.760362 0.321454 -2.22359e-05 -0.34001 -1.6057 -0.000213222 -0.000395631 
2.98	36	12.9696 1.60802 0.205432 6.16743 0.113186 6.20559 0.321007 -0.178296 0.0905841 0.465752 -0.677815 0.209276 0.784733 -0.0362399 -1.56831 1.53308 -0.0652219 0.0102954 0.0686923 -0.0842624 -0.000115976 -0.00239524 -0.735532 0.00851614 0.00109588 -0.697784 1.60559 -0.00060917 -0.000821684 0.760392 0.32146 -2.22391e-05 -0.339995 -1.6057 -0.000213223 -0.000395631 
2.99	36	12.9696 1.60802 0.205438 6.16743 0.113198 6.20559 0.321007 -0.178296 0.0905841 0.465752 -0.677812 0.209276 0.784733 -0.0362399 -1.56831 1.53308 -0.0652219 0.0102954 0.0686923 -0.0842624 -0.000115976 -0.00239524 -0.735574 0.00851614 0.00109587 -0.697814 1.60559 -0.000609171 -0.000821684 0.760423 0.321467 -2.22424e-05 -0.33998 -1.6057 -0.000213224 -0.000395631 
3	36	12.9696 1.60802 0.205446 6.16743 0.113205 6.20558 0.321007 -0.178296 0.0905879 0.465752 -0.677798 0.209276 0.78476 -0.0362399 -1.56831 1.53308 -0.0652219 0.0103041 0.0686974 -0.0842624 -0.000115976 -0.00239523 -0.73561 0.00851614 0.00109587 -0.697843 1.60559 -0.000609171 -0.000821684 0.760453 0.321472 -2.22456e-05 -0.339962 -1.6057 -0.000213225 -0.000395631 
3.01	36	12.9696 1.60803 0.205453 6.16743 0.113214 6.20558 0.321008 -0.178296 0.0905879 0.465752 -0.677782 0.209276 0.78476 -0.0362399 -1.5683 1.53308 -0.0652219 0.010304 0.0686975 -0.0842624 -0.000115976 -0.00239523 -0.735649 0.00851615 0.00109586 -0.697872 1.60559 -0.000609172 -0.000821684 0.760484 0.321477 -2.22489e-05 -0.339948 -1.6057 -0.000213225 -0.000395631 
3.02	36	12.9696 1.60803 0.20546 6.16743 0.113223 6.20558 0.321008 -0.178296 0.0905879 0.465752 -0.677767 0.209275 0.78476 -0.0362399 -1.5683 1.53308 -0.0652219 0.010304 0.0686975 -0.0842624 -0.000115976 -0.00239523 -0.73569 0.00851615 0.00109586 -0.697899 1.60559 -0.000609172 -0.000821684 0.760514 0.321486 -2.22522e-05 -0.339933 -1.6057 -0.000213226 -0.000395631 
3.03	36	12.9696 1.60803 0.205465 6.16742 0.113228 6.20557 0.320861 -0.178407 0.0905511 0.465733 -0.677689 0.209041 0.784771 -0.0362387 -1.56829 1.53306 -0.065222 0.0102889 0.0687267 -0.0842588 -0.000115976 -0.00239523 -0.735725 0.00851616 0.00109585 -0.697946 1.60559 -0.000609173 -0.000821684 0.760536 0.321513 -2.22556e-05 -0.339914 -1.6057 -0.000213227 -0.000395631 
3.04	36	12.9696 1.60804 0.205471 6.16742 0.113239 6.20557 0.320861 -0.178407 0.0905511 0.465733 -0.677679 0.209041 0.784771 -0.0362387 -1.56829 1.53306 -0.065222 0.0102889 0.0687336 -0.0842588 -0.000115976 -0.00239522 -0.735764 0.00851616 0.00109585 -0.697976 1.60559 -0.000609174 -0.000821684 0.760568 0.321542 -2.22588e-05 -0.339901 -1.6057 -0.000213228 -0.000395631 
3.05	36	12.9696 1.60804 0.205478 6.16742 0.113251 6.20557 0.320861 -0.178407 0.090551 0.465733 -0.677664 0.209041 0.784771 -0.0362387 -1.56828 1.53306 -0.065222 0.0102889 0.0687341 -0.0842588 -0.000115976 -0.00239522 -0.735805 0.00851617 0.00109584 -0.698003 1.60559 -0.000609174 -0.000821684 0.760606 0.321566 -2.2262e-05 -0.339884 -1.6057 -0.000213229 -0.000395631 
3.06	36	12.9696 1.60804 0.205486 6.16742 0.113257 6.20556 0.320861 -0.178407 0.0905575 0.465733 -0.677635 0.209041 0.784804 -0.0362387 -1.56828 1.53306 -0.0652398 0.010357 0.068741 -0.0842588 -0.000115976 -0.00239522 -0.735834 0.00851617 0.00109583 -0.698037 1.60559 -0.000609175 -0.000821684 0.760642 0.321584 -2.22653e-05 -0.339861 -1.6057 -0.000213229 -0.000395631 
3.07	36	12.9696 1.60805 0.205496 6.16742 0.113265 6.20556 0.320861 -0.178407 0.0905575 0.465733 -0.677589 0.209041 0.784804 -0.0362387 -1.56827 1.53306 -0.0652398 0.0103569 0.0687449 -0.0842588 -0.000115976 -0.00239521 -0.73587 0.00851618 0.00109583 -0.698056 1.60559 -0.000609175 -0.000821684 0.760677 0.321595 -2.22685e-05 -0.339844 -1.6057 -0.00021323 -0.000395631 
3.08	36	12.9696 1.60805 0.205506 6.16742 0.113273 6.20555 0.320861 -0.178407 0.0905575 0.465733 -0.677535 0.209041 0.784804 -0.0362386 -1.56825 1.53306 -0.0652398 0.0103569 0.0687451 -0.0842588 -0.000115976 -0.00239521 -0.735903 0.00851618 0.00109582 -0.698082 1.60559 -0.000609176 -0.000821684 0.760715 0.321601 -2.22717e-05 -0.339826 -1.6057 -0.000213231 -0.000395631 
3.09	36	12.9697 1.60806 0.205517 6.16742 0.113282 6.20554 0.320861 -0.178407 0.0905575 0.465733 -0.677478 0.209041 0.784804 -0.0362386 -1.56824 1.53306 -0.0652398 0.0103569 0.0687451 -0.0842588 -0.000115976 -0.00239521 -0.735933 0.00851619 0.00109582 -0.698119 1.60559 -0.000609176 -0.000821684 0.760754 0.321609 -2.2275e-05 -0.339807 -1.6057 -0.000213232 -0.000395631 
3.1	36	12.9697 1.60807 0.205528 6.16742 0.113293 6.20554 0.320861 -0.178407 0.0905574 0.465733 -0.677415 0.209041 0.784804 -0.0362386 -1.56822 1.53306 -0.0652398 0.0103569 0.0687452 -0.0842587 -0.000115976 -0.00239521 -0.735967 0.00851619 0.00109581 -0.698151 1.60559 -0.000609177 -0.000821684 0.760793 0.321618 -2.22782e-05 -0.339786 -1.6057 -0.000213232 -0.000395631 
3.11	36	12.9697 1.60807 0.20554 6.16742 0.113301 6.20553 0.320861 -0.178407 0.0905574 0.465733 -0.677344 0.209041 0.784804 -0.0362386 -1.5682 1.53306 -0.0652399 0.0103568 0.0687452 -0.0842587 -0.000115975 -0.0023952 -0.736008 0.0085162 0.00109581 -0.698171 1.60559 -0.000609178 -0.000821683 0.76083 0.321626 -2.22815e-05 -0.339766 -1.6057 -0.000213233 -0.000395631 
3.12	36	12.9697 1.60808 0.205552 6.16743 0.11331 6.20552 0.320861 -0.178407 0.0905574 0.465733 -0.677272 0.209041 0.784804 -0.0362386 -1.56819 1.53306 -0.0652399 0.0103568 0.0687453 -0.0842587 -0.000115975 -0.0023952 -0.736047 0.0085162 0.0010958 -0.698202 1.60559 -0.000609178 -0.000821683 0.760868 0.321633 -2.22848e-05 -0.339746 -1.6057 -0.000213234 -0.000395631 
3.13	36	12.9697 1.60809 0.20556 6.1674 0.11331 6.20552 0.320516 -0.178643 0.0904849 0.465685 -0.677051 0.208525 0.784836 -0.0362383 -1.56816 1.53301 -0.0652399 0.0103568 0.0687906 -0.0842504 -0.000115975 -0.0023952 -0.736088 0.00851628 0.0010958 -0.698248 1.60559 -0.000609179 -0.000821683 0.760893 0.321663 -2.22882e-05 -0.339727 -1.6057 -0.000213235 -0.000395632 
3.14	36	12.9697 1.6081 0.205571 6.1674 0.11332 6.20551 0.32054 -0.178641 0.0904853 0.465685 -0.676991 0.208525 0.784836 -0.0362383 -1.56814 1.53301 -0.0652399 0.0103568 0.0688094 -0.0842504 -0.000115975 -0.00239519 -0.736129 0.00851628 0.00109579 -0.698277 1.60559 -0.000609179 -0.000821683 0.760919 0.321707 -2.22914e-05 -0.339708 -1.6057 -0.000213235 -0.000395632 
3.15	36	12.9697 1.60811 0.205582 6.1674 0.113329 6.20551 0.32054 -0.178641 0.0904853 0.465685 -0.676928 0.208525 0.784836 -0.0362383 -1.56813 1.53301 -0.0652399 0.0103568 0.0688166 -0.0842504 -0.000115975 -0.00239519 -0.73618 0.00851629 0.00109579 -0.698297 1.60559 -0.00060918 -0.000821683 0.760958 0.321741 -2.22946e-05 -0.339694 -1.6057 -0.000213236 -0.000395632 
3.16	36	12.9697 1.60811 0.205593 6.1674 0.113337 6.2055 0.32054 -0.178641 0.0904853 0.465685 -0.676866 0.208525 0.784836 -0.0362382 -1.56811 1.53301 -0.0652399 0.0103568 0.0688171 -0.0842504 -0.000115975 -0.00239519 -0.736229 0.00851629 0.00109578 -0.698328 1.60559 -0.00060918 -0.000821683 0.760998 0.321765 -2.22979e-05 -0.339675 -1.6057 -0.000213237 -0.000395632 
3.17	36	12.9697 1.60812 0.205604 6.1674 0.113345 6.20549 0.32054 -0.178641 0.0904853 0.465685 -0.676805 0.208525 0.784836 -0.0362382 -1.56809 1.53301 -0.06524 0.0103567 0.0688171 -0.0842504 -0.000115975 -0.00239519 -0.736277 0.0085163 0.00109577 -0.698368 1.60559 -0.000609181 -0.000821683 0.761037 0.321785 -2.23011e-05 -0.339655 -1.6057 -0.000213238 -0.000395632 
3.18	36	12.9698 1.60812 0.205614 6.16741 0.113354 6.20549 0.32054 -0.178641 0.0904853 0.465685 -0.676743 0.208525 0.784836 -0.0362382 -1.56808 1.53301 -0.06524 0.0103567 0.0688171 -0.0842504 -0.000115975 -0.00239518 -0.736325 0.0085163 0.00109577 -0.698406 1.60559 -0.000609182 -0.000821683 0.761075 0.321801 -2.23043e-05 -0.339635 -1.6057 -0.000213238 -0.000395632 
3.19	36	12.9698 1.60813 0.205625 6.16741 0.11336 6.20548 0.32054 -0.178641 0.0904853 0.465685 -0.67668 0.208525 0.784836 -0.0362382 -1.56806 1.53301 -0.06524 0.0103567 0.0688172 -0.0842504 -0.000115975 -0.00239518 -0.736374 0.00851631 0.00109576 -0.698441 1.60559 -0.000609182 -0.000821683 0.761111 0.321811 -2.23075e-05 -0.339615 -1.6057 -0.000213239 -0.000395632 
3.2	36	12.9698 1.60814 0.205635 6.16741 0.113368 6.20548 0.32054 -0.178641 0.0904853 0.465685 -0.676622 0.208525 0.784836 -0.0362382 -1.56805 1.53301 -0.06524 0.0103567 0.0688172 -0.0842504 -0.000115975 -0.00239518 -0.736419 0.00851631 0.00109576 -0.698482 1.60559 -0.000609183 -0.000821683 0.761146 0.321818 -2.23107e-05 -0.339596 -1.6057 -0.00021324 -0.000395632 
3.21	36	12.9698 1.60814 0.205646 6.16741 0.113377 6.20547 0.32054 -0.178641 0.0904853 0.465685 -0.676563 0.208525 0.784836 -0.0362382 -1.56803 1.53301 -0.06524 0.0103567 0.0688172 -0.0842504 -0.000115975 -0.00239517 -0.736463 0.00851632 0.00109575 -0.698522 1.60559 -0.000609183 -0.000821683 0.76118 0.321822 -2.2314e-05 -0.339577 -1.6057 -0.000213241 -0.000395632 
3.22	36	12.9698 1.60815 0.205656 6.16741 0.113385 6.20547 0.32054 -0.178641 0.0904853 0.465685 -0.676502 0.208525 0.784836 -0.0362382 -1.56802 1.53301 -0.06524 0.0103567 0.0688172 -0.0842504 -0.000115975 -0.00239517 -0.736506 0.00851632 0.00109575 -0.698558 1.60559 -0.000609184 -0.000821683 0.761214 0.321823 -2.23172e-05 -0.339559 -1.6057 -0.000213241 -0.000395632 
3.23	36	12.9698 1.60815 0.205667 6.16741 0.113394 6.20546 0.32054 -0.178641 0.0904852 0.465685 -0.676438 0.208525 0.784836 -0.0362382 -1.568 1.53301 -0.0652401 0.0103566 0.0688173 -0.0842504 -0.000115974 -0.00239517 -0.736548 0.00851633 0.00109574 -0.698592 1.60559 -0.000609184 -0.000821683 0.761246 0.321823 -2.23204e-05 -0.339541 -1.6057 -0.000213242 -0.000395632 
3.24	36	12.9698 1.60816 0.205678 6.16742 0.113403 6.20545 0.32054 -0.178641 0.0904852 0.465685 -0.676371 0.208525 0.784836 -0.0362382 -1.56798 1.53301 -0.0652401 0.0103566 0.0688173 -0.0842503 -0.000115974 -0.00239517 -0.736588 0.00851633 0.00109574 -0.698625 1.60559 -0.000609185 -0.000821683 0.761278 0.321824 -2.23237e-05 -0.339524 -1.6057 -0.000213243 -0.000395632 
3.25	36	12.9698 1.60817 0.205689 6.16742 0.113411 6.20545 0.32054 -0.178641 0.0904852 0.465685 -0.676302 0.208525 0.784836 -0.0362382 -1.56797 1.53301 -0.0652401 0.0103566 0.0688173 -0.0842503 -0.000115974 -0.00239516 -0.736626 0.00851634 0.00109573 -0.698656 1.60559 -0.000609186 -0.000821683 0.761308 0.321824 -2.23269e-05 -0.339508 -1.6057 -0.000213244 -0.000395632 
3.26	36	12.9698 1.60817 0.2057 6.16742 0.11342 6.20544 0.32054 -0.178641 0.0904852 0.465685 -0.676232 0.208525 0.784836 -0.0362382 -1.56795 1.53301 -0.0652401 0.0103566 0.0688174 -0.0842503 -0.000115974 -0.00239516 -0.736663 0.00851634 0.00109572 -0.698687 1.60559 -0.000609186 -0.000821683 0.761338 0.321825 -2.23302e-05 -0.339492 -1.6057 -0.000213244 -0.000395632 
3.27	36	12.9699 1.60818 0.205711 6.16742 0.113428 6.20544 0.32054 -0.178641 0.0904852 0.465685 -0.67616 0.208525 0.784836 -0.0362382 -1.56793 1.53301 -0.0652401 0.0103566 0.0688174 -0.0842503 -0.000115974 -0.00239516 -0.736699 0.00851634 0.00109572 -0.698716 1.60559 -0.000609187 -0.000821683 0.761368 0.321827 -2.23334e-05 -0.339477 -1.6057 -0.000213245 -0.000395632 
3.28	36	12.9699 1.60818 0.205722 6.16742 0.113437 6.20543 0.32054 -0.178641 0.0904852 0.465685 -0.676087 0.208525 0.784836 -0.0362381 -1.56792 1.53301 -0.0652401 0.0103566 0.0688174 -0.0842503 -0.000115974 -0.00239515 -0.736734 0.00851635 0.00109571 -0.698745 1.60559 -0.000609187 -0.000821683 0.761398 0.321831 -2.23367e-05 -0.339461 -1.6057 -0.000213246 -0.000395632 
3.29	36	12.9699 1.60819 0.205733 6.16743 0.113445 6.20543 0.32054 -0.178641 0.0904852 0.465685 -0.676014 0.208525 0.784836 -0.0362381 -1.5679 1.53301 -0.0652402 0.0103565 0.0688175 -0.0842503 -0.000115974 -0.00239515 -0.736768 0.00851635 0.00109571 -0.698773 1.60559 -0.000609188 -0.000821683 0.761427 0.321838 -2.234e-05 -0.339446 -1.6057 -0.000213247 -0.000395632 
3.3	36	12.9699 1.6082 0.205744 6.16743 0.113453 6.20542 0.32054 -0.178641 0.0904852 0.465685 -0.675941 0.208524 0.784836 -0.0362381 -1.56788 1.53301 -0.0652402 0.0103565 0.0688175 -0.0842503 -0.000115974 -0.00239515 -0.736803 0.00851636 0.0010957 -0.698801 1.60559 -0.000609188 -0.000821683 0.761456 0.321847 -2.23432e-05 -0.339431 -1.6057 -0.000213247 -0.000395632 
3.31	36	12.9699 1.6082 0.205754 6.16743 0.113461 6.20542 0.32054 -0.178641 0.0904852 0.465684 -0.675869 0.208524 0.784836 -0.0362381 -1.56786 1.53301 -0.0652402 0.0103565 0.0688175 -0.0842503 -0.000115974 -0.00239515 -0.736837 0.00851636 0.0010957 -0.698829 1.60559 -0.000609189 -0.000821683 0.761486 0.321859 -2.23465e-05 -0.339416 -1.6057 -0.000213248 -0.000395632 
3.32	36	12.9699 1.60821 0.205765 6.16743 0.113468 6.20542 0.32054 -0.178641 0.0904852 0.465684 -0.675796 0.208524 0.784836 -0.0362381 -1.56785 1.53301 -0.0652402 0.0103565 0.0688176 -0.0842503 -0.000115974 -0.00239514 -0.736872 0.00851637 0.00109569 -0.698857 1.60559 -0.00060919 -0.000821683 0.761515 0.321873 -2.23498e-05 -0.339401 -1.6057 -0.000213249 -0.000395632 
3.33	36	12.9699 1.60821 0.205775 6.16743 0.113476 6.20541 0.32054 -0.178641 0.0904852 0.465684 -0.675725 0.208524 0.784836 -0.0362381 -1.56783 1.53301 -0.0652402 0.0103565 0.0688178 -0.0842503 -0.000115974 -0.00239514 -0.736907 0.00851637 0.00109569 -0.698885 1.60559 -0.00060919 -0.000821683 0.761545 0.321889 -2.2353e-05 -0.339385 -1.6057 -0.00021325 -0.000395632 
3.34	36	12.9699 1.60822 0.205785 6.16744 0.113483 6.20541 0.32054 -0.178641 0.0904852 0.465684 -0.675654 0.208524 0.784836 -0.0362381 -1.56781 1.53301 -0.0652402 0.0103565 0.0688184 -0.0842503 -0.000115974 -0.00239514 -0.736943 0.00851638 0.00109568 -0.698914 1.60559 -0.000609191 -0.000821683 0.761575 0.321907 -2.23563e-05 -0.339369 -1.6057 -0.00021325 -0.000395632 
3.35	36	12.9699 1.60823 0.205795 6.16744 0.11349 6.2054 0.32054 -0.178641 0.0904851 0.465684 -0.675584 0.208524 0.784836 -0.0362381 -1.56779 1.53301 -0.0652402 0.0103564 0.0688197 -0.0842503 -0.000115974 -0.00239513 -0.736978 0.00851638 0.00109567 -0.698943 1.60559 -0.000609191 -0.000821683 0.761604 0.321926 -2.23595e-05 -0.339354 -1.6057 -0.000213251 -0.000395632 
3.36	36	12.9699 1.60823 0.205805 6.16744 0.113497 6.2054 0.32054 -0.178641 0.0904851 0.465684 -0.675515 0.208524 0.784836 -0.0362381 -1.56778 1.53301 -0.0652402 0.0103564 0.0688216 -0.0842502 -0.000115973 -0.00239513 -0.737014 0.00851639 0.00109567 -0.698972 1.60559 -0.000609192 -0.000821683 0.761634 0.321946 -2.23628e-05 -0.339338 -1.6057 -0.000213252 -0.000395632 
3.37	36	12.97 1.60824 0.205815 6.16744 0.113503 6.20539 0.32054 -0.178641 0.0904851 0.465684 -0.675446 0.208524 0.784836 -0.0362381 -1.56776 1.53301 -0.0652403 0.0103564 0.0688242 -0.0842502 -0.000115973 -0.00239513 -0.73705 0.00851639 0.00109566 -0.699001 1.60559 -0.000609192 -0.000821683 0.761664 0.321966 -2.2366e-05 -0.339322 -1.6057 -0.000213253 -0.000395632 
3.38	36	12.97 1.60824 0.205824 6.16744 0.11351 6.20539 0.32054 -0.178641 0.0904851 0.465684 -0.675378 0.208524 0.784836 -0.0362381 -1.56775 1.53301 -0.0652403 0.0103564 0.0688275 -0.0842502 -0.000115973 -0.00239513 -0.737087 0.0085164 0.00109566 -0.699031 1.60559 -0.000609193 -0.000821683 0.761694 0.321986 -2.23692e-05 -0.339306 -1.6057 -0.000213253 -0.000395632 
3.39	36	12.97 1.60825 0.205833 6.16745 0.113516 6.20539 0.32054 -0.178641 0.0904851 0.465684 -0.67531 0.208524 0.784836 -0.0362381 -1.56773 1.53301 -0.0652403 0.0103564 0.0688316 -0.0842502 -0.000115973 -0.00239512 -0.737124 0.0085164 0.00109565 -0.699061 1.60559 -0.000609194 -0.000821683 0.761724 0.322005 -2.23725e-05 -0.33929 -1.6057 -0.000213254 -0.000395632 
3.4	36	12.97 1.60825 0.205843 6.16745 0.113522 6.20538 0.32054 -0.178641 0.0904851 0.465684 -0.675243 0.208524 0.784836 -0.0362381 -1.56771 1.53301 -0.0652403 0.0103564 0.0688362 -0.0842502 -0.000115973 -0.00239512 -0.737161 0.00851641 0.00109565 -0.699091 1.60559 -0.000609194 -0.000821683 0.761754 0.322023 -2.23757e-05 -0.339274 -1.6057 -0.000213255 -0.000395632 
3.41	36	12.97 1.60826 0.205852 6.16745 0.113528 6.20538 0.32054 -0.178641 0.0904851 0.465684 -0.675176 0.208524 0.784836 -0.0362381 -1.5677 1.53301 -0.0652403 0.0103563 0.0688414 -0.0842502 -0.000115973 -0.00239512 -0.737198 0.00851641 0.00109564 -0.69912 1.60559 -0.000609195 -0.000821683 0.761785 0.322039 -2.23789e-05 -0.339257 -1.6057 -0.000213256 -0.000395632 
3.42	36	12.97 1.60826 0.205861 6.16745 0.113534 6.20538 0.32054 -0.178641 0.0904851 0.465684 -0.67511 0.208524 0.784836 -0.0362381 -1.56768 1.53301 -0.0652403 0.0103563 0.068847 -0.0842502 -0.000115973 -0.00239511 -0.737235 0.00851641 0.00109563 -0.69915 1.60559 -0.000609195 -0.000821683 0.761815 0.322054 -2.23822e-05 -0.339241 -1.6057 -0.000213256 -0.000395632 
3.43	36	12.97 1.60827 0.20587 6.16745 0.113539 6.20537 0.32054 -0.178641 0.0904851 0.465684 -0.675044 0.208524 0.784836 -0.036238 -1.56767 1.53301 -0.0652403 0.0103563 0.0688531 -0.0842502 -0.000115973 -0.00239511 -0.737272 0.00851642 0.00109563 -0.69918 1.60559 -0.000609196 -0.000821683 0.761846 0.322067 -2.23854e-05 -0.339224 -1.6057 -0.000213257 -0.000395632 
3.44	36	12.97 1.60827 0.205879 6.16746 0.113545 6.20537 0.32054 -0.178641 0.0904851 0.465684 -0.674978 0.208524 0.784836 -0.036238 -1.56765 1.53301 -0.0652403 0.0103563 0.0688594 -0.0842502 -0.000115973 -0.00239511 -0.737309 0.00851642 0.00109562 -0.69921 1.60559 -0.000609196 -0.000821683 0.761878 0.322079 -2.23886e-05 -0.339207 -1.6057 -0.000213258 -0.000395632 
3.45	36	12.97 1.60828 0.205887 6.16746 0.11355 6.20537 0.32054 -0.178641 0.090485 0.465684 -0.674912 0.208524 0.784836 -0.036238 -1.56764 1.53301 -0.0652404 0.0103563 0.0688661 -0.0842502 -0.000115973 -0.00239511 -0.737346 0.00851643 0.00109562 -0.69924 1.60559 -0.000609197 -0.000821683 0.761909 0.322089 -2.23919e-05 -0.33919 -1.6057 -0.000213259 -0.000395632 
3.46	36	12.97 1.60828 0.205896 6.16746 0.113556 6.20536 0.32054 -0.178641 0.090485 0.465684 -0.674846 0.208524 0.784836 -0.036238 -1.56762 1.53301 -0.0652404 0.0103563 0.068873 -0.0842502 -0.000115973 -0.0023951 -0.737383 0.00851643 0.00109561 -0.699269 1.60559 -0.000609198 -0.000821683 0.761941 0.322097 -2.23951e-05 -0.339173 -1.6057 -0.000213259 -0.000395632 
3.47	36	12.97 1.60829 0.205904 6.16746 0.113561 6.20536 0.32054 -0.178641 0.090485 0.465684 -0.674781 0.208524 0.784836 -0.036238 -1.56761 1.53301 -0.0652404 0.0103562 0.06888 -0.0842501 -0.000115973 -0.0023951 -0.737419 0.00851644 0.00109561 -0.699299 1.60559 -0.000609198 -0.000821683 0.761973 0.322105 -2.23983e-05 -0.339156 -1.6057 -0.00021326 -0.000395632 
3.48	36	12.9701 1.60829 0.205913 6.16746 0.113566 6.20535 0.32054 -0.178641 0.090485 0.465684 -0.674716 0.208524 0.784836 -0.036238 -1.56759 1.53301 -0.0652404 0.0103562 0.0688872 -0.0842501 -0.000115973 -0.0023951 -0.737455 0.00851644 0.0010956 -0.699328 1.60559 -0.000609199 -0.000821683 0.762005 0.322112 -2.24016e-05 -0.339139 -1.6057 -0.000213261 -0.000395632 
3.49	36	12.9701 1.6083 0.205921 6.16746 0.113571 6.20535 0.32054 -0.178641 0.090485 0.465684 -0.67465 0.208524 0.784836 -0.036238 -1.56758 1.53301 -0.0652404 0.0103562 0.0688944 -0.0842501 -0.000115972 -0.00239509 -0.737491 0.00851645 0.00109559 -0.699357 1.60559 -0.000609199 -0.000821683 0.762037 0.322118 -2.24048e-05 -0.339121 -1.6057 -0.000213262 -0.000395632 
3.5	36	12.9701 1.6083 0.20593 6.16747 0.113575 6.20535 0.320541 -0.178641 0.090485 0.465684 -0.674586 0.208524 0.784836 -0.036238 -1.56756 1.53301 -0.0652404 0.0103562 0.0689015 -0.0842501 -0.000115972 -0.00239509 -0.737527 0.00851645 0.00109559 -0.699386 1.60559 -0.0006092 -0.000821683 0.762069 0.322125 -2.24081e-05 -0.339104 -1.6057 -0.000213262 -0.000395632 
3.51	36	12.9701 1.60831 0.205938 6.16747 0.11358 6.20534 0.320541 -0.178641 0.090485 0.465684 -0.674521 0.208524 0.784836 -0.036238 -1.56755 1.53301 -0.0652404 0.0103562 0.0689085 -0.0842501 -0.000115972 -0.00239509 -0.737563 0.00851646 0.00109558 -0.699415 1.60559 -0.0006092 -0.000821683 0.762101 0.322131 -2.24113e-05 -0.339087 -1.6057 -0.000213263 -0.000395632 
3.52	36	12.9701 1.60831 0.205946 6.16747 0.113585 6.20534 0.320541 -0.178641 0.090485 0.465684 -0.674456 0.208524 0.784836 -0.036238 -1.56753 1.53301 -0.0652404 0.0103562 0.0689154 -0.0842501 -0.000115972 -0.00239509 -0.737598 0.00851646 0.00109558 -0.699443 1.60559 -0.000609201 -0.000821683 0.762133 0.322138 -2.24145e-05 -0.33907 -1.6057 -0.000213264 -0.000395633 
3.53	36	12.9701 1.60832 0.205954 6.16747 0.113589 6.20534 0.320541 -0.178641 0.090485 0.465684 -0.674392 0.208524 0.784836 -0.036238 -1.56752 1.53301 -0.0652404 0.0103561 0.068922 -0.0842501 -0.000115972 -0.00239508 -0.737633 0.00851647 0.00109557 -0.699472 1.60559 -0.000609202 -0.000821683 0.762164 0.322146 -2.24178e-05 -0.339052 -1.6057 -0.000213265 -0.000395633 
3.54	36	12.9701 1.60832 0.205962 6.16747 0.113594 6.20534 0.320541 -0.178641 0.090485 0.465684 -0.674327 0.208524 0.784836 -0.036238 -1.5675 1.53301 -0.0652405 0.0103561 0.0689283 -0.0842501 -0.000115972 -0.00239508 -0.737668 0.00851647 0.00109556 -0.6995 1.60559 -0.000609202 -0.000821683 0.762195 0.322154 -2.2421e-05 -0.339035 -1.6057 -0.000213265 -0.000395633 
3.55	36	12.9701 1.60833 0.205971 6.16747 0.113598 6.20533 0.320541 -0.178641 0.0904849 0.465684 -0.674263 0.208524 0.784836 -0.036238 -1.56749 1.53301 -0.0652405 0.0103561 0.0689342 -0.0842501 -0.000115972 -0.00239508 -0.737702 0.00851647 0.00109556 -0.699528 1.60559 -0.000609203 -0.000821683 0.762226 0.322162 -2.24243e-05 -0.339018 -1.6057 -0.000213266 -0.000395633 
3.56	36	12.9701 1.60833 0.205978 6.16748 0.113602 6.20533 0.320541 -0.178641 0.0904849 0.465684 -0.674199 0.208524 0.784836 -0.0362379 -1.56747 1.53301 -0.0652405 0.0103561 0.0689398 -0.0842501 -0.000115972 -0.00239507 -0.737737 0.00851648 0.00109555 -0.699556 1.60559 -0.000609203 -0.000821683 0.762257 0.322172 -2.24275e-05 -0.339002 -1.6057 -0.000213267 -0.000395633 
3.57	36	12.9701 1.60834 0.205986 6.16748 0.113607 6.20533 0.320541 -0.178641 0.0904849 0.465684 -0.674135 0.208524 0.784836 -0.0362379 -1.56746 1.53301 -0.0652405 0.0103561 0.0689449 -0.0842501 -0.000115972 -0.00239507 -0.737771 0.00851648 0.00109555 -0.699584 1.60559 -0.000609204 -0.000821683 0.762287 0.322182 -2.24308e-05 -0.338985 -1.6057 -0.000213268 -0.000395633 
3.58	36	12.9701 1.60834 0.205994 6.16748 0.113611 6.20532 0.320541 -0.178641 0.0904849 0.465684 -0.674072 0.208524 0.784836 -0.0362379 -1.56744 1.53301 -0.0652405 0.010356 0.0689495 -0.0842501 -0.000115972 -0.00239507 -0.737805 0.00851649 0.00109554 -0.699612 1.60559 -0.000609204 -0.000821683 0.762317 0.322193 -2.2434e-05 -0.338968 -1.6057 -0.000213268 -0.000395633 
3.59	36	12.9701 1.60835 0.206002 6.16748 0.113615 6.20532 0.320541 -0.178641 0.0904849 0.465684 -0.674008 0.208524 0.784836 -0.0362379 -1.56743 1.53301 -0.0652405 0.010356 0.0689538 -0.08425 -0.000115972 -0.00239506 -0.737839 0.00851649 0.00109554 -0.69964 1.60559 -0.000609205 -0.000821683 0.762347 0.322204 -2.24373e-05 -0.338952 -1.6057 -0.000213269 -0.000395633 
3.6	36	12.9702 1.60835 0.20601 6.16748 0.113619 6.20532 0.320541 -0.178641 0.0904849 0.465684 -0.673944 0.208524 0.784836 -0.0362379 -1.56741 1.53301 -0.0652405 0.010356 0.0689576 -0.08425 -0.000115972 -0.00239506 -0.737873 0.0085165 0.00109553 -0.699667 1.60559 -0.000609206 -0.000821683 0.762376 0.322217 -2.24405e-05 -0.338936 -1.6057 -0.00021327 -0.000395633 
3.61	36	12.9702 1.60836 0.206018 6.16748 0.113623 6.20531 0.320541 -0.178641 0.0904849 0.465684 -0.673881 0.208524 0.784836 -0.0362379 -1.5674 1.53301 -0.0652405 0.010356 0.0689611 -0.08425 -0.000115972 -0.00239506 -0.737906 0.0085165 0.00109552 -0.699695 1.60559 -0.000609206 -0.000821683 0.762404 0.322229 -2.24438e-05 -0.33892 -1.6057 -0.000213271 -0.000395633 
3.62	36	12.9702 1.60836 0.206025 6.16749 0.113627 6.20531 0.320541 -0.178641 0.0904849 0.465684 -0.673818 0.208524 0.784836 -0.0362379 -1.56738 1.53301 -0.0652405 0.010356 0.0689644 -0.08425 -0.000115971 -0.00239506 -0.73794 0.00851651 0.00109552 -0.699722 1.60559 -0.000609207 -0.000821683 0.762433 0.322242 -2.2447e-05 -0.338905 -1.6057 -0.000213271 -0.000395633 
3.63	36	12.9702 1.60837 0.206033 6.16749 0.113631 6.20531 0.320541 -0.178641 0.0904849 0.465684 -0.673754 0.208524 0.784836 -0.0362379 -1.56737 1.53301 -0.0652405 0.010356 0.0689674 -0.08425 -0.000115971 -0.00239505 -0.737973 0.00851651 0.00109551 -0.69975 1.60559 -0.000609207 -0.000821683 0.762461 0.322255 -2.24503e-05 -0.338889 -1.6057 -0.000213272 -0.000395633 
3.64	36	12.9702 1.60837 0.206041 6.16749 0.113634 6.20531 0.320541 -0.178641 0.0904849 0.465684 -0.673691 0.208524 0.784836 -0.0362379 -1.56736 1.53301 -0.0652406 0.0103559 0.0689703 -0.08425 -0.000115971 -0.00239505 -0.738006 0.00851651 0.00109551 -0.699777 1.60559 -0.000609208 -0.000821683 0.762488 0.322269 -2.24535e-05 -0.338874 -1.6057 -0.000213273 -0.000395633 
3.65	36	12.9702 1.60838 0.206048 6.16749 0.113638 6.2053 0.320541 -0.178641 0.0904848 0.465684 -0.673628 0.208524 0.784836 -0.0362379 -1.56734 1.53301 -0.0652406 0.0103559 0.0689732 -0.08425 -0.000115971 -0.00239505 -0.738039 0.00851652 0.0010955 -0.699805 1.60559 -0.000609208 -0.000821683 0.762516 0.322282 -2.24568e-05 -0.338859 -1.6057 -0.000213274 -0.000395633 
3.66	36	12.9702 1.60838 0.206056 6.16749 0.113642 6.2053 0.320541 -0.178641 0.0904848 0.465684 -0.673565 0.208524 0.784836 -0.0362379 -1.56733 1.53301 -0.0652406 0.0103559 0.068976 -0.08425 -0.000115971 -0.00239504 -0.738072 0.00851652 0.00109549 -0.699832 1.60559 -0.000609209 -0.000821683 0.762542 0.322295 -2.246e-05 -0.338845 -1.6057 -0.000213274 -0.000395633 
3.67	36	12.9702 1.60838 0.206063 6.16749 0.113645 6.2053 0.320541 -0.178641 0.0904848 0.465684 -0.673503 0.208524 0.784836 -0.0362379 -1.56731 1.53301 -0.0652406 0.0103559 0.068979 -0.08425 -0.000115971 -0.00239504 -0.738105 0.00851653 0.00109549 -0.699859 1.60559 -0.00060921 -0.000821683 0.762569 0.322308 -2.24632e-05 -0.33883 -1.6057 -0.000213275 -0.000395633 
3.68	36	12.9702 1.60839 0.206071 6.1675 0.113649 6.20529 0.320541 -0.178641 0.0904848 0.465684 -0.67344 0.208524 0.784836 -0.0362379 -1.5673 1.53301 -0.0652406 0.0103559 0.0689821 -0.08425 -0.000115971 -0.00239504 -0.738138 0.00851653 0.00109548 -0.699886 1.60559 -0.00060921 -0.000821683 0.762596 0.322321 -2.24665e-05 -0.338816 -1.6057 -0.000213276 -0.000395633 
3.69	36	12.9702 1.60839 0.206078 6.1675 0.113652 6.20529 0.320541 -0.178641 0.0904848 0.465684 -0.673378 0.208524 0.784836 -0.0362378 -1.56729 1.53301 -0.0652406 0.0103559 0.0689854 -0.08425 -0.000115971 -0.00239504 -0.738171 0.00851654 0.00109548 -0.699913 1.60559 -0.000609211 -0.000821683 0.762622 0.322334 -2.24697e-05 -0.338802 -1.6057 -0.000213277 -0.000395633 
3.7	36	12.9702 1.6084 0.206085 6.1675 0.113656 6.20529 0.320541 -0.178641 0.0904848 0.465684 -0.673316 0.208524 0.784836 -0.0362378 -1.56727 1.53301 -0.0652406 0.0103558 0.0689889 -0.08425 -0.000115971 -0.00239503 -0.738203 0.00851654 0.00109547 -0.69994 1.60559 -0.000609211 -0.000821683 0.762648 0.322346 -2.24729e-05 -0.338787 -1.6057 -0.000213277 -0.000395633 
3.71	36	12.9702 1.6084 0.206093 6.1675 0.113659 6.20529 0.320541 -0.178641 0.0904848 0.465684 -0.673254 0.208524 0.784836 -0.0362378 -1.56726 1.53301 -0.0652406 0.0103558 0.0689927 -0.0842499 -0.000115971 -0.00239503 -0.738236 0.00851655 0.00109546 -0.699967 1.60559 -0.000609212 -0.000821682 0.762675 0.322358 -2.24762e-05 -0.338773 -1.6057 -0.000213278 -0.000395633 
3.72	36	12.9702 1.60841 0.2061 6.1675 0.113662 6.20528 0.320541 -0.178641 0.0904848 0.465684 -0.673193 0.208524 0.784836 -0.0362378 -1.56724 1.53301 -0.0652406 0.0103558 0.0689967 -0.0842499 -0.000115971 -0.00239503 -0.738269 0.00851655 0.00109546 -0.699994 1.60559 -0.000609213 -0.000821682 0.762701 0.322369 -2.24794e-05 -0.338759 -1.6057 -0.000213279 -0.000395633 
3.73	36	12.9703 1.60841 0.206107 6.1675 0.113666 6.20528 0.320541 -0.178641 0.0904848 0.465684 -0.673131 0.208524 0.784836 -0.0362378 -1.56723 1.53301 -0.0652406 0.0103558 0.069001 -0.0842499 -0.000115971 -0.00239502 -0.738301 0.00851656 0.00109545 -0.700021 1.60559 -0.000609213 -0.000821682 0.762728 0.32238 -2.24827e-05 -0.338745 -1.6057 -0.00021328 -0.000395633 
3.74	36	12.9703 1.60842 0.206114 6.16751 0.113669 6.20528 0.320541 -0.178641 0.0904848 0.465684 -0.67307 0.208524 0.784836 -0.0362378 -1.56722 1.53301 -0.0652406 0.0103558 0.0690056 -0.0842499 -0.000115971 -0.00239502 -0.738334 0.00851656 0.00109545 -0.700047 1.60559 -0.000609214 -0.000821682 0.762755 0.322391 -2.24859e-05 -0.33873 -1.6057 -0.00021328 -0.000395633 
3.75	36	12.9703 1.60842 0.206121 6.16751 0.113672 6.20528 0.320541 -0.178641 0.0904847 0.465684 -0.673009 0.208524 0.784836 -0.0362378 -1.5672 1.53301 -0.0652406 0.0103557 0.0690103 -0.0842499 -0.00011597 -0.00239502 -0.738366 0.00851656 0.00109544 -0.700074 1.60559 -0.000609214 -0.000821682 0.762782 0.322401 -2.24891e-05 -0.338716 -1.6057 -0.000213281 -0.000395633 
3.76	36	12.9703 1.60842 0.206128 6.16751 0.113675 6.20527 0.320541 -0.178641 0.0904847 0.465684 -0.672948 0.208523 0.784836 -0.0362378 -1.56719 1.53301 -0.0652406 0.0103557 0.0690153 -0.0842499 -0.00011597 -0.00239501 -0.738398 0.00851657 0.00109543 -0.7001 1.60559 -0.000609215 -0.000821682 0.762809 0.322411 -2.24924e-05 -0.338701 -1.6057 -0.000213282 -0.000395633 
3.77	36	12.9703 1.60843 0.206135 6.16751 0.113678 6.20527 0.320541 -0.17864 0.0904847 0.465684 -0.672888 0.208523 0.784836 -0.0362378 -1.56717 1.53301 -0.0652406 0.0103557 0.0690205 -0.0842499 -0.00011597 -0.00239501 -0.738431 0.00851657 0.00109543 -0.700127 1.60559 -0.000609215 -0.000821682 0.762837 0.322421 -2.24956e-05 -0.338686 -1.6057 -0.000213283 -0.000395633 
3.78	36	12.9703 1.60843 0.206142 6.16751 0.113681 6.20527 0.320541 -0.17864 0.0904847 0.465684 -0.672828 0.208523 0.784836 -0.0362378 -1.56716 1.53301 -0.0652407 0.0103557 0.0690258 -0.0842499 -0.00011597 -0.00239501 -0.738463 0.00851658 0.00109542 -0.700153 1.60559 -0.000609216 -0.000821682 0.762864 0.32243 -2.24988e-05 -0.338671 -1.6057 -0.000213283 -0.000395633 
3.79	36	12.9703 1.60844 0.206149 6.16751 0.113684 6.20526 0.320541 -0.17864 0.0904847 0.465684 -0.672767 0.208523 0.784836 -0.0362378 -1.56715 1.53301 -0.0652407 0.0103557 0.0690312 -0.0842499 -0.00011597 -0.00239501 -0.738495 0.00851658 0.00109542 -0.700179 1.60559 -0.000609217 -0.000821682 0.762892 0.322439 -2.25021e-05 -0.338656 -1.6057 -0.000213284 -0.000395633 
3.8	36	12.9703 1.60844 0.206156 6.16752 0.113687 6.20526 0.320541 -0.17864 0.0904847 0.465684 -0.672708 0.208523 0.784836 -0.0362377 -1.56713 1.53301 -0.0652407 0.0103557 0.0690367 -0.0842499 -0.00011597 -0.002395 -0.738527 0.00851659 0.00109541 -0.700206 1.60559 -0.000609217 -0.000821682 0.76292 0.322448 -2.25053e-05 -0.338641 -1.6057 -0.000213285 -0.000395633 
3.81	36	12.9703 1.60845 0.206163 6.16752 0.11369 6.20526 0.320541 -0.17864 0.0904847 0.465684 -0.672648 0.208523 0.784836 -0.0362377 -1.56712 1.53301 -0.0652407 0.0103556 0.0690422 -0.0842499 -0.00011597 -0.002395 -0.73856 0.00851659 0.0010954 -0.700232 1.60559 -0.000609218 -0.000821682 0.762948 0.322457 -2.25086e-05 -0.338626 -1.6057 -0.000213286 -0.000395633 
3.82	36	12.9703 1.60845 0.20617 6.16752 0.113693 6.20526 0.320541 -0.17864 0.0904847 0.465684 -0.672588 0.208523 0.784836 -0.0362377 -1.56711 1.53301 -0.0652407 0.0103556 0.0690476 -0.0842498 -0.00011597 -0.002395 -0.738592 0.00851659 0.0010954 -0.700258 1.60559 -0.000609218 -0.000821682 0.762977 0.322466 -2.25118e-05 -0.33861 -1.6057 -0.000213286 -0.000395633 
3.83	36	12.9703 1.60846 0.206177 6.16752 0.113696 6.20526 0.320541 -0.17864 0.0904847 0.465684 -0.672529 0.208523 0.784836 -0.0362377 -1.56709 1.53301 -0.0652407 0.0103556 0.069053 -0.0842498 -0.00011597 -0.00239499 -0.738623 0.0085166 0.00109539 -0.700284 1.60559 -0.000609219 -0.000821682 0.763005 0.322475 -2.2515e-05 -0.338595 -1.6057 -0.000213287 -0.000395633 
3.84	36	12.9703 1.60846 0.206183 6.16752 0.113699 6.20525 0.320541 -0.17864 0.0904846 0.465684 -0.67247 0.208523 0.784836 -0.0362377 -1.56708 1.53301 -0.0652407 0.0103556 0.0690583 -0.0842498 -0.00011597 -0.00239499 -0.738655 0.0085166 0.00109539 -0.70031 1.60559 -0.000609219 -0.000821682 0.763033 0.322484 -2.25183e-05 -0.338579 -1.6057 -0.000213288 -0.000395633 
3.85	36	12.9703 1.60846 0.20619 6.16752 0.113702 6.20525 0.320541 -0.17864 0.0904846 0.465684 -0.672411 0.208523 0.784836 -0.0362377 -1.56707 1.53301 -0.0652407 0.0103556 0.0690635 -0.0842498 -0.00011597 -0.00239499 -0.738687 0.00851661 0.00109538 -0.700336 1.60559 -0.00060922 -0.000821682 0.763062 0.322493 -2.25215e-05 -0.338563 -1.6057 -0.000213289 -0.000395633 
3.86	36	12.9703 1.60847 0.206197 6.16752 0.113704 6.20525 0.320541 -0.17864 0.0904846 0.465684 -0.672352 0.208523 0.784836 -0.0362377 -1.56705 1.53301 -0.0652407 0.0103555 0.0690685 -0.0842498 -0.00011597 -0.00239498 -0.738718 0.00851661 0.00109537 -0.700362 1.60559 -0.000609221 -0.000821682 0.76309 0.322503 -2.25248e-05 -0.338548 -1.6057 -0.000213289 -0.000395633 
3.87	36	12.9703 1.60847 0.206204 6.16753 0.113707 6.20525 0.320541 -0.17864 0.0904846 0.465684 -0.672293 0.208523 0.784836 -0.0362377 -1.56704 1.53301 -0.0652407 0.0103555 0.0690734 -0.0842498 -0.000115969 -0.00239498 -0.73875 0.00851662 0.00109537 -0.700388 1.60559 -0.000609221 -0.000821682 0.763117 0.322512 -2.2528e-05 -0.338533 -1.6057 -0.00021329 -0.000395633 
3.88	36	12.9704 1.60848 0.20621 6.16753 0.11371 6.20524 0.320542 -0.17864 0.0904846 0.465683 -0.672234 0.208523 0.784836 -0.0362377 -1.56703 1.53301 -0.0652407 0.0103555 0.069078 -0.0842498 -0.000115969 -0.00239498 -0.738781 0.00851662 0.00109536 -0.700413 1.60559 -0.000609222 -0.000821682 0.763145 0.322522 -2.25312e-05 -0.338517 -1.6057 -0.000213291 -0.000395633 
3.89	36	12.9704 1.60848 0.206217 6.16753 0.113713 6.20524 0.320542 -0.17864 0.0904846 0.465683 -0.672176 0.208523 0.784836 -0.0362377 -1.56702 1.53301 -0.0652407 0.0103555 0.0690826 -0.0842498 -0.000115969 -0.00239498 -0.738812 0.00851663 0.00109535 -0.700439 1.60559 -0.000609222 -0.000821682 0.763172 0.322531 -2.25345e-05 -0.338502 -1.6057 -0.000213292 -0.000395633 
3.9	36	12.9704 1.60848 0.206223 6.16753 0.113715 6.20524 0.320542 -0.17864 0.0904846 0.465683 -0.672117 0.208523 0.784836 -0.0362377 -1.567 1.53301 -0.0652407 0.0103555 0.0690869 -0.0842498 -0.000115969 -0.00239497 -0.738843 0.00851663 0.00109535 -0.700464 1.60559 -0.000609223 -0.000821682 0.763199 0.322541 -2.25377e-05 -0.338487 -1.6057 -0.000213293 -0.000395634 
3.91	36	12.9704 1.60849 0.20623 6.16753 0.113718 6.20524 0.320542 -0.17864 0.0904846 0.465683 -0.67206 0.208523 0.784838 -0.0362377 -1.56699 1.53301 -0.0652407 0.0103575 0.0690908 -0.0842498 -0.000115969 -0.00239497 -0.738873 0.00851663 0.00109534 -0.700492 1.60559 -0.000609223 -0.000821682 0.763227 0.322552 -2.2541e-05 -0.338473 -1.6057 -0.000213293 -0.000395634 
3.92	36	12.9704 1.60849 0.206237 6.16753 0.113721 6.20523 0.320542 -0.17864 0.0904846 0.465683 -0.672 0.208523 0.784838 -0.0362377 -1.56698 1.53301 -0.0652407 0.0103575 0.0690966 -0.0842498 -0.000115969 -0.00239497 -0.738903 0.00851664 0.00109534 -0.700517 1.60559 -0.000609224 -0.000821682 0.763251 0.322563 -2.25442e-05 -0.338457 -1.6057 -0.000213294 -0.000395634 
3.93	36	12.9704 1.6085 0.206243 6.16754 0.113724 6.20523 0.320542 -0.17864 0.0904846 0.465683 -0.671941 0.208523 0.784838 -0.0362376 -1.56696 1.53301 -0.0652407 0.0103575 0.0691018 -0.0842498 -0.000115969 -0.00239496 -0.738934 0.00851664 0.00109533 -0.70054 1.60559 -0.000609225 -0.000821682 0.763277 0.322573 -2.25474e-05 -0.338443 -1.6057 -0.000213295 -0.000395634 
3.94	36	12.9704 1.6085 0.20625 6.16754 0.113727 6.20523 0.320542 -0.17864 0.0904845 0.465683 -0.671883 0.208523 0.784838 -0.0362376 -1.56695 1.53301 -0.0652407 0.0103575 0.0691065 -0.0842497 -0.000115969 -0.00239496 -0.738964 0.00851665 0.00109532 -0.700564 1.60559 -0.000609225 -0.000821682 0.763302 0.322584 -2.25507e-05 -0.33843 -1.6057 -0.000213296 -0.000395634 
3.95	36	12.9704 1.60851 0.206256 6.16754 0.113729 6.20523 0.320542 -0.178639 0.0904845 0.465683 -0.671825 0.208523 0.784838 -0.0362376 -1.56694 1.53301 -0.0652407 0.0103574 0.0691107 -0.0842497 -0.000115969 -0.00239496 -0.738995 0.00851665 0.00109532 -0.700589 1.60559 -0.000609226 -0.000821682 0.763328 0.322594 -2.25539e-05 -0.338416 -1.6057 -0.000213296 -0.000395634 
3.96	36	12.9704 1.60851 0.206263 6.16754 0.113732 6.20522 0.320542 -0.178639 0.0904845 0.465683 -0.671767 0.208523 0.784838 -0.0362376 -1.56693 1.53301 -0.0652407 0.0103574 0.0691144 -0.0842497 -0.000115969 -0.00239495 -0.739025 0.00851666 0.00109531 -0.700614 1.60559 -0.000609226 -0.000821682 0.763354 0.322604 -2.25571e-05 -0.338402 -1.6057 -0.000213297 -0.000395634 
3.97	36	12.9704 1.60851 0.206269 6.16754 0.113734 6.20522 0.320542 -0.178639 0.0904845 0.465683 -0.671709 0.208523 0.784838 -0.0362376 -1.56691 1.53301 -0.0652407 0.0103574 0.0691176 -0.0842497 -0.000115969 -0.00239495 -0.739056 0.00851666 0.0010953 -0.700639 1.60559 -0.000609227 -0.000821682 0.763379 0.322614 -2.25604e-05 -0.338388 -1.6057 -0.000213298 -0.000395634 
3.98	36	12.9704 1.60852 0.206276 6.16754 0.113737 6.20522 0.320542 -0.178639 0.0904845 0.465683 -0.671652 0.208523 0.784838 -0.0362376 -1.5669 1.53301 -0.0652407 0.0103574 0.0691206 -0.0842497 -0.000115969 -0.00239495 -0.739086 0.00851666 0.0010953 -0.700664 1.60559 -0.000609227 -0.000821682 0.763405 0.322623 -2.25636e-05 -0.338374 -1.6057 -0.000213299 -0.000395634 
3.99	36	12.9704 1.60852 0.206282 6.16754 0.113739 6.20522 0.320542 -0.178639 0.0904845 0.465683 -0.671595 0.208523 0.784838 -0.0362376 -1.56689 1.53301 -0.0652407 0.0103574 0.0691233 -0.0842497 -0.000115969 -0.00239495 -0.739116 0.00851667 0.00109529 -0.700689 1.60559 -0.000609228 -0.000821682 0.76343 0.322633 -2.25669e-05 -0.33836 -1.6057 -0.000213299 -0.000395634 
4	36	12.9704 1.60853 0.206288 6.16755 0.113742 6.20521 0.320542 -0.178639 0.0904845 0.465683 -0.671539 0.208523 0.784838 -0.0362376 -1.56687 1.53301 -0.0652407 0.0103574 0.069126 -0.0842497 -0.000115968 -0.00239494 -0.739147 0.00851667 0.00109529 -0.700714 1.60559 -0.000609229 -0.000821682 0.763455 0.322643 -2.25701e-05 -0.338346 -1.6057 -0.0002133 -0.000395634 
4.01	36	12.9704 1.60853 0.206295 6.16755 0.113744 6.20521 0.320542 -0.178639 0.0904845 0.465683 -0.671482 0.208523 0.784838 -0.0362376 -1.56686 1.53301 -0.0652407 0.0103573 0.0691287 -0.0842497 -0.000115968 -0.00239494 -0.739176 0.00851668 0.00109528 -0.700739 1.60559 -0.000609229 -0.000821682 0.76348 0.322653 -2.25733e-05 -0.338332 -1.6057 -0.000213301 -0.000395634 
4.02	36	12.9704 1.60853 0.206301 6.16755 0.113747 6.20521 0.320542 -0.178639 0.0904845 0.465683 -0.671426 0.208523 0.784838 -0.0362376 -1.56685 1.53301 -0.0652407 0.0103573 0.0691316 -0.0842497 -0.000115968 -0.00239494 -0.739206 0.00851668 0.00109527 -0.700764 1.60559 -0.00060923 -0.000821682 0.763505 0.322663 -2.25766e-05 -0.338318 -1.6057 -0.000213302 -0.000395634 
4.03	36	12.9704 1.60854 0.206307 6.16755 0.113749 6.20521 0.320542 -0.178639 0.0904845 0.465683 -0.67137 0.208523 0.784838 -0.0362376 -1.56684 1.53301 -0.0652407 0.0103573 0.0691347 -0.0842497 -0.000115968 -0.00239493 -0.739236 0.00851669 0.00109527 -0.700789 1.60559 -0.00060923 -0.000821682 0.763529 0.322673 -2.25798e-05 -0.338305 -1.6057 -0.000213302 -0.000395634 
4.04	36	12.9705 1.60854 0.206313 6.16755 0.113751 6.20521 0.320542 -0.178639 0.0904844 0.465683 -0.671314 0.208522 0.784838 -0.0362375 -1.56682 1.53301 -0.0652407 0.0103573 0.069138 -0.0842497 -0.000115968 -0.00239493 -0.739265 0.00851669 0.00109526 -0.700813 1.60559 -0.000609231 -0.000821682 0.763554 0.322683 -2.2583e-05 -0.338291 -1.6057 -0.000213303 -0.000395634 
4.05	36	12.9705 1.60855 0.20632 6.16755 0.113754 6.2052 0.320542 -0.178639 0.0904844 0.465683 -0.671259 0.208522 0.784838 -0.0362375 -1.56681 1.53301 -0.0652407 0.0103573 0.0691415 -0.0842496 -0.000115968 -0.00239493 -0.739294 0.00851669 0.00109525 -0.700838 1.60559 -0.000609231 -0.000821682 0.763578 0.322693 -2.25863e-05 -0.338278 -1.6057 -0.000213304 -0.000395634 
4.06	36	12.9705 1.60855 0.206326 6.16756 0.113755 6.2052 0.320542 -0.178639 0.090486 0.465683 -0.6712 0.208522 0.784854 -0.0362375 -1.5668 1.53301 -0.0652408 0.0103747 0.0691449 -0.0842496 -0.000115968 -0.00239492 -0.739322 0.0085167 0.00109525 -0.700861 1.60559 -0.000609232 -0.000821682 0.7636 0.322703 -2.25895e-05 -0.338261 -1.6057 -0.000213305 -0.000395634 
4.07	36	12.9705 1.60855 0.206333 6.16756 0.113758 6.2052 0.320542 -0.178639 0.090486 0.465683 -0.671136 0.208522 0.784854 -0.0362375 -1.56679 1.53301 -0.0652408 0.0103747 0.0691489 -0.0842496 -0.000115968 -0.00239492 -0.739347 0.0085167 0.00109524 -0.700887 1.60559 -0.000609233 -0.000821682 0.763625 0.322711 -2.25927e-05 -0.338251 -1.6057 -0.000213305 -0.000395634 
4.08	36	12.9705 1.60856 0.20634 6.16756 0.11376 6.2052 0.320542 -0.178639 0.090486 0.465683 -0.671075 0.208522 0.784854 -0.0362375 -1.56677 1.53301 -0.0652408 0.0103747 0.0691535 -0.0842496 -0.000115968 -0.00239492 -0.739375 0.00851671 0.00109524 -0.700908 1.60559 -0.000609233 -0.000821682 0.76365 0.32272 -2.2596e-05 -0.338239 -1.6057 -0.000213306 -0.000395634 
4.09	36	12.9705 1.60856 0.206346 6.16756 0.113762 6.20519 0.320542 -0.178639 0.090486 0.465683 -0.671016 0.208522 0.784854 -0.0362375 -1.56676 1.53301 -0.0652408 0.0103746 0.0691583 -0.0842496 -0.000115968 -0.00239491 -0.739404 0.00851671 0.00109523 -0.70093 1.60559 -0.000609234 -0.000821682 0.763674 0.32273 -2.25992e-05 -0.338226 -1.6057 -0.000213307 -0.000395634 
4.1	36	12.9705 1.60857 0.206353 6.16756 0.113764 6.20519 0.320542 -0.178639 0.090486 0.465683 -0.670959 0.208522 0.784854 -0.0362375 -1.56675 1.53301 -0.0652408 0.0103746 0.0691634 -0.0842496 -0.000115968 -0.00239491 -0.739434 0.00851671 0.00109522 -0.700953 1.60559 -0.000609234 -0.000821682 0.763698 0.32274 -2.26024e-05 -0.338213 -1.6057 -0.000213308 -0.000395634 
