1.015104 1.987422 0.630459
0.946218 1.949003 0.594302
1.207322 1.971245 -0.000306
0.716371 2.130465 0.561407
1.128575 2.275502 0.001923
0.412178 2.207252 1.284372
1.012789 1.995143 0.633444
0.402486 2.332775 1.033636
0.402614 2.335923 1.034785
0.402494 2.195388 0.830157
0.402487 2.333133 1.025008
0.679402 2.468032 0.471613
0.667328 2.544644 0.494787
0.664103 2.535989 0.497666
0.963935 2.216825 0.001733
0.993465 2.061814 0.622293
1.503674 2.410008 0.002630
0.933418 2.438125 0.505342
1.395771 2.026159 0.000870
1.131002 2.307413 0.001874
1.302222 2.320608 0.001279
1.189203 2.339996 0.001926
1.150515 2.093956 -0.000231
1.082676 2.525216 0.002791
1.290209 2.329393 0.001849
1.254464 2.480580 0.002730
0.773636 2.546129 0.488015
