0.069313 -0.928560 0.000000
0.408600 -1.047181 -0.000000
0.123540 -0.947518 0.000000
0.943971 -0.330030 -0.000000
0.000000 -0.000000 1.000000
-0.330030 -0.943971 -0.000000
0.093408 -0.715728 0.000000
0.069313 -0.928560 0.000000
0.097847 -0.676520 0.000000
-0.112493 -0.993653 0.000000
0.000000 0.000000 1.000000
-0.993653 0.112493 0.000000
0.546546 -1.051045 -0.000000
0.653646 -0.012500 1.221115
0.600241 -0.530369 0.612208
0.066663 0.646423 0.760061
-0.077968 -0.756052 0.649852
0.994725 -0.102582 0.000000
0.408600 -1.047181 -0.000000
0.546546 -1.051045 -0.000000
0.203846 -1.041445 -0.000000
0.999608 -0.027999 -0.000000
0.000000 -0.000000 1.000000
-0.027999 -0.999608 -0.000000
0.587643 -0.012500 1.221129
0.093408 -0.715728 0.000000
0.322177 -0.390221 0.565231
-0.330968 -0.470921 -0.817737
-0.470201 -0.669032 0.575592
-0.818151 0.575003 0.000000
0.653646 -0.012500 1.221115
0.653643 -0.012500 1.221115
0.213700 -0.012500 1.221115
-1.000000 0.000000 0.000000
0.000000 -0.000000 1.000000
0.000000 1.000000 0.000000
0.587646 -0.012500 1.221129
0.587643 -0.012500 1.221129
0.213700 -0.012500 1.221129
-1.000000 0.000000 0.000000
0.000000 -0.000000 1.000000
0.000000 1.000000 0.000000
0.653643 -0.012500 1.221115
0.587646 -0.012500 1.221129
0.213790 -0.012500 1.221205
-1.000000 0.000000 0.000204
0.000204 -0.000000 1.000000
0.000000 1.000000 0.000000
