0.269193 0.028386 0.006602
-0.194296 -0.054466 0.156381
-0.194296 -0.054466 0.156381
-0.055707 -0.216975 0.140204
-0.055707 -0.216975 0.140204
0.269193 0.028386 0.006602
0.269193 0.028386 0.006602
0.492332 -0.016623 0.120623
0.356304 0.129219 0.042494
0.269193 0.028386 0.006602
0.492332 -0.016623 0.120623
0.356304 0.129219 0.042494
-0.055707 -0.216975 0.140204
-0.089012 0.034696 0.159434
-0.089012 0.034696 0.159434
-0.194296 -0.054466 0.156381
-0.194296 -0.054466 0.156381
-0.055707 -0.216975 0.140204
-0.089012 0.034696 0.159434
0.492332 -0.016623 0.120623
0.356304 0.129219 0.042494
-0.089012 0.034696 0.159434
0.492332 -0.016623 0.120623
0.356304 0.129219 0.042494
-0.194296 -0.054466 0.156381
0.269193 0.028386 0.006602
-0.089012 0.034696 0.159434
-0.194296 -0.054466 0.156381
0.269193 0.028386 0.006602
-0.089012 0.034696 0.159434
0.356304 0.129219 0.042494
-0.089012 0.034696 0.159434
-0.089012 0.034696 0.159434
0.269193 0.028386 0.006602
0.269193 0.028386 0.006602
0.356304 0.129219 0.042494
0.492332 -0.016623 0.120623
-0.055707 -0.216975 0.140204
-0.055707 -0.216975 0.140204
0.407996 -0.118561 0.086189
0.407996 -0.118561 0.086189
0.492332 -0.016623 0.120623
0.492332 -0.016623 0.120623
0.269193 0.028386 0.006602
0.269193 0.028386 0.006602
0.407996 -0.118561 0.086189
0.407996 -0.118561 0.086189
0.492332 -0.016623 0.120623
-0.055707 -0.216975 0.140204
0.407996 -0.118561 0.086189
0.269193 0.028386 0.006602
-0.055707 -0.216975 0.140204
0.407996 -0.118561 0.086189
0.269193 0.028386 0.006602
-0.055707 -0.216975 0.140204
0.492332 -0.016623 0.120623
0.050536 -0.130984 0.142998
-0.055707 -0.216975 0.140204
0.492332 -0.016623 0.120623
0.050536 -0.130984 0.142998
0.492332 -0.016623 0.120623
-0.089012 0.034696 0.159434
-0.089012 0.034696 0.159434
0.050536 -0.130984 0.142998
0.050536 -0.130984 0.142998
0.492332 -0.016623 0.120623
-0.089012 0.034696 0.159434
-0.055707 -0.216975 0.140204
0.050536 -0.130984 0.142998
-0.089012 0.034696 0.159434
-0.055707 -0.216975 0.140204
0.050536 -0.130984 0.142998
