1.77	36	4.06461 -0.157795 -0.0614 6.02654 0.602746 6.20117 0.0211621 0.0747158 -1.23027 0.640768 -0.0149894 -0.00769902 0.0206869 0.0244328 -0.114689 -0.0349066 -0.454795 0.0350151 -0.155995 -0.0446247 -9.99817e-05 -0.00179695 1.02665 -0.422526 0.00225415 -0.759685 1.6057 -0.000600108 -0.000110169 -1.70593 0.491874 0.0141229 -1.3299 -1.6057 0.0252037 -0.00196525 
1.78	36	4.06459 -0.157807 -0.0613979 6.02655 0.602731 6.20119 0.0211585 0.0747168 -1.23027 0.64077 -0.0149768 -0.00766333 0.0206869 0.0244391 -0.114687 -0.0349066 -0.454794 0.035015 -0.155995 -0.0446246 -9.99816e-05 -0.00179695 1.02672 -0.422526 0.00225415 -0.759642 1.6057 -0.000600109 -0.000110169 -1.70593 0.491891 0.0141395 -1.32986 -1.6057 0.0252037 -0.00196432 
1.79	36	4.06458 -0.157818 -0.061396 6.02657 0.602717 6.20121 0.0211548 0.0747168 -1.23027 0.640774 -0.0149655 -0.00762686 0.0206869 0.0244446 -0.114684 -0.0349066 -0.454794 0.035015 -0.155995 -0.0446246 -9.99815e-05 -0.00179694 1.02679 -0.422526 0.00225416 -0.759603 1.6057 -0.00060011 -0.000110169 -1.70593 0.491909 0.0141547 -1.32983 -1.6057 0.0252037 -0.00196331 
1.8	36	4.06457 -0.157829 -0.0613942 6.02658 0.602702 6.20123 0.0211519 0.0747172 -1.23027 0.640778 -0.0149553 -0.0075975 0.020687 0.0244495 -0.11468 -0.0349066 -0.454793 0.035015 -0.155995 -0.0446246 -9.99814e-05 -0.00179694 1.02686 -0.422526 0.00225416 -0.759567 1.6057 -0.00060011 -0.000110169 -1.70593 0.491927 0.0141691 -1.32979 -1.6057 0.0252037 -0.00196252 
1.81	36	4.06456 -0.157839 -0.0613925 6.0266 0.602688 6.20125 0.0211492 0.0747173 -1.23027 0.640782 -0.0149472 -0.00757165 0.020687 0.0244536 -0.114678 -0.0349066 -0.454793 0.035015 -0.155995 -0.0446246 -9.99813e-05 -0.00179693 1.02692 -0.422526 0.00225416 -0.759532 1.6057 -0.000600111 -0.000110169 -1.70593 0.491945 0.0141837 -1.32976 -1.6057 0.0252037 -0.00196192 
1.82	36	4.06455 -0.157849 -0.0613908 6.02661 0.602675 6.20126 0.0211465 0.0747182 -1.23027 0.640784 -0.0149365 -0.00754505 0.020687 0.0244587 -0.114675 -0.0349066 -0.454792 0.0350149 -0.155995 -0.0446246 -9.99812e-05 -0.00179693 1.02698 -0.422526 0.00225417 -0.759501 1.6057 -0.000600111 -0.000110169 -1.70593 0.491963 0.0141972 -1.32973 -1.6057 0.0252037 -0.0019613 
1.83	36	4.06454 -0.15786 -0.0613892 6.02663 0.602661 6.20129 0.0211438 0.0747184 -1.23027 0.640788 -0.0149282 -0.00751945 0.020687 0.0244627 -0.114672 -0.0349066 -0.454792 0.0350149 -0.155995 -0.0446246 -9.99811e-05 -0.00179692 1.02704 -0.422526 0.00225417 -0.759471 1.6057 -0.000600112 -0.00011017 -1.70593 0.491982 0.0142119 -1.32969 -1.6057 0.0252037 -0.00196113 
1.84	36	4.06454 -0.15787 -0.0613877 6.02664 0.602647 6.2013 0.0211413 0.0747186 -1.23027 0.640793 -0.0149203 -0.00749458 0.0206871 0.0244668 -0.114668 -0.0349066 -0.454791 0.0350149 -0.155995 -0.0446245 -9.9981e-05 -0.00179692 1.0271 -0.422526 0.00225417 -0.75944 1.6057 -0.000600113 -0.00011017 -1.70593 0.492 0.014227 -1.32966 -1.6057 0.0252037 -0.00196058 
1.85	36	4.06453 -0.157881 -0.0613863 6.02665 0.602634 6.20132 0.0211388 0.0747187 -1.23027 0.640798 -0.0149109 -0.0074708 0.0206871 0.0244708 -0.114665 -0.0349066 -0.454791 0.0350144 -0.155995 -0.0446245 -9.99809e-05 -0.00179691 1.02715 -0.422526 0.00225417 -0.759408 1.6057 -0.000600113 -0.00011017 -1.70593 0.492017 0.0142424 -1.32962 -1.6057 0.0252037 -0.00196002 
1.86	36	4.06452 -0.157891 -0.061385 6.02667 0.602621 6.20134 0.021137 0.0747192 -1.23027 0.640803 -0.0149046 -0.00745157 0.0206871 0.0244744 -0.114661 -0.0349066 -0.45479 0.0350144 -0.155995 -0.0446245 -9.99808e-05 -0.00179691 1.02721 -0.422526 0.00225418 -0.759378 1.6057 -0.000600114 -0.00011017 -1.70593 0.492034 0.0142577 -1.32959 -1.6057 0.0252038 -0.00195971 
1.87	36	4.06451 -0.1579 -0.0613836 6.02668 0.602608 6.20136 0.0211353 0.0747193 -1.23027 0.640807 -0.0148982 -0.00743659 0.0206871 0.0244771 -0.114658 -0.0349066 -0.454789 0.0350143 -0.155995 -0.0446245 -9.99807e-05 -0.0017969 1.02727 -0.422526 0.00225418 -0.759348 1.6057 -0.000600114 -0.00011017 -1.70593 0.49205 0.0142728 -1.32955 -1.6057 0.0252041 -0.00195944 
1.88	36	4.0645 -0.15791 -0.0613823 6.02669 0.602596 6.20138 0.0211329 0.0747193 -1.23027 0.640811 -0.0148888 -0.00741317 0.0206871 0.0244807 -0.114655 -0.0349066 -0.454788 0.0350143 -0.155995 -0.0446245 -9.99806e-05 -0.0017969 1.02732 -0.422526 0.00225418 -0.759318 1.6057 -0.000600115 -0.00011017 -1.70593 0.492067 0.014286 -1.32952 -1.6057 0.0252062 -0.00195923 
1.89	36	4.06449 -0.157919 -0.0613812 6.02671 0.602583 6.2014 0.0211313 0.0747193 -1.23027 0.640817 -0.0148834 -0.00739944 0.0206872 0.0244831 -0.114651 -0.0349066 -0.454787 0.0350143 -0.155995 -0.0446245 -9.99805e-05 -0.00179689 1.02738 -0.422526 0.00225419 -0.759287 1.6057 -0.000600116 -0.00011017 -1.70593 0.492085 0.0142991 -1.32948 -1.6057 0.0252108 -0.00195901 
1.9	36	4.06448 -0.157928 -0.0613801 6.02672 0.60257 6.20142 0.0211294 0.0747194 -1.23027 0.640823 -0.0148781 -0.00738328 0.0206872 0.0244858 -0.114647 -0.0349066 -0.454786 0.0350142 -0.155995 -0.0446245 -9.99804e-05 -0.00179689 1.02744 -0.422526 0.00225419 -0.759252 1.6057 -0.000600116 -0.00011017 -1.70593 0.492099 0.0143115 -1.32945 -1.6057 0.0252185 -0.00195875 
1.91	36	4.06448 -0.157938 -0.061379 6.02673 0.602558 6.20144 0.0211276 0.0747194 -1.23027 0.640828 -0.0148719 -0.00736646 0.0206872 0.0244886 -0.114644 -0.0349066 -0.454785 0.035014 -0.155995 -0.0446245 -9.99803e-05 -0.00179688 1.02751 -0.422526 0.00225419 -0.75922 1.6057 -0.000600117 -0.00011017 -1.70593 0.492113 0.0143232 -1.32941 -1.6057 0.0252276 -0.0019585 
1.92	36	4.06447 -0.157946 -0.061378 6.02674 0.602546 6.20146 0.0211265 0.0747194 -1.23027 0.640834 -0.014868 -0.00735838 0.0206872 0.0244902 -0.11464 -0.0349066 -0.454784 0.0350138 -0.155995 -0.0446244 -9.99802e-05 -0.00179688 1.02757 -0.422526 0.00225419 -0.759186 1.6057 -0.000600117 -0.00011017 -1.70593 0.492127 0.0143353 -1.32938 -1.6057 0.0252376 -0.00195823 
1.93	36	4.06446 -0.157955 -0.0613771 6.02676 0.602534 6.20147 0.0211248 0.0747194 -1.23027 0.64084 -0.0148621 -0.00734365 0.0206872 0.0244926 -0.114636 -0.0349066 -0.454783 0.0350138 -0.155995 -0.0446244 -9.99801e-05 -0.00179687 1.02763 -0.422526 0.0022542 -0.759149 1.6057 -0.000600118 -0.00011017 -1.70593 0.492139 0.0143463 -1.32934 -1.6057 0.0252488 -0.00195816 
1.94	36	4.06445 -0.157963 -0.061376 6.02677 0.602523 6.20149 0.0211232 0.0747195 -1.23027 0.640844 -0.014856 -0.00733026 0.0206873 0.0244949 -0.114633 -0.0349066 -0.454781 0.0350134 -0.155995 -0.0446244 -9.998e-05 -0.00179687 1.0277 -0.422526 0.0022542 -0.759113 1.6057 -0.000600119 -0.00011017 -1.70593 0.492151 0.0143568 -1.32931 -1.6057 0.0252598 -0.00195792 
1.95	36	4.06445 -0.157972 -0.061375 6.02678 0.602513 6.20151 0.0211218 0.0747196 -1.23027 0.640848 -0.01485 -0.0073203 0.0206873 0.0244967 -0.11463 -0.0349066 -0.45478 0.0350133 -0.155995 -0.0446244 -9.99799e-05 -0.00179686 1.02777 -0.422526 0.0022542 -0.759077 1.6057 -0.000600119 -0.00011017 -1.70593 0.492163 0.014367 -1.32928 -1.6057 0.0252708 -0.00195773 
1.96	36	4.06444 -0.15798 -0.0613741 6.02679 0.602502 6.20152 0.0211207 0.0747196 -1.23027 0.640853 -0.0148461 -0.00731225 0.0206873 0.0244983 -0.114628 -0.0349066 -0.454778 0.0350132 -0.155995 -0.0446244 -9.99797e-05 -0.00179686 1.02783 -0.422526 0.0022542 -0.759039 1.6057 -0.00060012 -0.00011017 -1.70593 0.492176 0.0143769 -1.32925 -1.6057 0.0252812 -0.00195746 
1.97	36	4.06443 -0.157987 -0.0613756 6.0268 0.60249 6.20154 0.0211189 0.074722 -1.23028 0.640867 -0.0148379 -0.00730075 0.0207539 0.0244993 -0.114618 -0.0349066 -0.454715 0.0349416 -0.155995 -0.0446244 -9.99796e-05 -0.00179685 1.0279 -0.42253 0.00225421 -0.759005 1.6057 -0.00060012 -0.00011017 -1.70594 0.492183 0.0143784 -1.3292 -1.6057 0.0252863 -0.00195669 
1.98	36	4.06442 -0.157995 -0.0613745 6.02682 0.602479 6.20156 0.0211171 0.0747221 -1.23028 0.640867 -0.0148287 -0.00729172 0.0207539 0.0245005 -0.114616 -0.0349066 -0.454715 0.0349413 -0.155995 -0.0446244 -9.99795e-05 -0.00179685 1.02797 -0.42253 0.00225421 -0.758947 1.6057 -0.000600121 -0.00011017 -1.70594 0.492211 0.0143822 -1.32916 -1.6057 0.0252863 -0.00195577 
1.99	36	4.06441 -0.158004 -0.0613735 6.02683 0.602469 6.20157 0.0211153 0.0747221 -1.23028 0.640868 -0.0148185 -0.00728363 0.0207539 0.024502 -0.114614 -0.0349066 -0.454715 0.03494 -0.155995 -0.0446244 -9.99794e-05 -0.00179684 1.02804 -0.42253 0.00225421 -0.75891 1.6057 -0.000600122 -0.00011017 -1.70594 0.492226 0.0143943 -1.32912 -1.6057 0.0252911 -0.00195577 
2	36	4.06441 -0.158012 -0.0613725 6.02684 0.60246 6.20159 0.0211141 0.0747221 -1.23028 0.640868 -0.0148098 -0.00727753 0.020754 0.024503 -0.114613 -0.0349066 -0.454715 0.03494 -0.155995 -0.0446244 -9.99793e-05 -0.00179684 1.02811 -0.42253 0.00225421 -0.758875 1.6057 -0.000600122 -0.00011017 -1.70594 0.492236 0.0144074 -1.32908 -1.6057 0.0253024 -0.00195577 
2.01	36	4.0644 -0.158021 -0.0613719 6.02686 0.602449 6.20161 0.0211109 0.0747259 -1.23028 0.64087 -0.0147998 -0.0072754 0.020754 0.0245025 -0.114609 -0.0349066 -0.4547 0.0349359 -0.155995 -0.0446244 -9.99792e-05 -0.00179683 1.02818 -0.422531 0.00225422 -0.758841 1.6057 -0.000600123 -0.00011017 -1.70594 0.492248 0.0144145 -1.32904 -1.6057 0.0253087 -0.00195523 
2.02	36	4.06439 -0.15803 -0.0613711 6.02687 0.60244 6.20163 0.0211093 0.0747259 -1.23028 0.640871 -0.014788 -0.00726933 0.020754 0.0245038 -0.114607 -0.0349066 -0.4547 0.0349343 -0.155995 -0.0446243 -9.99791e-05 -0.00179683 1.02825 -0.422531 0.00225422 -0.758803 1.6057 -0.000600123 -0.00011017 -1.70594 0.492266 0.014425 -1.329 -1.6057 0.0253142 -0.00195523 
2.64	36	0.996298 0.189932 -0.0411169 1.66509 0.638707 6.2402 -0.199922 0.111298 -1.10849 0.579598 -0.0855093 0.0328422 0.274045 -0.0897571 -0.778162 0.674535 -0.493459 -0.0590988 -0.148595 0.00368935 -9.99978e-05 -0.001618 -1.23819 0.165028 0.343904 -0.723564 1.60516 -0.00720257 0.000281521 -0.647981 0.693061 0.686979 -0.832496 -1.6057 0.0529414 0.0104802 
2.65	36	0.996296 0.189904 -0.0411135 1.66513 0.638684 6.24018 -0.199922 0.111295 -1.10849 0.579597 -0.0855521 0.0328422 0.274045 -0.0897483 -0.778196 0.674535 -0.493459 -0.0590988 -0.148595 0.00368934 -9.99977e-05 -0.001618 -1.23832 0.164962 0.343904 -0.723352 1.60516 -0.00720257 0.000281521 -0.648084 0.693061 0.686962 -0.832496 -1.6057 0.0526344 0.0103999 
2.66	36	0.996291 0.189862 -0.0411114 1.66517 0.638687 6.24016 -0.199922 0.111286 -1.10854 0.579585 -0.0855701 0.0328422 0.274121 -0.0897357 -0.778191 0.674512 -0.493277 -0.0590518 -0.148595 0.00368933 -9.99976e-05 -0.00161799 -1.23853 0.16494 0.343904 -0.723131 1.60516 -0.00732414 0.000126 -0.648214 0.693061 0.686893 -0.832504 -1.6057 0.052447 0.010338 
2.67	36	0.99629 0.18983 -0.0411074 1.66522 0.638671 6.24014 -0.199922 0.111259 -1.10855 0.579566 -0.0855974 0.0327646 0.274158 -0.0897347 -0.778193 0.674505 -0.493261 -0.0590518 -0.148595 0.00368932 -9.99976e-05 -0.00161799 -1.23867 0.164861 0.343904 -0.722947 1.60516 -0.00737204 8.09961e-05 -0.648351 0.693061 0.686826 -0.832484 -1.6057 0.0521285 0.0102481 
2.68	36	0.996292 0.189793 -0.0411033 1.6653 0.63866 6.24011 -0.199838 0.111179 -1.10857 0.579549 -0.0856376 0.0327042 0.274202 -0.0897242 -0.778202 0.674459 -0.493198 -0.0590371 -0.148594 0.0036893 -9.99976e-05 -0.00161798 -1.23888 0.164844 0.343904 -0.722731 1.60516 -0.00749498 -1.2015e-05 -0.648516 0.693061 0.686688 -0.832488 -1.6057 0.0518882 0.010164 
2.69	36	0.996293 0.189758 -0.0410991 1.66536 0.638642 6.24008 -0.199839 0.11116 -1.10857 0.579521 -0.0856517 0.0327041 0.274222 -0.0897185 -0.778231 0.67445 -0.49319 -0.0590369 -0.148594 0.00368929 -9.99975e-05 -0.00161798 -1.23901 0.164754 0.343904 -0.722535 1.60516 -0.00749317 -6.6755e-05 -0.648673 0.693062 0.686604 -0.832464 -1.6057 0.0515528 0.010071 
2.7	36	0.996292 0.189731 -0.0410954 1.66541 0.638625 6.24006 -0.199839 0.111136 -1.10857 0.579508 -0.0856771 0.0327041 0.274249 -0.0897158 -0.778248 0.674448 -0.493174 -0.0590369 -0.148594 0.00368927 -9.99974e-05 -0.00161797 -1.23911 0.16468 0.343904 -0.722376 1.60516 -0.00749907 -0.0001267 -0.648792 0.693065 0.686553 -0.832429 -1.6057 0.0512239 0.00998225 
2.71	36	0.996321 0.189758 -0.0411304 1.66583 0.638525 6.24021 -0.199877 0.111123 -1.10834 0.579147 -0.0825126 0.0296172 0.274169 -0.0896733 -0.778112 0.674474 -0.493331 -0.0590362 -0.148856 0.00363132 -9.99974e-05 -0.00161797 -1.23902 0.164573 0.343904 -0.722287 1.60516 -0.00757409 -5.70573e-05 -0.648838 0.69304 0.686467 -0.832408 -1.6057 0.0509276 0.00992751 
2.72	36	0.996317 0.189739 -0.0411219 1.66583 0.638518 6.24018 -0.199876 0.111123 -1.10834 0.57917 -0.0826927 0.0296634 0.274169 -0.0896645 -0.778112 0.674419 -0.49331 -0.0590362 -0.148857 0.00363129 -9.99973e-05 -0.00161796 -1.23912 0.16455 0.343904 -0.722124 1.60516 -0.00757379 -5.70573e-05 -0.648884 0.69304 0.68642 -0.83242 -1.6057 0.0508566 0.00989217 
2.73	36	0.9963 0.189716 -0.0411137 1.66581 0.638494 6.24014 -0.199875 0.111123 -1.10834 0.5792 -0.0828605 0.0296666 0.274167 -0.0896645 -0.778114 0.674405 -0.493304 -0.0590362 -0.148857 0.00363128 -9.99972e-05 -0.00161796 -1.23928 0.16455 0.343904 -0.721837 1.60516 -0.00757379 -5.70574e-05 -0.648884 0.69304 0.686343 -0.832444 -1.6057 0.0508445 0.00984626 
2.74	36	0.99628 0.189687 -0.0411053 1.66579 0.63847 6.2401 -0.199874 0.111123 -1.10834 0.579211 -0.0830038 0.0296667 0.274158 -0.0896645 -0.778118 0.674385 -0.493304 -0.0590362 -0.148857 0.00363127 -9.99972e-05 -0.00161795 -1.23947 0.16455 0.343904 -0.721518 1.60516 -0.00757379 -5.70574e-05 -0.648884 0.69304 0.686288 -0.832477 -1.6057 0.0507773 0.00978836 
2.75	36	0.99626 0.189657 -0.0410969 1.66576 0.638447 6.24006 -0.199869 0.111123 -1.10834 0.579211 -0.083129 0.0296667 0.274153 -0.0896645 -0.778134 0.67438 -0.493304 -0.0590362 -0.148857 0.00363125 -9.99971e-05 -0.00161795 -1.23967 0.164549 0.343904 -0.721184 1.60516 -0.00757379 -5.70575e-05 -0.648884 0.69304 0.686255 -0.83252 -1.6057 0.0506649 0.00972377 
2.76	36	0.996242 0.189628 -0.0410886 1.66573 0.638426 6.24001 -0.19986 0.111123 -1.10834 0.579211 -0.0832518 0.0296668 0.274151 -0.0896645 -0.778153 0.674378 -0.493304 -0.0590362 -0.148857 0.00363124 -9.99971e-05 -0.00161794 -1.23986 0.164549 0.343904 -0.720867 1.60516 -0.00757379 -5.70576e-05 -0.648884 0.69304 0.686234 -0.832565 -1.6057 0.0505424 0.00966167 
2.77	36	0.996226 0.189592 -0.0410818 1.66574 0.63843 6.23998 -0.199865 0.111123 -1.10838 0.579211 -0.083352 0.0296678 0.274222 -0.0896299 -0.778132 0.674368 -0.493056 -0.0589915 -0.148857 0.00362727 -9.99971e-05 -0.00161794 -1.24003 0.164531 0.343904 -0.720676 1.60516 -0.00763946 -0.000134862 -0.648905 0.69304 0.686178 -0.832633 -1.6057 0.0504022 0.00958352 
2.78	36	0.996211 0.189566 -0.041074 1.66573 0.638413 6.23994 -0.199863 0.111123 -1.10838 0.579211 -0.0834659 0.0296678 0.274219 -0.0896299 -0.778152 0.67436 -0.493056 -0.0589915 -0.148857 0.00362726 -9.9997e-05 -0.00161793 -1.24018 0.164505 0.343904 -0.720431 1.60516 -0.00763945 -0.000134862 -0.648909 0.69304 0.686148 -0.832686 -1.6057 0.0502481 0.00951061 
2.79	36	0.996221 0.189556 -0.0411015 1.66605 0.638397 6.24008 -0.199748 0.110983 -1.1081 0.578488 -0.0804025 0.0268921 0.274096 -0.0896145 -0.778117 0.674414 -0.493151 -0.0589818 -0.149048 0.00352707 -9.99969e-05 -0.00161793 -1.24015 0.164452 0.343904 -0.720363 1.60516 -0.00762478 -0.000142723 -0.64896 0.693014 0.686082 -0.832691 -1.6057 0.0499826 0.00945363 
2.8	36	0.996227 0.18952 -0.0410997 1.66606 0.638461 6.24005 -0.199755 0.110975 -1.10819 0.578507 -0.0806159 0.0271179 0.274244 -0.0895073 -0.778085 0.674386 -0.492718 -0.0589082 -0.149048 0.00347851 -9.99969e-05 -0.00161793 -1.24025 0.164446 0.343904 -0.720324 1.60516 -0.00772867 -0.000242111 -0.64903 0.693023 0.68607 -0.832732 -1.6057 0.04986 0.00942978 
2.81	36	0.996221 0.189499 -0.0410926 1.66602 0.638483 6.24002 -0.199756 0.110976 -1.10821 0.578525 -0.0808498 0.0272824 0.27424 -0.089505 -0.77812 0.674359 -0.492718 -0.0589082 -0.149039 0.0034785 -9.99968e-05 -0.00161792 -1.24034 0.164445 0.343904 -0.720236 1.60516 -0.00772867 -0.000242111 -0.649036 0.693023 0.686061 -0.832791 -1.6057 0.0498589 0.00941309 
2.82	36	0.996214 0.189486 -0.0410857 1.66599 0.638478 6.23998 -0.199757 0.110976 -1.10821 0.578578 -0.0811099 0.0274209 0.27424 -0.0894885 -0.77812 0.674334 -0.492718 -0.0589082 -0.149025 0.00347849 -9.99968e-05 -0.00161792 -1.24041 0.164445 0.343904 -0.720106 1.60516 -0.00772867 -0.000242111 -0.649036 0.693023 0.686033 -0.832817 -1.6057 0.0498522 0.00939216 
2.83	36	0.996203 0.189468 -0.041076 1.66596 0.63849 6.23995 -0.199757 0.110964 -1.10822 0.578593 -0.0813357 0.0275352 0.274257 -0.0894845 -0.778113 0.674294 -0.492698 -0.0589083 -0.149018 0.00347383 -9.99967e-05 -0.00161791 -1.2405 0.164442 0.343904 -0.719994 1.60516 -0.007754 -0.000292319 -0.64905 0.69303 0.686015 -0.832796 -1.6057 0.0497583 0.00908593 
2.84	36	0.996192 0.189452 -0.0410685 1.66593 0.638481 6.23991 -0.199757 0.110964 -1.10822 0.57863 -0.0815576 0.0276301 0.274257 -0.0894758 -0.778115 0.674274 -0.492698 -0.0589082 -0.149005 0.00347382 -9.99967e-05 -0.00161791 -1.24061 0.164442 0.343904 -0.719818 1.60516 -0.007754 -0.000292319 -0.64905 0.69303 0.685985 -0.832821 -1.6057 0.0497251 0.00906568 
2.85	36	0.996182 0.189432 -0.0410599 1.66591 0.638481 6.23987 -0.199757 0.110954 -1.10823 0.578644 -0.081742 0.027699 0.274275 -0.089473 -0.778109 0.674251 -0.492678 -0.0589083 -0.148998 0.00347119 -9.99966e-05 -0.0016179 -1.24072 0.164437 0.343904 -0.719664 1.60516 -0.00777288 -0.000337905 -0.64905 0.69303 0.68596 -0.832858 -1.6057 0.049566 0.009187 
2.86	36	0.996169 0.189413 -0.0410522 1.66588 0.63847 6.23984 -0.199757 0.110954 -1.10823 0.578668 -0.0819225 0.0277556 0.274275 -0.089472 -0.778112 0.674234 -0.492676 -0.0589083 -0.148987 0.00347117 -9.99965e-05 -0.0016179 -1.24084 0.164437 0.343904 -0.719463 1.60516 -0.00777288 -0.000337905 -0.64905 0.69303 0.685935 -0.832878 -1.6057 0.049503 0.00915013 
2.87	36	0.996155 0.189394 -0.0410446 1.66585 0.638456 6.23981 -0.199757 0.110954 -1.10823 0.578693 -0.0820968 0.0278026 0.274275 -0.0894714 -0.778118 0.674224 -0.492672 -0.0589083 -0.148976 0.00347116 -9.99965e-05 -0.00161789 -1.24096 0.164437 0.343904 -0.719251 1.60516 -0.00777288 -0.000337905 -0.64905 0.69303 0.685918 -0.832899 -1.6057 0.0494208 0.00910947 
2.88	36	0.996142 0.189375 -0.0410371 1.66582 0.638443 6.23977 -0.199757 0.110954 -1.10823 0.578715 -0.0822669 0.0278512 0.274275 -0.0894711 -0.778122 0.67421 -0.49267 -0.0589083 -0.148965 0.00347115 -9.99964e-05 -0.00161789 -1.24108 0.164437 0.343904 -0.719044 1.60516 -0.00777288 -0.000337905 -0.64905 0.69303 0.685904 -0.832919 -1.6057 0.0493318 0.00906805 
2.89	36	0.99613 0.189353 -0.0410292 1.66581 0.638441 6.23975 -0.199757 0.110941 -1.10824 0.578729 -0.0824117 0.0278762 0.274323 -0.0894593 -0.778086 0.674233 -0.492597 -0.0589042 -0.148959 0.00346442 -9.99964e-05 -0.00161788 -1.24121 0.164435 0.343904 -0.718885 1.60516 -0.00783018 -0.000386643 -0.649051 0.69303 0.685866 -0.832955 -1.6057 0.0491982 0.00905719 
2.9	36	0.996119 0.18933 -0.0410222 1.66581 0.63844 6.23971 -0.199757 0.110941 -1.10825 0.578732 -0.0825459 0.0279164 0.27432 -0.0894589 -0.778111 0.674214 -0.492597 -0.0589042 -0.148947 0.00346441 -9.99964e-05 -0.00161788 -1.2413 0.164396 0.343904 -0.718748 1.60516 -0.00780676 -0.000386643 -0.649051 0.69303 0.685831 -0.833021 -1.6057 0.049051 0.00898559 
2.91	36	0.996105 0.189311 -0.0410154 1.66579 0.638426 6.23968 -0.199757 0.110941 -1.10825 0.578747 -0.0826802 0.027942 0.274319 -0.0894589 -0.778122 0.674211 -0.492597 -0.0589042 -0.148928 0.0034644 -9.99963e-05 -0.00161787 -1.24139 0.164366 0.343904 -0.71858 1.60516 -0.00780676 -0.000386643 -0.649051 0.69303 0.6858 -0.833052 -1.6057 0.0489152 0.00892021 
2.92	36	0.996091 0.189292 -0.0410082 1.66577 0.638414 6.23964 -0.199757 0.110941 -1.10825 0.578764 -0.0828257 0.0279796 0.274319 -0.0894589 -0.778128 0.674199 -0.492596 -0.0589042 -0.148903 0.00346439 -9.99962e-05 -0.00161787 -1.24149 0.164336 0.343904 -0.718422 1.60516 -0.00780676 -0.000386643 -0.649051 0.69303 0.685765 -0.833079 -1.6057 0.0487916 0.00885542 
2.93	36	0.996109 0.189285 -0.0410385 1.66616 0.638419 6.23984 -0.199647 0.110733 -1.10798 0.57797 -0.079598 0.0252428 0.274372 -0.0894691 -0.77807 0.674283 -0.492386 -0.0588332 -0.149133 0.00335292 -9.99963e-05 -0.00161786 -1.24143 0.1643 0.343904 -0.718418 1.60516 -0.00779673 -0.000303932 -0.649128 0.693013 0.685723 -0.833023 -1.6057 0.0483754 0.00885392 
2.94	36	0.996122 0.189257 -0.0410404 1.66619 0.638461 6.23981 -0.19967 0.110724 -1.10804 0.578021 -0.0798508 0.0255407 0.274592 -0.0894464 -0.778089 0.674286 -0.492034 -0.058749 -0.149129 0.00331985 -9.99961e-05 -0.00161786 -1.24149 0.164296 0.343904 -0.718405 1.60516 -0.00786745 -0.000385449 -0.649237 0.69302 0.685705 -0.833039 -1.6057 0.0481793 0.00881567 
2.95	36	0.996121 0.189242 -0.0410375 1.66619 0.638482 6.23978 -0.199699 0.110724 -1.10805 0.578057 -0.0801119 0.0258049 0.274734 -0.0894703 -0.77811 0.67427 -0.491885 -0.0588054 -0.149125 0.00331369 -9.99961e-05 -0.00161785 -1.24152 0.164269 0.343904 -0.71839 1.60516 -0.00785911 -0.000425333 -0.649243 0.69302 0.685691 -0.833106 -1.6057 0.0481348 0.00878804 
2.96	36	0.996122 0.189241 -0.0410335 1.66619 0.638477 6.23977 -0.199732 0.110721 -1.10805 0.57816 -0.0804255 0.0260029 0.274734 -0.0894557 -0.77811 0.67427 -0.491885 -0.0588055 -0.149124 0.00331369 -9.9996e-05 -0.00161785 -1.24152 0.164251 0.343904 -0.71837 1.60516 -0.00785911 -0.000425333 -0.649243 0.69302 0.685678 -0.833117 -1.6057 0.0480972 0.00876802 
2.97	36	0.996123 0.189241 -0.0410298 1.6662 0.638474 6.23976 -0.199764 0.110713 -1.10805 0.578257 -0.0807321 0.0262133 0.274734 -0.0894457 -0.778111 0.674269 -0.491885 -0.0588055 -0.149123 0.00331368 -9.99959e-05 -0.00161785 -1.24152 0.164239 0.343904 -0.718355 1.60516 -0.0078591 -0.000425333 -0.649243 0.69302 0.685675 -0.833124 -1.6057 0.0480603 0.00875118 
2.98	36	0.996123 0.18924 -0.041026 1.6662 0.638471 6.23975 -0.199794 0.110708 -1.10805 0.578344 -0.0810169 0.0264028 0.274734 -0.0894353 -0.778111 0.674265 -0.491885 -0.0588055 -0.14912 0.00331367 -9.99959e-05 -0.00161784 -1.24152 0.164223 0.343904 -0.718343 1.60516 -0.0078591 -0.000425333 -0.649243 0.69302 0.685668 -0.833135 -1.6057 0.0480162 0.00873071 
2.99	36	0.996121 0.189236 -0.0410206 1.6662 0.638475 6.23974 -0.19982 0.110702 -1.10805 0.578405 -0.0812779 0.026582 0.274734 -0.0894325 -0.778111 0.674243 -0.491885 -0.0588055 -0.149109 0.00331366 -9.99959e-05 -0.00161784 -1.24153 0.164196 0.343904 -0.718341 1.60516 -0.0078591 -0.000425333 -0.649243 0.69302 0.685652 -0.833152 -1.6057 0.0479598 0.00869938 
3	36	0.996116 0.189228 -0.0410135 1.66617 0.638482 6.23971 -0.199821 0.1107 -1.10805 0.57844 -0.0815061 0.0267227 0.274734 -0.0894189 -0.778113 0.674214 -0.491884 -0.0588055 -0.149072 0.00331366 -9.99958e-05 -0.00161783 -1.24154 0.16416 0.343904 -0.718335 1.60516 -0.00785909 -0.000425333 -0.649243 0.69302 0.685632 -0.833178 -1.6057 0.0478758 0.00865368 
3.01	36	0.996149 0.189233 -0.0410102 1.66669 0.638506 6.23998 -0.199712 0.11044 -1.10775 0.577659 -0.0785868 0.0241066 0.274426 -0.0893723 -0.778211 0.673982 -0.48881 -0.0595049 -0.149437 0.00324473 -9.99957e-05 -0.00161783 -1.24145 0.164145 0.343904 -0.718354 1.60516 -0.00777093 -0.000384698 -0.64925 0.693065 0.685629 -0.833145 -1.6057 0.0470262 0.00942435 
3.02	36	0.996161 0.189231 -0.0409964 1.6667 0.638522 6.23998 -0.199727 0.11044 -1.10775 0.577731 -0.0789365 0.0242777 0.274427 -0.0893563 -0.778236 0.673982 -0.48882 -0.0595049 -0.149439 0.00324472 -9.99957e-05 -0.00161782 -1.24145 0.164146 0.343904 -0.718355 1.60516 -0.0077706 -0.000384698 -0.649258 0.693104 0.685629 -0.833112 -1.6057 0.0469419 0.00934553 
3.03	36	0.996162 0.189229 -0.0409854 1.66671 0.638535 6.23998 -0.199757 0.110434 -1.10775 0.5778 -0.0792646 0.0244649 0.274454 -0.0893562 -0.778233 0.673996 -0.488813 -0.0594977 -0.149439 0.00324471 -9.99956e-05 -0.00161782 -1.24145 0.164141 0.343904 -0.718355 1.60516 -0.00780633 -0.000364333 -0.649262 0.693104 0.685618 -0.833112 -1.6057 0.0469329 0.00929215 
3.04	36	0.996164 0.189227 -0.0409699 1.66671 0.638553 6.23997 -0.19977 0.110434 -1.10775 0.57785 -0.0795665 0.0245736 0.274454 -0.0893562 -0.778255 0.673996 -0.488813 -0.0594977 -0.149439 0.00324471 -9.99956e-05 -0.00161781 -1.24145 0.164139 0.343904 -0.718355 1.60516 -0.00780632 -0.000364333 -0.649262 0.693104 0.685618 -0.833111 -1.6057 0.0469329 0.00924546 
3.05	36	0.996166 0.189225 -0.0409546 1.66671 0.63857 6.23997 -0.199783 0.110434 -1.10775 0.5779 -0.0798672 0.0246859 0.274454 -0.0893561 -0.778277 0.673996 -0.488813 -0.0594977 -0.149439 0.00324471 -9.99955e-05 -0.00161781 -1.24145 0.164138 0.343904 -0.718355 1.60516 -0.00780632 -0.000364333 -0.649262 0.693104 0.685618 -0.833111 -1.6057 0.0469327 0.00920052 
3.06	36	0.996167 0.189222 -0.0409399 1.6667 0.638587 6.23996 -0.199797 0.110434 -1.10775 0.577951 -0.080163 0.0247991 0.274454 -0.0893561 -0.778298 0.673996 -0.488813 -0.0594977 -0.149439 0.0032447 -9.99955e-05 -0.0016178 -1.24145 0.164136 0.343904 -0.718355 1.60516 -0.00780631 -0.000364333 -0.649262 0.693104 0.685618 -0.833111 -1.6057 0.0469327 0.00915744 
3.07	36	0.996169 0.18922 -0.0409251 1.6667 0.638604 6.23996 -0.19981 0.110434 -1.10775 0.577999 -0.0804533 0.0249082 0.274454 -0.089356 -0.77832 0.673996 -0.488813 -0.0594977 -0.149439 0.00324469 -9.99954e-05 -0.0016178 -1.24145 0.164134 0.343904 -0.718355 1.60516 -0.00780631 -0.000364333 -0.649262 0.693104 0.685618 -0.833111 -1.6057 0.0469327 0.0091158 
3.08	36	0.99617 0.189218 -0.0409107 1.6667 0.638621 6.23995 -0.199823 0.110434 -1.10775 0.578046 -0.0807373 0.0250152 0.274454 -0.089356 -0.778341 0.673996 -0.488813 -0.0594977 -0.149439 0.00324469 -9.99954e-05 -0.00161779 -1.24145 0.164133 0.343904 -0.718355 1.60516 -0.00780631 -0.000364333 -0.649262 0.693104 0.685618 -0.833111 -1.6057 0.0469327 0.00907588 
3.09	36	0.996171 0.189216 -0.0408963 1.6667 0.638638 6.23994 -0.199833 0.110434 -1.10775 0.578089 -0.0810092 0.0251129 0.274454 -0.089356 -0.778362 0.673996 -0.488813 -0.0594977 -0.149438 0.00324468 -9.99953e-05 -0.00161779 -1.24146 0.164132 0.343904 -0.718355 1.60516 -0.0078063 -0.000364333 -0.649262 0.693104 0.685618 -0.833111 -1.6057 0.0469327 0.00903714 
3.1	36	0.996172 0.189214 -0.0408837 1.66669 0.638652 6.23994 -0.199846 0.110434 -1.10775 0.578134 -0.0812732 0.025224 0.274454 -0.089356 -0.77838 0.673996 -0.488813 -0.0594977 -0.149436 0.00324468 -9.99952e-05 -0.00161778 -1.24146 0.16413 0.343904 -0.718355 1.60516 -0.0078063 -0.000364333 -0.649262 0.693104 0.685618 -0.833111 -1.6057 0.0469326 0.00900018 
3.11	36	0.996172 0.189211 -0.0408704 1.66668 0.638669 6.23993 -0.199853 0.110434 -1.10775 0.578166 -0.08152 0.0253196 0.274454 -0.089356 -0.778401 0.673996 -0.488813 -0.0594978 -0.149429 0.00324467 -9.99952e-05 -0.00161778 -1.24146 0.164129 0.343904 -0.718355 1.60516 -0.0078063 -0.000364333 -0.649262 0.693104 0.685618 -0.833111 -1.6057 0.0469324 0.00896336 
3.12	36	0.996172 0.189207 -0.0408585 1.66668 0.638685 6.23992 -0.199863 0.110433 -1.10775 0.5782 -0.0817609 0.0254256 0.274454 -0.089356 -0.77842 0.673996 -0.488813 -0.0594978 -0.149423 0.00324467 -9.99951e-05 -0.00161778 -1.24146 0.164127 0.343904 -0.718355 1.60516 -0.00780629 -0.000364333 -0.649262 0.693104 0.685618 -0.833113 -1.6057 0.046929 0.00892715 
3.13	36	0.996172 0.189204 -0.0408461 1.66667 0.6387 6.23992 -0.199866 0.110433 -1.10775 0.578224 -0.0819705 0.0254997 0.274454 -0.089356 -0.77844 0.673996 -0.488813 -0.0594978 -0.149416 0.00324466 -9.99951e-05 -0.00161777 -1.24147 0.164125 0.343904 -0.718355 1.60516 -0.00780629 -0.000364333 -0.649262 0.693104 0.685618 -0.833114 -1.6057 0.046926 0.00889205 
3.14	36	0.996172 0.189201 -0.0408336 1.66665 0.638717 6.23991 -0.199867 0.110433 -1.10775 0.578242 -0.0821738 0.0255687 0.274454 -0.089356 -0.778461 0.673996 -0.488813 -0.0594978 -0.149406 0.00324466 -9.9995e-05 -0.00161777 -1.24147 0.164123 0.343904 -0.718355 1.60516 -0.00780628 -0.000364333 -0.649263 0.693104 0.685618 -0.833116 -1.6057 0.046922 0.00885725 
3.15	36	0.99617 0.189196 -0.0408218 1.66664 0.638733 6.2399 -0.199868 0.110433 -1.10775 0.578256 -0.0823661 0.0256427 0.274453 -0.089356 -0.778483 0.673996 -0.488813 -0.0594978 -0.149394 0.00324466 -9.9995e-05 -0.00161776 -1.24148 0.164114 0.343904 -0.718355 1.60516 -0.00780628 -0.000364333 -0.649263 0.693104 0.685618 -0.833124 -1.6057 0.0468949 0.0088156 
3.16	36	0.996169 0.18919 -0.0408102 1.66663 0.638748 6.23988 -0.199869 0.110433 -1.10775 0.578271 -0.0825583 0.0257139 0.274453 -0.089356 -0.778507 0.673996 -0.488813 -0.0594978 -0.14938 0.00324466 -9.99949e-05 -0.00161776 -1.24148 0.164095 0.343904 -0.718355 1.60516 -0.00780628 -0.000364333 -0.649263 0.693104 0.685618 -0.833138 -1.6057 0.0468378 0.00876521 
3.17	36	0.996166 0.189182 -0.0407983 1.66662 0.638762 6.23987 -0.199869 0.110433 -1.10775 0.57828 -0.0827349 0.0257662 0.274452 -0.089356 -0.778533 0.673996 -0.488813 -0.0594978 -0.149364 0.00324465 -9.99949e-05 -0.00161775 -1.24149 0.164066 0.343904 -0.718355 1.60516 -0.00780627 -0.000364333 -0.649263 0.693104 0.685618 -0.833159 -1.6057 0.0467465 0.00870434 
3.18	36	0.996163 0.189175 -0.0407873 1.66663 0.638773 6.23986 -0.199869 0.110433 -1.10775 0.578285 -0.0828787 0.0257911 0.274449 -0.089356 -0.778557 0.673996 -0.488813 -0.0594979 -0.149351 0.00324465 -9.99948e-05 -0.00161775 -1.24149 0.164029 0.343904 -0.718354 1.60516 -0.00780627 -0.000364333 -0.649263 0.693104 0.685618 -0.833183 -1.6057 0.0466255 0.00863516 
3.19	36	0.99616 0.189167 -0.0407765 1.66663 0.638783 6.23984 -0.199869 0.110433 -1.10775 0.578291 -0.0830223 0.0258144 0.274447 -0.089356 -0.778581 0.673996 -0.488813 -0.0594979 -0.149335 0.00324465 -9.99948e-05 -0.00161774 -1.2415 0.163986 0.343904 -0.71835 1.60516 -0.00780627 -0.000364333 -0.649263 0.693104 0.685618 -0.83321 -1.6057 0.0464867 0.00856098 
3.2	36	0.996157 0.189158 -0.0407657 1.66663 0.638793 6.23982 -0.199869 0.110433 -1.10775 0.578297 -0.0831716 0.0258476 0.274445 -0.089356 -0.778607 0.673995 -0.488813 -0.0594979 -0.14932 0.00324465 -9.99947e-05 -0.00161774 -1.24151 0.163946 0.343904 -0.718343 1.60516 -0.00780626 -0.000364334 -0.649263 0.693104 0.685618 -0.83324 -1.6057 0.0463551 0.00848992 
3.21	36	0.996152 0.189147 -0.0407549 1.66663 0.638802 6.23981 -0.199869 0.110433 -1.10775 0.578299 -0.0833185 0.0258822 0.274443 -0.0893561 -0.778635 0.673995 -0.488813 -0.0594979 -0.149307 0.00324466 -9.99947e-05 -0.00161773 -1.24153 0.163906 0.343904 -0.718313 1.60516 -0.00780626 -0.000364334 -0.649263 0.693104 0.685618 -0.833275 -1.6057 0.0462163 0.00841688 
3.22	36	0.996154 0.189184 -0.0408118 1.66696 0.638667 6.23999 -0.200299 0.110582 -1.10744 0.577524 -0.0794062 0.022227 0.274404 -0.0892556 -0.778418 0.674245 -0.488918 -0.0607939 -0.149483 0.00325837 -9.99947e-05 -0.00161773 -1.24146 0.163898 0.343904 -0.718298 1.60516 -0.00781359 -0.000419362 -0.649248 0.693081 0.685576 -0.833222 -1.6057 0.0459073 0.0083118 
3.23	36	0.99618 0.189168 -0.0408175 1.66702 0.638683 6.23997 -0.20035 0.110575 -1.10744 0.577576 -0.0797123 0.0227097 0.274659 -0.089253 -0.778404 0.674233 -0.488722 -0.0607976 -0.149484 0.00325709 -9.99946e-05 -0.00161772 -1.24149 0.163897 0.343904 -0.718301 1.60516 -0.0077525 -0.000347273 -0.64934 0.693136 0.685576 -0.833227 -1.6057 0.0456141 0.00822311 
3.24	36	0.996198 0.18915 -0.0408092 1.66706 0.638711 6.23996 -0.200358 0.110543 -1.10744 0.577581 -0.0799963 0.0230101 0.274671 -0.0892269 -0.778449 0.674228 -0.488739 -0.0607934 -0.149484 0.00325708 -9.99945e-05 -0.00161772 -1.24151 0.163896 0.343904 -0.718302 1.60516 -0.00765439 -0.000321956 -0.649456 0.693166 0.685576 -0.833181 -1.6057 0.0453494 0.00822225 
3.25	36	0.996203 0.189144 -0.0407973 1.66706 0.638731 6.23995 -0.200358 0.11051 -1.10744 0.577614 -0.0802877 0.0232097 0.274671 -0.0892235 -0.778482 0.674228 -0.488739 -0.0607917 -0.149484 0.00325707 -9.99944e-05 -0.00161771 -1.24152 0.163896 0.343904 -0.718302 1.60516 -0.0076325 -0.000321956 -0.64947 0.693181 0.685576 -0.833181 -1.6057 0.0452975 0.00818101 
3.26	36	0.996204 0.189142 -0.0407856 1.66706 0.638745 6.23994 -0.200358 0.110474 -1.10744 0.577666 -0.0805822 0.0233776 0.274671 -0.0892233 -0.778499 0.674228 -0.488739 -0.0607879 -0.149483 0.00325707 -9.99944e-05 -0.00161771 -1.24152 0.163896 0.343904 -0.718302 1.60516 -0.00763243 -0.000321956 -0.64947 0.693182 0.685576 -0.833181 -1.6057 0.0452975 0.00815669 
3.27	36	0.996205 0.189141 -0.0407748 1.66705 0.638757 6.23994 -0.200358 0.11044 -1.10744 0.577714 -0.0808529 0.0235326 0.274671 -0.0892229 -0.778515 0.674228 -0.488739 -0.0607878 -0.149483 0.00325707 -9.99943e-05 -0.00161771 -1.24152 0.163895 0.343904 -0.718302 1.60516 -0.00763243 -0.000321956 -0.64947 0.693183 0.685576 -0.833181 -1.6057 0.0452975 0.00813326 
3.28	36	0.996206 0.189139 -0.0407638 1.66705 0.63877 6.23993 -0.200358 0.110413 -1.10744 0.577755 -0.0811036 0.0236649 0.274671 -0.0892227 -0.778531 0.674228 -0.488739 -0.0607878 -0.149483 0.00325707 -9.99943e-05 -0.0016177 -1.24152 0.163895 0.343904 -0.718302 1.60516 -0.00763242 -0.000321956 -0.64947 0.693185 0.685576 -0.833181 -1.6057 0.0452975 0.00811056 
3.29	36	0.996207 0.189137 -0.0407529 1.66705 0.638783 6.23993 -0.200358 0.110386 -1.10744 0.577796 -0.081354 0.0237979 0.274671 -0.0892225 -0.778546 0.674228 -0.488739 -0.0607878 -0.149483 0.00325707 -9.99942e-05 -0.0016177 -1.24152 0.163895 0.343904 -0.718302 1.60516 -0.00763242 -0.000321956 -0.64947 0.693186 0.685576 -0.833181 -1.6057 0.0452975 0.0080886 
3.3	36	0.996208 0.189136 -0.0407426 1.66705 0.638796 6.23992 -0.20036 0.11036 -1.10744 0.577837 -0.0815997 0.0239339 0.274671 -0.0892224 -0.778562 0.674228 -0.488739 -0.0607863 -0.149483 0.00325706 -9.99942e-05 -0.00161769 -1.24152 0.163895 0.343904 -0.718302 1.60516 -0.00763242 -0.000321956 -0.64947 0.693187 0.685576 -0.833181 -1.6057 0.0452975 0.00806767 
3.31	36	0.996208 0.189134 -0.0407326 1.66704 0.638809 6.23992 -0.200364 0.110344 -1.10744 0.577872 -0.0818286 0.02406 0.274671 -0.0892224 -0.778577 0.674228 -0.488739 -0.0607863 -0.149479 0.00325706 -9.99941e-05 -0.00161769 -1.24152 0.163895 0.343904 -0.718302 1.60516 -0.00763242 -0.000321956 -0.649471 0.693188 0.685576 -0.833181 -1.6057 0.0452975 0.00804721 
3.32	36	0.996209 0.189131 -0.040723 1.66703 0.638822 6.23991 -0.200367 0.110331 -1.10744 0.577897 -0.0820272 0.024165 0.274671 -0.0892224 -0.778595 0.674228 -0.488739 -0.0607853 -0.149476 0.00325706 -9.99941e-05 -0.00161768 -1.24153 0.163895 0.343904 -0.718302 1.60516 -0.00763241 -0.000321956 -0.649475 0.693189 0.685576 -0.833181 -1.6057 0.0452975 0.00802856 
3.33	36	0.996209 0.189127 -0.0407135 1.66702 0.638837 6.23991 -0.200374 0.110323 -1.10744 0.577922 -0.082238 0.0242915 0.274671 -0.0892224 -0.778613 0.674227 -0.488739 -0.0607853 -0.149469 0.00325706 -9.9994e-05 -0.00161768 -1.24153 0.163895 0.343904 -0.718302 1.60516 -0.00763241 -0.000321956 -0.649481 0.69319 0.685576 -0.833181 -1.6057 0.0452975 0.00801055 
3.34	36	0.996208 0.189122 -0.0407037 1.66701 0.638853 6.2399 -0.200377 0.110319 -1.10744 0.577934 -0.0824247 0.0244019 0.274671 -0.0892224 -0.778633 0.674224 -0.488739 -0.0607853 -0.149458 0.00325707 -9.9994e-05 -0.00161767 -1.24154 0.163894 0.343904 -0.718302 1.60516 -0.00763241 -0.000321957 -0.649487 0.693191 0.685576 -0.833184 -1.6057 0.0452967 0.00799194 
