3.99	36	1.71567 -0.0687842 -1.52807 4.15972 0.805609 0.0580609 -0.149018 0.0970614 -1.08219 0.402108 -0.380619 0.0132234 0.140932 0.584837 -0.890548 0.78634 -0.347841 -0.0618616 -0.375308 0.329202 -0.000100947 -0.00125653 -0.611937 0.174533 0.0751295 -1.57098 1.6057 -0.00062915 -0.000384829 -1.9662 0.651571 0.00954975 -1.0475 -1.6057 0.0213667 0.0113193 
4	36	1.71567 -0.0687877 -1.52807 4.15973 0.80561 0.0580624 -0.149026 0.0970649 -1.08219 0.402102 -0.380617 0.0132234 0.140928 0.584837 -0.890548 0.786342 -0.347836 -0.0618616 -0.375308 0.329198 -0.000100946 -0.00125653 -0.611937 0.174533 0.0751295 -1.571 1.6057 -0.00062915 -0.000384829 -1.9662 0.651573 0.00954976 -1.0475 -1.6057 0.0212757 0.0114123 
4.01	36	1.71566 -0.0687909 -1.52807 4.15973 0.805611 0.0580653 -0.149035 0.0970671 -1.08218 0.402093 -0.380617 0.0132233 0.14092 0.584837 -0.890548 0.786344 -0.347832 -0.0618617 -0.375308 0.329194 -0.000100946 -0.00125653 -0.611937 0.174533 0.0751295 -1.57103 1.6057 -0.00062915 -0.000384829 -1.9662 0.651574 0.00954976 -1.0475 -1.6057 0.0211929 0.0114981 
4.02	36	1.71566 -0.0687945 -1.52807 4.15974 0.805611 0.0580674 -0.149044 0.0970694 -1.08217 0.402087 -0.380618 0.0132233 0.140914 0.584837 -0.890548 0.786348 -0.347827 -0.0618617 -0.375308 0.329191 -0.000100946 -0.00125652 -0.611937 0.174533 0.0751295 -1.57105 1.6057 -0.000629151 -0.000384829 -1.9662 0.651576 0.00954977 -1.0475 -1.6057 0.0211067 0.0115871 
4.03	36	1.71566 -0.0687969 -1.52807 4.15974 0.805612 0.058067 -0.149049 0.0970716 -1.08216 0.402072 -0.380617 0.0132233 0.14091 0.584837 -0.890548 0.78635 -0.347825 -0.0618617 -0.375308 0.329189 -0.000100946 -0.00125652 -0.611937 0.174533 0.0751295 -1.57108 1.6057 -0.000629151 -0.000384829 -1.9662 0.651577 0.00954978 -1.0475 -1.6057 0.0210492 0.0116477 
4.04	36	1.71566 -0.0687998 -1.52807 4.15975 0.805614 0.0580688 -0.149056 0.0970744 -1.08215 0.402062 -0.380616 0.0132232 0.140905 0.584837 -0.890548 0.786351 -0.347823 -0.0618618 -0.375308 0.329184 -0.000100946 -0.00125651 -0.611937 0.174533 0.0751295 -1.5711 1.6057 -0.000629152 -0.000384829 -1.9662 0.651578 0.00954979 -1.0475 -1.6057 0.0209726 0.0117257 
4.05	36	1.71566 -0.0688034 -1.52807 4.15976 0.805615 0.0580708 -0.149065 0.0970774 -1.08214 0.402051 -0.380616 0.0132232 0.140899 0.584837 -0.890548 0.786353 -0.347819 -0.0618618 -0.375308 0.32918 -0.000100946 -0.00125651 -0.611937 0.174533 0.0751295 -1.57112 1.6057 -0.000629152 -0.000384829 -1.9662 0.651579 0.0095498 -1.0475 -1.6057 0.0208802 0.0118202 
4.06	36	1.71566 -0.0688071 -1.52806 4.15977 0.805615 0.0580723 -0.149074 0.0970805 -1.08213 0.402045 -0.380616 0.0132232 0.140893 0.584837 -0.890548 0.786356 -0.347816 -0.0618619 -0.375308 0.329176 -0.000100946 -0.00125651 -0.611937 0.174533 0.0751295 -1.57114 1.6057 -0.000629152 -0.000384829 -1.9662 0.65158 0.0095498 -1.0475 -1.6057 0.0207905 0.0119115 
4.07	36	1.71566 -0.0688151 -1.52807 4.1598 0.805615 0.0580871 -0.149103 0.0970512 -1.0821 0.402002 -0.380617 0.0131224 0.140889 0.584835 -0.890548 0.786358 -0.347819 -0.0618619 -0.375325 0.32914 -0.000100945 -0.0012565 -0.611937 0.174533 0.0751295 -1.57119 1.6057 -0.000629153 -0.000384829 -1.96623 0.651599 0.00956897 -1.04737 -1.6057 0.0206797 0.0119982 
4.08	36	1.71566 -0.0688205 -1.52806 4.15981 0.805615 0.0580877 -0.149115 0.0970565 -1.08209 0.40199 -0.380617 0.0131224 0.140883 0.584835 -0.890548 0.786361 -0.347817 -0.0618619 -0.375325 0.329134 -0.000100945 -0.0012565 -0.611937 0.174533 0.0751295 -1.57126 1.6057 -0.000629153 -0.000384829 -1.96623 0.651599 0.00956897 -1.04737 -1.6057 0.0205484 0.0121302 
4.09	36	1.71566 -0.0688247 -1.52806 4.15982 0.805616 0.0580877 -0.149124 0.0970616 -1.08207 0.40198 -0.380617 0.0131223 0.14088 0.584835 -0.890548 0.786362 -0.347815 -0.061862 -0.375325 0.329129 -0.000100945 -0.0012565 -0.611937 0.174533 0.0751295 -1.57131 1.6057 -0.000629153 -0.000384829 -1.96623 0.651599 0.00956898 -1.04737 -1.6057 0.0204399 0.0122389 
4.1	36	1.71566 -0.0688275 -1.52806 4.15982 0.805615 0.0580874 -0.14913 0.0970644 -1.08206 0.401972 -0.380617 0.0131223 0.140877 0.584835 -0.890548 0.786364 -0.347811 -0.061862 -0.375325 0.329127 -0.000100945 -0.00125649 -0.611937 0.174533 0.0751295 -1.57133 1.6057 -0.000629154 -0.000384829 -1.96623 0.6516 0.00956899 -1.04737 -1.6057 0.0203764 0.0123047 
4.11	36	1.71566 -0.0688305 -1.52806 4.15983 0.805615 0.0580873 -0.149136 0.0970668 -1.08205 0.401959 -0.380617 0.0131223 0.140872 0.584835 -0.890548 0.786368 -0.347809 -0.061862 -0.375325 0.329124 -0.000100945 -0.00125649 -0.611937 0.174533 0.0751295 -1.57135 1.6057 -0.000629154 -0.000384829 -1.96623 0.6516 0.009569 -1.04737 -1.6057 0.0203082 0.0123756 
4.12	36	1.71566 -0.0688343 -1.52806 4.15984 0.805616 0.0580877 -0.149145 0.0970708 -1.08204 0.401946 -0.380616 0.0131222 0.140868 0.584835 -0.890548 0.786368 -0.347802 -0.0618621 -0.375325 0.329121 -0.000100945 -0.00125648 -0.611937 0.174533 0.0751295 -1.57135 1.6057 -0.000629154 -0.000384829 -1.96623 0.6516 0.00956901 -1.04737 -1.6057 0.0202161 0.0124694 
4.13	36	1.71565 -0.0688395 -1.52806 4.15985 0.805614 0.0580875 -0.149156 0.0970757 -1.08203 0.401941 -0.380616 0.0131222 0.140863 0.584835 -0.890548 0.786375 -0.347801 -0.0618621 -0.375325 0.329117 -0.000100945 -0.00125648 -0.611937 0.174533 0.0751295 -1.57136 1.6057 -0.000629155 -0.000384829 -1.96623 0.6516 0.00956901 -1.04737 -1.6057 0.0200954 0.0125909 
4.14	36	1.71565 -0.0688472 -1.52806 4.15991 0.805606 0.0581187 -0.149204 0.0970125 -1.08198 0.401892 -0.380628 0.0129265 0.140861 0.584831 -0.890548 0.786375 -0.347806 -0.0618621 -0.375357 0.32906 -0.000100945 -0.00125648 -0.611937 0.174533 0.0751295 -1.57137 1.6057 -0.000629155 -0.000384829 -1.96626 0.651617 0.00959484 -1.04718 -1.6057 0.0200033 0.012665 
4.15	36	1.71561 -0.0688654 -1.52811 4.16029 0.805471 0.0583305 -0.14927 0.0966889 -1.08196 0.401803 -0.37919 0.0135721 0.14075 0.584841 -0.890536 0.786466 -0.347841 -0.0618693 -0.375595 0.32903 -0.000100944 -0.00125647 -0.611869 0.174533 0.0751295 -1.5714 1.6057 -0.000629155 -0.000384829 -1.96621 0.651588 0.00960883 -1.04701 -1.6057 0.0196209 0.0130818 
4.16	36	1.7156 -0.068882 -1.5281 4.1603 0.805479 0.0583201 -0.149293 0.0967046 -1.08193 0.4018 -0.379266 0.013572 0.14075 0.584836 -0.890536 0.786464 -0.347841 -0.0618698 -0.375592 0.328948 -0.000100944 -0.00125647 -0.611869 0.174533 0.0751295 -1.57151 1.6057 -0.000629156 -0.000384829 -1.96615 0.651587 0.00960884 -1.047 -1.6057 0.0192362 0.0134885 
4.17	36	1.7156 -0.0688923 -1.5281 4.16031 0.805482 0.0583132 -0.149311 0.0967163 -1.0819 0.4018 -0.37933 0.013572 0.140744 0.584836 -0.890536 0.786467 -0.347841 -0.0618698 -0.375592 0.328932 -0.000100944 -0.00125647 -0.611869 0.174533 0.0751295 -1.57164 1.6057 -0.000629156 -0.000384829 -1.96615 0.651587 0.00960884 -1.047 -1.6057 0.0189847 0.0137419 
4.18	36	1.7156 -0.0688977 -1.5281 4.16031 0.805482 0.0583039 -0.149318 0.0967233 -1.08189 0.4018 -0.379383 0.0135719 0.140744 0.584836 -0.890536 0.786468 -0.34784 -0.0618698 -0.375592 0.328928 -0.000100944 -0.00125646 -0.611869 0.174533 0.0751295 -1.57171 1.6057 -0.000629157 -0.000384829 -1.96615 0.651587 0.00960884 -1.047 -1.6057 0.0188657 0.0138635 
4.19	36	1.71561 -0.0689006 -1.52809 4.16031 0.805482 0.0582955 -0.14932 0.0967269 -1.08187 0.4018 -0.379433 0.0135719 0.140744 0.584836 -0.890536 0.78647 -0.347836 -0.0618699 -0.375592 0.328927 -0.000100944 -0.00125646 -0.611869 0.174533 0.0751295 -1.57173 1.6057 -0.000629157 -0.000384829 -1.96615 0.651587 0.00960885 -1.047 -1.6057 0.0188127 0.0139237 
4.2	36	1.71561 -0.0689031 -1.52809 4.1603 0.805481 0.0582871 -0.149322 0.0967298 -1.08186 0.4018 -0.379482 0.0135718 0.140744 0.584836 -0.890536 0.786472 -0.347831 -0.0618699 -0.375592 0.328927 -0.000100944 -0.00125646 -0.611869 0.174533 0.0751295 -1.57173 1.6057 -0.000629157 -0.000384829 -1.96615 0.651587 0.00960885 -1.047 -1.6057 0.0187723 0.0139701 
4.21	36	1.71561 -0.0689057 -1.52809 4.1603 0.805481 0.0582789 -0.149323 0.0967329 -1.08185 0.4018 -0.37953 0.0135718 0.140744 0.584836 -0.890536 0.786474 -0.347825 -0.0618699 -0.375592 0.328927 -0.000100944 -0.00125645 -0.611869 0.174533 0.0751295 -1.57173 1.6057 -0.000629158 -0.000384829 -1.96615 0.651587 0.00960886 -1.047 -1.6057 0.0187279 0.0140224 
4.22	36	1.71561 -0.0689081 -1.52808 4.16029 0.80548 0.058271 -0.149324 0.0967355 -1.08184 0.401799 -0.379579 0.0135717 0.140744 0.584836 -0.890536 0.786476 -0.34782 -0.06187 -0.375592 0.328927 -0.000100943 -0.00125645 -0.611869 0.174533 0.0751295 -1.57173 1.6057 -0.000629158 -0.000384829 -1.96614 0.651587 0.00960886 -1.047 -1.6057 0.0186928 0.0140654 
4.23	36	1.71561 -0.0689104 -1.52808 4.16029 0.80548 0.0582637 -0.149326 0.0967385 -1.08182 0.401798 -0.379623 0.0135717 0.140744 0.584836 -0.890536 0.786477 -0.347814 -0.06187 -0.375592 0.328927 -0.000100943 -0.00125644 -0.611869 0.174533 0.0751295 -1.57173 1.6057 -0.000629159 -0.000384829 -1.96614 0.651587 0.00960887 -1.047 -1.6057 0.0186532 0.0141127 
4.24	36	1.71561 -0.0689131 -1.52808 4.16028 0.805479 0.0582555 -0.149327 0.0967414 -1.08181 0.401796 -0.379665 0.0135716 0.140744 0.584836 -0.890536 0.78648 -0.347809 -0.0618701 -0.375592 0.328927 -0.000100943 -0.00125644 -0.611869 0.174533 0.0751295 -1.57173 1.6057 -0.000629159 -0.000384829 -1.96614 0.651587 0.00960888 -1.047 -1.6057 0.0186104 0.0141627 
4.25	36	1.71562 -0.0689154 -1.52808 4.16028 0.805479 0.0582484 -0.149329 0.0967444 -1.0818 0.401794 -0.379707 0.0135716 0.140744 0.584836 -0.890536 0.786481 -0.347806 -0.0618701 -0.375592 0.328926 -0.000100943 -0.00125644 -0.611869 0.174533 0.0751294 -1.57173 1.6057 -0.000629159 -0.000384829 -1.96614 0.651587 0.00960888 -1.047 -1.6057 0.0185705 0.0142085 
4.26	36	1.71562 -0.0689182 -1.52807 4.16027 0.805478 0.0582409 -0.149331 0.0967476 -1.08179 0.401791 -0.379746 0.0135716 0.140744 0.584836 -0.890536 0.786484 -0.347801 -0.0618701 -0.375592 0.328926 -0.000100943 -0.00125643 -0.611869 0.174533 0.0751294 -1.57173 1.6057 -0.00062916 -0.000384829 -1.96614 0.651587 0.00960889 -1.047 -1.6057 0.0185233 0.014262 
4.27	36	1.71562 -0.0689214 -1.52807 4.16027 0.805477 0.0582334 -0.149334 0.0967512 -1.08177 0.401788 -0.379779 0.0135715 0.140744 0.584836 -0.890536 0.786488 -0.347798 -0.0618702 -0.375592 0.328926 -0.000100943 -0.00125643 -0.611869 0.174533 0.0751294 -1.57173 1.6057 -0.00062916 -0.000384829 -1.96614 0.651587 0.00960889 -1.047 -1.6057 0.0184649 0.0143264 
4.28	36	1.71562 -0.0689243 -1.52807 4.16027 0.805476 0.0582253 -0.149337 0.0967547 -1.08176 0.401779 -0.379809 0.0135715 0.140744 0.584836 -0.890536 0.786491 -0.347795 -0.0618702 -0.375592 0.328924 -0.000100943 -0.00125643 -0.611869 0.174533 0.0751294 -1.57173 1.6057 -0.00062916 -0.000384829 -1.96614 0.651587 0.0096089 -1.047 -1.6057 0.0184093 0.0143876 
4.29	36	1.71562 -0.0689275 -1.52807 4.16026 0.805474 0.0582162 -0.149339 0.0967581 -1.08174 0.401769 -0.379844 0.0135714 0.140744 0.584836 -0.890536 0.786496 -0.347792 -0.0618702 -0.375592 0.328924 -0.000100943 -0.00125642 -0.611869 0.174533 0.0751294 -1.57173 1.6057 -0.000629161 -0.000384829 -1.96614 0.651587 0.0096089 -1.047 -1.6057 0.0183548 0.0144473 
4.3	36	1.71562 -0.0689311 -1.52807 4.16026 0.805472 0.0582071 -0.149342 0.0967616 -1.08172 0.401758 -0.37987 0.0135714 0.140744 0.584836 -0.890536 0.786501 -0.34779 -0.0618703 -0.375591 0.328923 -0.000100942 -0.00125642 -0.611869 0.174533 0.0751294 -1.57173 1.6057 -0.000629161 -0.000384829 -1.96614 0.651587 0.00960891 -1.04699 -1.6057 0.0182902 0.014519 
4.31	36	1.71562 -0.0689349 -1.52807 4.16028 0.805466 0.0582184 -0.149362 0.0967285 -1.0817 0.401737 -0.379895 0.0134552 0.140745 0.584833 -0.890536 0.786503 -0.347794 -0.0618703 -0.37561 0.328898 -0.000100942 -0.00125642 -0.611865 0.174533 0.0751294 -1.57174 1.6057 -0.000629162 -0.000384829 -1.96615 0.651581 0.00960891 -1.04695 -1.6057 0.0181763 0.0146374 
4.32	36	1.71562 -0.068938 -1.52806 4.16028 0.805462 0.0582097 -0.149366 0.0967327 -1.08168 0.401722 -0.379912 0.0134551 0.140745 0.584833 -0.890536 0.786509 -0.347793 -0.0618704 -0.37561 0.328876 -0.000100942 -0.00125641 -0.611865 0.174533 0.0751294 -1.57178 1.6057 -0.000629162 -0.000384829 -1.96615 0.651581 0.00960892 -1.04691 -1.6057 0.0180512 0.0147822 
4.33	36	1.71563 -0.0689402 -1.52806 4.16027 0.805459 0.0582022 -0.149368 0.0967353 -1.08166 0.401714 -0.379936 0.0134551 0.140745 0.584833 -0.890536 0.786514 -0.347791 -0.0618704 -0.37561 0.328868 -0.000100942 -0.00125641 -0.611865 0.174533 0.0751294 -1.57182 1.6057 -0.000629162 -0.000384829 -1.96615 0.651581 0.00960892 -1.04689 -1.6057 0.0179793 0.0148676 
4.34	36	1.71562 -0.0689446 -1.52806 4.1603 0.805438 0.0582124 -0.149748 0.0971582 -1.08165 0.401757 -0.379929 0.0132086 0.140749 0.584827 -0.890528 0.786523 -0.34779 -0.0618704 -0.375626 0.328828 -0.000100942 -0.0012564 -0.611859 0.174533 0.0751294 -1.57185 1.6057 -0.000629163 -0.000384829 -1.96611 0.651572 0.00960893 -1.04684 -1.6057 0.0178462 0.0150459 
4.35	36	1.71562 -0.0689453 -1.52806 4.1603 0.805431 0.0582041 -0.149748 0.0971596 -1.08163 0.401735 -0.379938 0.0132085 0.140748 0.584827 -0.890528 0.786531 -0.347787 -0.0618705 -0.375626 0.328803 -0.000100942 -0.0012564 -0.611859 0.174533 0.0751294 -1.5719 1.6057 -0.000629163 -0.000384829 -1.96611 0.651572 0.00960893 -1.04678 -1.6057 0.0177437 0.0151778 
4.36	36	1.71562 -0.0689475 -1.52806 4.16032 0.805423 0.0582142 -0.149765 0.0971223 -1.08161 0.401722 -0.37995 0.0131124 0.14075 0.584826 -0.890528 0.786535 -0.347788 -0.0618705 -0.375641 0.328754 -0.000100942 -0.0012564 -0.611859 0.174533 0.0751294 -1.57193 1.6057 -0.000629163 -0.000384829 -1.96612 0.651584 0.00962466 -1.04663 -1.6057 0.0176965 0.0152398 
4.37	36	1.71562 -0.0689498 -1.52806 4.16032 0.80542 0.0582083 -0.149769 0.0971264 -1.08159 0.401702 -0.379957 0.0131124 0.14075 0.584826 -0.890528 0.786538 -0.347788 -0.0618705 -0.375641 0.328716 -0.000100941 -0.00125639 -0.611859 0.174533 0.0751294 -1.57198 1.6057 -0.000629164 -0.00038483 -1.96611 0.651584 0.00962467 -1.04658 -1.6057 0.0175444 0.0154195 
4.38	36	1.71562 -0.0689502 -1.52806 4.16031 0.805416 0.0582044 -0.14977 0.0971274 -1.08158 0.40169 -0.379966 0.0131123 0.14075 0.584825 -0.890528 0.786541 -0.347785 -0.0618706 -0.375641 0.3287 -0.000100941 -0.00125639 -0.611859 0.174533 0.0751294 -1.57202 1.6057 -0.000629164 -0.00038483 -1.96611 0.651584 0.00962467 -1.04654 -1.6057 0.0174752 0.0155096 
4.39	36	1.71563 -0.0689513 -1.52806 4.16031 0.805412 0.0581987 -0.149771 0.0971282 -1.08157 0.401679 -0.379974 0.0131123 0.14075 0.584824 -0.890528 0.786549 -0.347784 -0.0618706 -0.375641 0.328696 -0.000100941 -0.00125639 -0.611859 0.174533 0.0751294 -1.57204 1.6057 -0.000629165 -0.00038483 -1.96611 0.651584 0.00962468 -1.04653 -1.6057 0.0174396 0.0155595 
4.4	36	1.71563 -0.0689515 -1.52806 4.16031 0.805409 0.0581953 -0.149771 0.0971287 -1.08156 0.401668 -0.379983 0.0131122 0.14075 0.584824 -0.890528 0.786551 -0.347781 -0.0618707 -0.375641 0.328686 -0.000100941 -0.00125638 -0.611859 0.174533 0.0751294 -1.57204 1.6057 -0.000629165 -0.00038483 -1.96611 0.651584 0.00962468 -1.0465 -1.6057 0.0174016 0.0156125 
4.41	36	1.71563 -0.0689523 -1.52806 4.1603 0.805406 0.0581911 -0.149772 0.0971297 -1.08155 0.401657 -0.379993 0.0131122 0.14075 0.584823 -0.890528 0.786555 -0.347779 -0.0618707 -0.375641 0.32868 -0.000100941 -0.00125638 -0.611859 0.174533 0.0751294 -1.57204 1.6057 -0.000629165 -0.00038483 -1.96611 0.651584 0.00962468 -1.04649 -1.6057 0.0173666 0.0156591 
4.42	36	1.71563 -0.0689541 -1.52806 4.1603 0.805405 0.0581869 -0.149774 0.0971318 -1.08153 0.401649 -0.380002 0.0131122 0.14075 0.584823 -0.890528 0.786559 -0.347776 -0.0618708 -0.375641 0.328678 -0.000100941 -0.00125638 -0.611859 0.174533 0.0751294 -1.57204 1.6057 -0.000629166 -0.00038483 -1.96611 0.651584 0.00962469 -1.04648 -1.6057 0.017329 0.0157031 
4.43	36	1.71563 -0.0689559 -1.52805 4.1603 0.805402 0.0581826 -0.149776 0.0971338 -1.08152 0.401639 -0.380013 0.0131121 0.14075 0.584823 -0.890528 0.786563 -0.347775 -0.0618708 -0.375641 0.328673 -0.000100941 -0.00125637 -0.611859 0.174533 0.0751294 -1.57204 1.6057 -0.000629166 -0.00038483 -1.96611 0.651584 0.00962469 -1.04647 -1.6057 0.0172803 0.0157603 
4.44	36	1.71563 -0.068957 -1.52805 4.1603 0.805399 0.0581787 -0.149778 0.0971353 -1.08151 0.401631 -0.380019 0.0131121 0.14075 0.584823 -0.890528 0.786567 -0.347773 -0.0618708 -0.375641 0.328667 -0.000100941 -0.00125637 -0.611859 0.174533 0.0751294 -1.57204 1.6057 -0.000629166 -0.00038483 -1.96611 0.651584 0.0096247 -1.04645 -1.6057 0.0172337 0.0158191 
4.45	36	1.71563 -0.0689583 -1.52805 4.1603 0.805395 0.0581759 -0.149781 0.0971368 -1.0815 0.401623 -0.380027 0.013112 0.14075 0.584822 -0.890528 0.786571 -0.347771 -0.0618709 -0.375641 0.328655 -0.00010094 -0.00125637 -0.611859 0.174533 0.0751294 -1.57204 1.6057 -0.000629167 -0.00038483 -1.96611 0.651584 0.0096247 -1.04643 -1.6057 0.0171648 0.0159046 
4.46	36	1.71563 -0.0689591 -1.52805 4.16029 0.805392 0.058171 -0.149782 0.0971382 -1.08149 0.401612 -0.380036 0.013112 0.140749 0.584821 -0.890528 0.786576 -0.347768 -0.0618709 -0.375641 0.328643 -0.00010094 -0.00125636 -0.611859 0.174533 0.0751294 -1.57205 1.6057 -0.000629167 -0.00038483 -1.96611 0.651584 0.00962471 -1.0464 -1.6057 0.0171041 0.0159811 
4.47	36	1.71563 -0.0689615 -1.52805 4.16032 0.805381 0.0581855 -0.149806 0.0971021 -1.08147 0.401606 -0.380044 0.0130359 0.14075 0.584818 -0.890528 0.786578 -0.347771 -0.061871 -0.375659 0.328606 -0.00010094 -0.00125636 -0.611857 0.174533 0.0751294 -1.57205 1.6057 -0.000629167 -0.00038483 -1.96613 0.651586 0.00962896 -1.04627 -1.6057 0.0170514 0.0160452 
4.48	36	1.71563 -0.0689653 -1.52805 4.16032 0.805377 0.0581788 -0.149811 0.0971062 -1.08145 0.401593 -0.380047 0.0130358 0.140749 0.584818 -0.890528 0.786587 -0.347771 -0.061871 -0.375659 0.328558 -0.00010094 -0.00125635 -0.611857 0.174533 0.0751294 -1.57208 1.6057 -0.000629168 -0.00038483 -1.96611 0.651586 0.00962896 -1.04622 -1.6057 0.0168772 0.0162476 
4.49	36	1.71563 -0.068967 -1.52805 4.16032 0.805372 0.0581742 -0.149815 0.0971093 -1.08143 0.401578 -0.380051 0.0130358 0.140748 0.584818 -0.890528 0.786592 -0.347769 -0.061871 -0.375659 0.328531 -0.00010094 -0.00125635 -0.611857 0.174533 0.0751294 -1.57212 1.6057 -0.000629168 -0.00038483 -1.9661 0.651586 0.00962897 -1.04617 -1.6057 0.0167502 0.0163949 
4.5	36	1.71563 -0.0689693 -1.52805 4.16032 0.805367 0.0581716 -0.149821 0.0971129 -1.08142 0.401573 -0.380053 0.0130357 0.140748 0.584817 -0.890527 0.786595 -0.347766 -0.0618711 -0.375659 0.328514 -0.00010094 -0.00125635 -0.611857 0.174533 0.0751294 -1.57216 1.6057 -0.000629169 -0.00038483 -1.9661 0.651586 0.00962897 -1.04614 -1.6057 0.0166405 0.0165192 
4.51	36	1.71563 -0.0689696 -1.52805 4.16033 0.805363 0.0581712 -0.149824 0.0971144 -1.08141 0.401566 -0.380057 0.0130357 0.140748 0.584815 -0.890527 0.786596 -0.347765 -0.0618711 -0.375659 0.328491 -0.00010094 -0.00125634 -0.611857 0.174533 0.0751294 -1.57217 1.6057 -0.000629169 -0.00038483 -1.9661 0.651586 0.00962897 -1.04609 -1.6057 0.0165444 0.0166354 
4.52	36	1.71564 -0.0689689 -1.52805 4.16032 0.805358 0.0581699 -0.149826 0.0971146 -1.0814 0.401561 -0.38006 0.0130357 0.140748 0.584814 -0.890527 0.786599 -0.347761 -0.0618712 -0.375659 0.32847 -0.000100939 -0.00125634 -0.611857 0.174533 0.0751294 -1.57218 1.6057 -0.000629169 -0.00038483 -1.9661 0.651586 0.00962898 -1.04604 -1.6057 0.016469 0.0167337 
4.53	36	1.71564 -0.0689696 -1.52805 4.16032 0.805351 0.0581662 -0.149828 0.097116 -1.0814 0.401558 -0.380064 0.0130356 0.140748 0.584814 -0.890525 0.786605 -0.347758 -0.0618712 -0.375659 0.328453 -0.000100939 -0.00125634 -0.611857 0.174533 0.0751294 -1.57219 1.6057 -0.00062917 -0.00038483 -1.9661 0.651586 0.00962898 -1.046 -1.6057 0.0163931 0.0168285 
4.54	36	1.71564 -0.0689709 -1.52805 4.16032 0.805346 0.0581642 -0.149832 0.0971182 -1.08139 0.401554 -0.380066 0.0130356 0.140748 0.584813 -0.890525 0.786608 -0.347755 -0.0618713 -0.375659 0.328439 -0.000100939 -0.00125633 -0.611857 0.174533 0.0751294 -1.5722 1.6057 -0.00062917 -0.00038483 -1.9661 0.651586 0.00962899 -1.04597 -1.6057 0.0163111 0.0169249 
4.55	36	1.71564 -0.0689714 -1.52805 4.16032 0.805343 0.0581614 -0.149834 0.0971196 -1.08138 0.401548 -0.38007 0.0130355 0.140748 0.584812 -0.890524 0.786611 -0.347753 -0.0618713 -0.375659 0.328425 -0.000100939 -0.00125633 -0.611857 0.174533 0.0751294 -1.57221 1.6057 -0.00062917 -0.00038483 -1.9661 0.651586 0.00962899 -1.04594 -1.6057 0.0162448 0.0170051 
4.56	36	1.71564 -0.0689714 -1.52804 4.16032 0.805339 0.0581598 -0.149835 0.0971202 -1.08137 0.401538 -0.380072 0.0130355 0.140748 0.584811 -0.890524 0.786613 -0.34775 -0.0618713 -0.375659 0.328409 -0.000100939 -0.00125633 -0.611857 0.174533 0.0751294 -1.57221 1.6057 -0.000629171 -0.00038483 -1.9661 0.651586 0.00962899 -1.0459 -1.6057 0.0161804 0.0170861 
4.57	36	1.71564 -0.0689706 -1.52804 4.16032 0.805335 0.0581587 -0.149837 0.0971212 -1.08136 0.401531 -0.380073 0.0130354 0.140748 0.584811 -0.890524 0.786614 -0.347749 -0.0618714 -0.375659 0.328382 -0.000100939 -0.00125632 -0.611857 0.174533 0.0751294 -1.57222 1.6057 -0.000629171 -0.00038483 -1.9661 0.651586 0.00962899 -1.04585 -1.6057 0.0160904 0.0171984 
4.58	36	1.71564 -0.0689708 -1.52804 4.16032 0.80533 0.0581553 -0.149838 0.097122 -1.08135 0.401523 -0.380078 0.0130354 0.140748 0.58481 -0.890524 0.786618 -0.347744 -0.0618714 -0.375659 0.328361 -0.000100939 -0.00125632 -0.611857 0.174533 0.0751294 -1.57223 1.6057 -0.000629172 -0.00038483 -1.9661 0.651586 0.009629 -1.0458 -1.6057 0.0160071 0.0173035 
4.59	36	1.71564 -0.0689709 -1.52804 4.16032 0.805325 0.0581513 -0.149839 0.0971229 -1.08133 0.401505 -0.380078 0.0130354 0.140748 0.584809 -0.890524 0.786622 -0.347741 -0.0618715 -0.375659 0.32834 -0.000100938 -0.00125632 -0.611857 0.174533 0.0751294 -1.57224 1.6057 -0.000629172 -0.00038483 -1.9661 0.651586 0.009629 -1.04576 -1.6057 0.0159227 0.017409 
4.6	36	1.71564 -0.0689715 -1.52804 4.16032 0.80532 0.0581495 -0.149843 0.097125 -1.08132 0.4015 -0.380081 0.0130353 0.140748 0.584809 -0.890524 0.786625 -0.34774 -0.0618715 -0.375659 0.328318 -0.000100938 -0.00125631 -0.611857 0.174533 0.0751294 -1.57226 1.6057 -0.000629172 -0.00038483 -1.9661 0.651586 0.009629 -1.04571 -1.6057 0.0158205 0.017531 
4.61	36	1.71564 -0.0689725 -1.52804 4.16034 0.805309 0.0581646 -0.149858 0.0970784 -1.08131 0.401497 -0.380083 0.0129433 0.140749 0.584804 -0.890524 0.786628 -0.347738 -0.0618716 -0.375678 0.328298 -0.000100938 -0.00125631 -0.611857 0.174533 0.0751294 -1.57228 1.6057 -0.000629173 -0.00038483 -1.96612 0.651585 0.00962901 -1.04563 -1.6057 0.015787 0.017579 
4.62	36	1.71564 -0.068975 -1.52804 4.16036 0.805299 0.0581663 -0.14987 0.0970838 -1.08129 0.401489 -0.380087 0.0129433 0.140749 0.584801 -0.890524 0.786629 -0.347737 -0.0618722 -0.375678 0.328247 -0.000100938 -0.00125631 -0.611856 0.174533 0.0751294 -1.5723 1.6057 -0.000629173 -0.00038483 -1.96612 0.651583 0.00962901 -1.04551 -1.6057 0.0155704 0.017837 
4.63	36	1.71564 -0.068977 -1.52804 4.16036 0.805294 0.0581636 -0.149876 0.0970877 -1.08128 0.401481 -0.380088 0.0129433 0.140749 0.5848 -0.890523 0.786632 -0.347735 -0.0618722 -0.375678 0.32821 -0.000100938 -0.0012563 -0.611856 0.174533 0.0751293 -1.57235 1.6057 -0.000629173 -0.00038483 -1.96611 0.651582 0.00962901 -1.04546 -1.6057 0.0154092 0.0180249 
4.64	36	1.71564 -0.0689792 -1.52804 4.16036 0.805287 0.0581611 -0.149882 0.0970907 -1.08126 0.401473 -0.38009 0.0129432 0.140749 0.584799 -0.890521 0.786636 -0.347733 -0.0618723 -0.375678 0.328193 -0.000100938 -0.0012563 -0.611856 0.174533 0.0751293 -1.5724 1.6057 -0.000629174 -0.00038483 -1.96611 0.65158 0.00962901 -1.04542 -1.6057 0.0153016 0.0181524 
4.65	36	1.71564 -0.0689828 -1.52804 4.16036 0.805282 0.0581544 -0.149886 0.0970942 -1.08125 0.401463 -0.380092 0.0129432 0.140749 0.584798 -0.89052 0.786644 -0.347732 -0.0618723 -0.375678 0.328185 -0.000100938 -0.0012563 -0.611856 0.174533 0.0751293 -1.57244 1.6057 -0.000629174 -0.00038483 -1.9661 0.65158 0.00962901 -1.0454 -1.6057 0.0152206 0.0182418 
4.66	36	1.71564 -0.0689864 -1.52804 4.16036 0.805276 0.0581488 -0.149891 0.0970973 -1.08123 0.401455 -0.380095 0.0129431 0.140749 0.584797 -0.890519 0.786653 -0.347731 -0.0618724 -0.375678 0.328182 -0.000100938 -0.00125629 -0.611856 0.174533 0.0751293 -1.57246 1.6057 -0.000629175 -0.00038483 -1.9661 0.65158 0.00962902 -1.0454 -1.6057 0.0151491 0.0183189 
4.67	36	1.71564 -0.0689893 -1.52804 4.16037 0.805272 0.0581484 -0.149899 0.0971007 -1.08122 0.401452 -0.380096 0.0129431 0.140749 0.584795 -0.890518 0.786655 -0.347729 -0.0618724 -0.375678 0.328174 -0.000100937 -0.00125629 -0.611856 0.174533 0.0751293 -1.57247 1.6057 -0.000629175 -0.00038483 -1.9661 0.651578 0.00962902 -1.04538 -1.6057 0.0150566 0.018422 
4.68	36	1.71564 -0.0689914 -1.52804 4.16037 0.805267 0.058148 -0.149906 0.0971026 -1.08121 0.401441 -0.380098 0.0129431 0.140749 0.584791 -0.890518 0.786657 -0.347727 -0.0618724 -0.375678 0.328166 -0.000100937 -0.00125629 -0.611856 0.174533 0.0751293 -1.57248 1.6057 -0.000629175 -0.00038483 -1.9661 0.651575 0.00962902 -1.04535 -1.6057 0.0149835 0.0185096 
4.69	36	1.71564 -0.0689944 -1.52803 4.16037 0.805262 0.0581438 -0.149911 0.097106 -1.08119 0.40143 -0.380102 0.012943 0.140749 0.58479 -0.890516 0.786662 -0.347724 -0.0618725 -0.375678 0.328158 -0.000100937 -0.00125628 -0.611856 0.174533 0.0751293 -1.57249 1.6057 -0.000629176 -0.00038483 -1.96609 0.651574 0.00962902 -1.04534 -1.6057 0.0148992 0.0186044 
4.7	36	1.71564 -0.0689973 -1.52803 4.16038 0.805256 0.0581418 -0.149918 0.0971099 -1.08117 0.401423 -0.380104 0.012943 0.140749 0.584789 -0.890515 0.786665 -0.347722 -0.0618726 -0.375678 0.328146 -0.000100937 -0.00125628 -0.611856 0.174533 0.0751293 -1.57249 1.6057 -0.000629176 -0.00038483 -1.96609 0.65157 0.00962902 -1.04531 -1.6057 0.014803 0.0187148 
4.71	36	1.71564 -0.0689999 -1.52803 4.16038 0.80525 0.0581407 -0.149926 0.0971136 -1.08116 0.401416 -0.380106 0.0129429 0.140749 0.584786 -0.890515 0.786668 -0.34772 -0.0618726 -0.375678 0.328136 -0.000100937 -0.00125628 -0.611856 0.174533 0.0751293 -1.5725 1.6057 -0.000629176 -0.00038483 -1.96609 0.651564 0.00962903 -1.04528 -1.6057 0.0147172 0.0188144 
4.72	36	1.71564 -0.0690024 -1.52803 4.16038 0.805244 0.0581359 -0.149931 0.0971161 -1.08114 0.4014 -0.380107 0.0129429 0.140749 0.584785 -0.890515 0.786676 -0.347719 -0.0618726 -0.375678 0.328126 -0.000100937 -0.00125627 -0.611856 0.174533 0.0751293 -1.57251 1.6057 -0.000629177 -0.00038483 -1.96609 0.651562 0.00962903 -1.04526 -1.6057 0.0146336 0.0189123 
4.73	36	1.71564 -0.0690041 -1.52803 4.16038 0.80524 0.0581327 -0.149935 0.0971186 -1.08113 0.401392 -0.380109 0.0129429 0.140749 0.584784 -0.890515 0.78668 -0.347716 -0.0618727 -0.375678 0.328111 -0.000100937 -0.00125627 -0.611856 0.174533 0.0751293 -1.57252 1.6057 -0.000629177 -0.00038483 -1.96609 0.651561 0.00962903 -1.04523 -1.6057 0.0145462 0.0190138 
4.74	36	1.71564 -0.0690076 -1.52803 4.16038 0.805233 0.0581254 -0.149939 0.0971218 -1.08111 0.401383 -0.380111 0.0129428 0.140749 0.584784 -0.890513 0.786689 -0.347714 -0.0618727 -0.375678 0.328102 -0.000100936 -0.00125627 -0.611856 0.174533 0.0751293 -1.57254 1.6057 -0.000629178 -0.00038483 -1.96608 0.65156 0.00962903 -1.04521 -1.6057 0.0144663 0.0191052 
4.75	36	1.71564 -0.0690096 -1.52803 4.16039 0.805224 0.058126 -0.149948 0.0971232 -1.08109 0.401367 -0.380112 0.0129428 0.140749 0.584778 -0.890513 0.786693 -0.347711 -0.0618731 -0.375678 0.328086 -0.000100936 -0.00125626 -0.611856 0.174533 0.0751293 -1.57254 1.6057 -0.000629178 -0.00038483 -1.96608 0.651552 0.00962903 -1.04516 -1.6057 0.0143707 0.0192299 
4.76	36	1.71565 -0.0690115 -1.52803 4.16039 0.805216 0.0581214 -0.149953 0.0971262 -1.08107 0.401358 -0.380114 0.0129427 0.140749 0.584777 -0.890512 0.786701 -0.347711 -0.0618731 -0.375678 0.328069 -0.000100936 -0.00125626 -0.611856 0.174533 0.0751293 -1.57256 1.6057 -0.000629178 -0.00038483 -1.96608 0.651545 0.00962904 -1.04512 -1.6057 0.0142845 0.0193374 
4.77	36	1.71565 -0.0690123 -1.52803 4.1604 0.805208 0.0581242 -0.149962 0.0971274 -1.08106 0.40135 -0.380116 0.0129427 0.140749 0.584772 -0.890512 0.786702 -0.347709 -0.0618733 -0.375678 0.328049 -0.000100936 -0.00125626 -0.611856 0.174533 0.0751293 -1.57258 1.6057 -0.000629179 -0.00038483 -1.96608 0.651538 0.00962904 -1.04507 -1.6057 0.0141876 0.0194652 
4.78	36	1.71565 -0.0690134 -1.52803 4.16039 0.8052 0.0581201 -0.149964 0.0971284 -1.08104 0.401342 -0.380119 0.0129426 0.140749 0.584771 -0.890511 0.78671 -0.347705 -0.0618734 -0.375678 0.328029 -0.000100936 -0.00125625 -0.611856 0.174533 0.0751293 -1.5726 1.6057 -0.000629179 -0.00038483 -1.96607 0.651536 0.00962904 -1.04502 -1.6057 0.0141016 0.0195763 
4.79	36	1.71565 -0.0690158 -1.52803 4.1604 0.805188 0.0581153 -0.14997 0.0971309 -1.08103 0.401336 -0.380119 0.0129426 0.140749 0.584769 -0.890508 0.786719 -0.347703 -0.0618735 -0.375678 0.328018 -0.000100936 -0.00125625 -0.611856 0.174533 0.0751293 -1.57262 1.6057 -0.000629179 -0.00038483 -1.96607 0.651531 0.00962904 -1.04498 -1.6057 0.0140173 0.0196849 
4.8	36	1.71565 -0.0690207 -1.52803 4.16041 0.805174 0.0581159 -0.149984 0.0971366 -1.081 0.401333 -0.380119 0.0129426 0.140749 0.584764 -0.890501 0.786721 -0.347703 -0.0618754 -0.375678 0.328006 -0.000100936 -0.00125625 -0.611856 0.174533 0.0751293 -1.57263 1.6057 -0.00062918 -0.00038483 -1.96607 0.651526 0.00962904 -1.04493 -1.6057 0.013852 0.0198816 
4.81	36	1.71565 -0.0690236 -1.52802 4.16041 0.805168 0.0581129 -0.149992 0.0971414 -1.08098 0.401322 -0.380121 0.0129425 0.140748 0.584763 -0.8905 0.786725 -0.347702 -0.0618754 -0.375678 0.327985 -0.000100936 -0.00125624 -0.611856 0.174533 0.0751293 -1.57265 1.6057 -0.00062918 -0.00038483 -1.96606 0.651518 0.00962904 -1.0449 -1.6057 0.0137395 0.0200127 
4.82	36	1.71565 -0.0690254 -1.52802 4.16042 0.805159 0.0581142 -0.15 0.0971435 -1.08097 0.401315 -0.380121 0.0129425 0.140748 0.584759 -0.890498 0.786727 -0.3477 -0.0618776 -0.375678 0.32797 -0.000100935 -0.00125624 -0.611856 0.174533 0.0751293 -1.57268 1.6057 -0.000629181 -0.00038483 -1.96606 0.651513 0.00962904 -1.04486 -1.6057 0.0136459 0.0201318 
4.83	36	1.71565 -0.0690266 -1.52802 4.16042 0.805151 0.0581109 -0.150004 0.0971453 -1.08095 0.401309 -0.380123 0.0129424 0.140748 0.584758 -0.890497 0.786733 -0.347697 -0.061878 -0.375678 0.32796 -0.000100935 -0.00125624 -0.611856 0.174533 0.0751293 -1.57271 1.6057 -0.000629181 -0.00038483 -1.96606 0.651507 0.00962904 -1.04482 -1.6057 0.0135902 0.0202064 
4.84	36	1.71565 -0.0690286 -1.52802 4.16042 0.805142 0.0581064 -0.150007 0.0971469 -1.08094 0.4013 -0.380124 0.0129424 0.140748 0.584757 -0.890494 0.78674 -0.347695 -0.0618801 -0.375678 0.327948 -0.000100935 -0.00125623 -0.611856 0.174533 0.0751293 -1.57273 1.6057 -0.000629181 -0.00038483 -1.96605 0.651505 0.00962904 -1.04479 -1.6057 0.0135219 0.0202968 
4.85	36	1.71565 -0.0690332 -1.52802 4.16042 0.805129 0.0581006 -0.150014 0.0971497 -1.08091 0.401295 -0.380126 0.0129424 0.140748 0.584756 -0.890484 0.786746 -0.347692 -0.0618886 -0.375678 0.327936 -0.000100935 -0.00125623 -0.611856 0.174533 0.0751293 -1.57274 1.6057 -0.000629182 -0.00038483 -1.96603 0.6515 0.00962904 -1.04477 -1.6057 0.013468 0.0203775 
4.86	36	1.71565 -0.0690362 -1.52802 4.16043 0.805122 0.0580993 -0.150023 0.097154 -1.0809 0.401285 -0.380126 0.0129423 0.140748 0.584753 -0.890484 0.78675 -0.347692 -0.0618906 -0.375678 0.327918 -0.000100935 -0.00125623 -0.611856 0.174533 0.0751293 -1.57276 1.6057 -0.000629182 -0.00038483 -1.96602 0.651491 0.00962904 -1.04474 -1.6057 0.0133652 0.0205012 
4.87	36	1.71565 -0.0690382 -1.52802 4.16043 0.805113 0.0580988 -0.150031 0.097156 -1.08088 0.401275 -0.380127 0.0129423 0.140748 0.58475 -0.890482 0.786754 -0.34769 -0.0618951 -0.375678 0.327904 -0.000100935 -0.00125622 -0.611856 0.174533 0.0751293 -1.57278 1.6057 -0.000629182 -0.00038483 -1.96601 0.651482 0.00962904 -1.0447 -1.6057 0.0132879 0.0206043 
4.88	36	1.71564 -0.0690412 -1.52802 4.16045 0.805098 0.058103 -0.150044 0.0971578 -1.08085 0.401266 -0.38013 0.0129422 0.140748 0.584743 -0.890479 0.786758 -0.347688 -0.0619039 -0.375678 0.327891 -0.000100935 -0.00125622 -0.611856 0.174533 0.0751293 -1.57279 1.6057 -0.000629183 -0.00038483 -1.96601 0.651469 0.00962904 -1.04464 -1.6057 0.0131879 0.0207445 
4.89	36	1.71564 -0.0690432 -1.52802 4.16045 0.805086 0.0581042 -0.150053 0.0971592 -1.08083 0.401261 -0.38013 0.0129422 0.140748 0.584739 -0.890477 0.786764 -0.347685 -0.0619131 -0.375678 0.327875 -0.000100935 -0.00125622 -0.611856 0.174533 0.0751293 -1.57281 1.6057 -0.000629183 -0.00038483 -1.966 0.65146 0.00962904 -1.04459 -1.6057 0.0130941 0.0208726 
4.9	36	1.71564 -0.0690459 -1.52802 4.16045 0.805074 0.0580985 -0.150058 0.0971618 -1.08081 0.401255 -0.380131 0.0129422 0.140748 0.584738 -0.890471 0.786772 -0.347684 -0.0619166 -0.375678 0.327863 -0.000100934 -0.00125621 -0.611856 0.174533 0.0751293 -1.57283 1.6057 -0.000629183 -0.00038483 -1.966 0.651456 0.00962904 -1.04456 -1.6057 0.0130172 0.0209758 
4.91	36	1.71564 -0.0690484 -1.52802 4.16047 0.805058 0.0581056 -0.150073 0.0971627 -1.08079 0.401253 -0.380132 0.0129421 0.140748 0.584731 -0.890469 0.786777 -0.347682 -0.0619315 -0.375678 0.327857 -0.000100934 -0.00125621 -0.611856 0.174533 0.0751293 -1.57285 1.6057 -0.000629184 -0.00038483 -1.96599 0.651441 0.00962904 -1.0445 -1.6057 0.0129402 0.0210931 
4.92	36	1.71564 -0.0690519 -1.52801 4.16048 0.805041 0.0581091 -0.150087 0.0971645 -1.08076 0.401247 -0.380135 0.0129421 0.140748 0.584724 -0.890461 0.786778 -0.347679 -0.0619414 -0.375678 0.327846 -0.000100934 -0.00125621 -0.611856 0.174533 0.0751293 -1.57287 1.6057 -0.000629184 -0.00038483 -1.96598 0.651428 0.00962904 -1.04446 -1.6057 0.0128555 0.0212198 
4.93	36	1.71564 -0.0690559 -1.52801 4.16049 0.805026 0.0581089 -0.150098 0.0971662 -1.08074 0.401239 -0.380136 0.012942 0.140748 0.584719 -0.890457 0.786787 -0.347678 -0.0619548 -0.375678 0.32783 -0.000100934 -0.0012562 -0.611856 0.174533 0.0751293 -1.57288 1.6057 -0.000629185 -0.00038483 -1.96596 0.651417 0.00962904 -1.04442 -1.6057 0.0127716 0.0213413 
4.94	36	1.71564 -0.069061 -1.52801 4.1605 0.805009 0.0581132 -0.150114 0.0971687 -1.08071 0.401228 -0.38014 0.012942 0.140748 0.584709 -0.890449 0.786788 -0.347675 -0.0619622 -0.375678 0.327818 -0.000100934 -0.0012562 -0.611856 0.174533 0.0751293 -1.57289 1.6057 -0.000629185 -0.00038483 -1.96594 0.6514 0.00962904 -1.04438 -1.6057 0.0126932 0.0214643 
4.95	36	1.71564 -0.0690654 -1.52801 4.16051 0.804997 0.0581105 -0.150123 0.0971708 -1.08068 0.401219 -0.380142 0.0129419 0.140748 0.584708 -0.890445 0.786798 -0.347674 -0.0619799 -0.375678 0.327793 -0.000100934 -0.0012562 -0.611856 0.174533 0.0751293 -1.5729 1.6057 -0.000629185 -0.00038483 -1.96591 0.651391 0.00962904 -1.04434 -1.6057 0.0126187 0.0215732 
4.96	36	1.71564 -0.06907 -1.52801 4.16051 0.804986 0.0581064 -0.150131 0.0971737 -1.08066 0.401205 -0.380143 0.0129419 0.140748 0.584705 -0.89044 0.786805 -0.347673 -0.0619853 -0.375678 0.327773 -0.000100934 -0.00125619 -0.611856 0.174533 0.0751293 -1.57292 1.6057 -0.000629186 -0.00038483 -1.96588 0.65138 0.00962904 -1.04432 -1.6057 0.0125497 0.0216742 
4.97	36	1.71564 -0.0690746 -1.52801 4.16051 0.804973 0.0581055 -0.150142 0.0971747 -1.08063 0.401197 -0.380146 0.0129419 0.140748 0.5847 -0.890437 0.786816 -0.347671 -0.0620001 -0.375678 0.327753 -0.000100933 -0.00125619 -0.611856 0.174533 0.0751293 -1.57294 1.6057 -0.000629186 -0.00038483 -1.96586 0.651369 0.00962904 -1.04429 -1.6057 0.0124826 0.021776 
4.98	36	1.71564 -0.0690811 -1.52801 4.16057 0.804953 0.0581351 -0.150178 0.0971265 -1.0806 0.401189 -0.380154 0.0128548 0.140749 0.584684 -0.890437 0.786818 -0.347669 -0.0620216 -0.375697 0.327698 -0.000100933 -0.00125619 -0.611853 0.174533 0.0751292 -1.57295 1.6057 -0.000629186 -0.00038483 -1.96584 0.651355 0.00964265 -1.04412 -1.6057 0.0124437 0.021865 
4.99	36	1.71563 -0.0690886 -1.52801 4.16061 0.80493 0.0581545 -0.150214 0.0970853 -1.08055 0.401177 -0.380161 0.0127723 0.140752 0.584671 -0.890435 0.786823 -0.347668 -0.0620338 -0.375713 0.327644 -0.000100933 -0.00125618 -0.611853 0.174533 0.0751292 -1.57299 1.6057 -0.000629187 -0.00038483 -1.96578 0.651313 0.00964265 -1.04406 -1.6057 0.0124981 0.0218952 
5	36	1.71563 -0.0690978 -1.52801 4.16064 0.804907 0.0581591 -0.150244 0.0970971 -1.08051 0.401169 -0.380173 0.0127723 0.140752 0.584666 -0.890431 0.78683 -0.347666 -0.0620581 -0.375713 0.327565 -0.000100933 -0.00125618 -0.611852 0.174533 0.0751292 -1.573 1.6057 -0.000629187 -0.00038483 -1.96573 0.651278 0.0096458 -1.04387 -1.6057 0.0123442 0.0221068 
5.01	36	1.71563 -0.0691058 -1.52801 4.16066 0.804885 0.0581517 -0.150264 0.0971094 -1.08046 0.401157 -0.380182 0.0127722 0.140752 0.584664 -0.890425 0.786843 -0.347664 -0.062064 -0.375713 0.327524 -0.000100933 -0.00125618 -0.611852 0.174533 0.0751292 -1.57306 1.6057 -0.000629187 -0.00038483 -1.96568 0.651234 0.0096458 -1.04382 -1.6057 0.0122372 0.0222673 
5.02	36	1.71563 -0.0691109 -1.52801 4.16067 0.804866 0.0581439 -0.15028 0.0971198 -1.08043 0.401143 -0.380183 0.0127722 0.140752 0.584663 -0.890425 0.786859 -0.347663 -0.0620647 -0.375713 0.32751 -0.000100933 -0.00125617 -0.611852 0.174533 0.0751292 -1.57313 1.6057 -0.000629188 -0.00038483 -1.96567 0.651195 0.0096458 -1.04377 -1.6057 0.0121662 0.0223732 
5.03	36	1.71563 -0.0691156 -1.52801 4.16068 0.804847 0.0581383 -0.150293 0.0971265 -1.0804 0.401139 -0.380185 0.0127722 0.140752 0.584662 -0.890418 0.786869 -0.347661 -0.0620695 -0.375713 0.327507 -0.000100933 -0.00125617 -0.611852 0.174533 0.0751292 -1.57318 1.6057 -0.000629188 -0.00038483 -1.96565 0.651172 0.0096458 -1.04374 -1.6057 0.0121052 0.0224663 
5.04	36	1.71563 -0.0691186 -1.528 4.16068 0.804834 0.0581376 -0.150304 0.0971294 -1.08037 0.401132 -0.38019 0.0127721 0.140752 0.584659 -0.890418 0.78688 -0.347659 -0.0620813 -0.375713 0.327501 -0.000100932 -0.00125617 -0.611852 0.174533 0.0751292 -1.57321 1.6057 -0.000629189 -0.00038483 -1.96565 0.651155 0.0096458 -1.0437 -1.6057 0.0120526 0.0225488 
5.05	36	1.71563 -0.0691229 -1.528 4.16069 0.804818 0.058138 -0.150315 0.0971313 -1.08035 0.401129 -0.380193 0.0127721 0.140752 0.584654 -0.890414 0.78689 -0.347657 -0.0620953 -0.375713 0.327495 -0.000100932 -0.00125616 -0.611852 0.174533 0.0751292 -1.57322 1.6057 -0.000629189 -0.00038483 -1.96563 0.65114 0.00964579 -1.04367 -1.6057 0.0120056 0.0226297 
5.06	36	1.71562 -0.0691286 -1.528 4.16071 0.804799 0.058146 -0.150337 0.0971344 -1.08032 0.401125 -0.380197 0.012772 0.140752 0.584643 -0.890409 0.786895 -0.347655 -0.0621052 -0.375713 0.327495 -0.000100932 -0.00125616 -0.611852 0.174533 0.0751292 -1.57323 1.6057 -0.000629189 -0.00038483 -1.96561 0.651113 0.00964579 -1.04364 -1.6057 0.0119556 0.0227237 
5.07	36	1.71562 -0.0691313 -1.528 4.16073 0.804784 0.0581505 -0.150353 0.0971389 -1.08029 0.401121 -0.380205 0.012772 0.140752 0.584637 -0.890408 0.786898 -0.347651 -0.0621127 -0.375713 0.327493 -0.000100932 -0.00125616 -0.611852 0.174533 0.0751292 -1.57323 1.6057 -0.00062919 -0.00038483 -1.96561 0.651087 0.00964579 -1.0436 -1.6057 0.0119026 0.0228087 
5.08	36	1.71562 -0.0691335 -1.528 4.16074 0.804771 0.0581539 -0.150364 0.0971404 -1.08027 0.401119 -0.380211 0.0127719 0.140752 0.584633 -0.890405 0.786902 -0.347646 -0.0621251 -0.375713 0.327491 -0.000100932 -0.00125615 -0.611852 0.174533 0.0751292 -1.57324 1.6057 -0.00062919 -0.00038483 -1.9656 0.651075 0.00964579 -1.04357 -1.6057 0.0118523 0.0228896 
5.09	36	1.71562 -0.0691358 -1.528 4.16075 0.80476 0.0581573 -0.150373 0.0971415 -1.08026 0.401117 -0.380215 0.0127719 0.140752 0.58463 -0.890403 0.786905 -0.34764 -0.0621412 -0.375713 0.327488 -0.000100932 -0.00125615 -0.611852 0.174533 0.0751292 -1.57324 1.6057 -0.000629191 -0.00038483 -1.9656 0.651064 0.00964579 -1.04354 -1.6057 0.0118125 0.022957 
5.1	36	1.71562 -0.0691395 -1.528 4.16077 0.804744 0.0581665 -0.150391 0.0971426 -1.08023 0.401115 -0.380223 0.0127719 0.140752 0.58462 -0.8904 0.786907 -0.347637 -0.0621566 -0.375713 0.327486 -0.000100932 -0.00125615 -0.611852 0.174533 0.0751292 -1.57324 1.6057 -0.000629191 -0.00038483 -1.96559 0.651042 0.00964579 -1.04351 -1.6057 0.0117667 0.0230436 
5.11	36	1.71562 -0.0691429 -1.528 4.16078 0.804731 0.0581669 -0.150401 0.0971438 -1.08021 0.401112 -0.38023 0.0127718 0.140752 0.584617 -0.890395 0.786913 -0.347632 -0.0621728 -0.375713 0.32748 -0.000100932 -0.00125614 -0.611852 0.174533 0.0751292 -1.57325 1.6057 -0.000629191 -0.00038483 -1.96557 0.651033 0.00964579 -1.04348 -1.6057 0.0117195 0.0231229 
5.12	36	1.71562 -0.0691466 -1.528 4.16079 0.804719 0.0581709 -0.150413 0.0971454 -1.08019 0.401108 -0.380232 0.0127718 0.140752 0.584612 -0.89039 0.786915 -0.347629 -0.0621884 -0.375713 0.327471 -0.000100931 -0.00125614 -0.611852 0.174533 0.0751292 -1.57326 1.6057 -0.000629192 -0.00038483 -1.96555 0.651019 0.00964579 -1.04346 -1.6057 0.0116798 0.0231955 
5.13	36	1.71561 -0.0691516 -1.528 4.1608 0.804704 0.0581782 -0.15043 0.0971477 -1.08016 0.401107 -0.380234 0.0127717 0.140752 0.584605 -0.890386 0.786918 -0.347624 -0.0622093 -0.375713 0.327461 -0.000100931 -0.00125614 -0.611852 0.174533 0.0751292 -1.57326 1.6057 -0.000629192 -0.00038483 -1.96552 0.650998 0.00964579 -1.04343 -1.6057 0.0116357 0.0232796 
5.14	36	1.71561 -0.0691558 -1.528 4.16081 0.804689 0.0581794 -0.150443 0.0971498 -1.08014 0.401101 -0.380237 0.0127717 0.140752 0.584601 -0.890381 0.786924 -0.347618 -0.0622261 -0.375713 0.327453 -0.000100931 -0.00125614 -0.611852 0.174533 0.0751292 -1.57327 1.6057 -0.000629192 -0.00038483 -1.96551 0.650983 0.00964579 -1.0434 -1.6057 0.0115813 0.0233696 
5.15	36	1.71561 -0.0691592 -1.528 4.16082 0.804676 0.058181 -0.150454 0.0971513 -1.08012 0.401096 -0.380239 0.0127716 0.140752 0.584597 -0.890378 0.786931 -0.347615 -0.062243 -0.375713 0.327442 -0.000100931 -0.00125613 -0.611852 0.174533 0.0751292 -1.57328 1.6057 -0.000629193 -0.00038483 -1.96549 0.650968 0.00964579 -1.04337 -1.6057 0.0115374 0.0234481 
5.16	36	1.71561 -0.0691624 -1.52799 4.16084 0.804657 0.0581894 -0.150473 0.0971534 -1.08009 0.401091 -0.380241 0.0127716 0.140752 0.584588 -0.890377 0.786937 -0.34761 -0.0622593 -0.375713 0.32743 -0.000100931 -0.00125613 -0.611852 0.174533 0.0751292 -1.57329 1.6057 -0.000629193 -0.00038483 -1.96547 0.650937 0.00964579 -1.04332 -1.6057 0.0114866 0.0235491 
5.17	36	1.71561 -0.0691645 -1.52799 4.16086 0.804639 0.0581928 -0.150487 0.0971571 -1.08006 0.401086 -0.380247 0.0127716 0.140752 0.584582 -0.890373 0.78694 -0.347606 -0.0622685 -0.375713 0.32742 -0.000100931 -0.00125613 -0.611852 0.174533 0.0751292 -1.5733 1.6057 -0.000629193 -0.00038483 -1.96546 0.650911 0.00964579 -1.04326 -1.6057 0.0114416 0.0236378 
5.18	36	1.71561 -0.0691669 -1.52799 4.16087 0.804624 0.058195 -0.150498 0.0971589 -1.08004 0.401082 -0.380252 0.0127715 0.140752 0.584578 -0.890369 0.786945 -0.3476 -0.0622799 -0.375713 0.327405 -0.000100931 -0.00125612 -0.611852 0.174533 0.0751292 -1.57331 1.6057 -0.000629194 -0.00038483 -1.96545 0.650894 0.00964579 -1.04322 -1.6057 0.0113909 0.02373 
5.19	36	1.71561 -0.0691693 -1.52799 4.16088 0.804608 0.0581982 -0.15051 0.0971607 -1.08002 0.401081 -0.380255 0.0127715 0.140752 0.584575 -0.890366 0.786951 -0.347592 -0.0622987 -0.375713 0.327395 -0.000100931 -0.00125612 -0.611852 0.174533 0.0751292 -1.57332 1.6057 -0.000629194 -0.00038483 -1.96544 0.650875 0.00964579 -1.04317 -1.6057 0.0113466 0.0238149 
5.2	36	1.71561 -0.0691715 -1.52799 4.16089 0.804592 0.0582017 -0.150523 0.0971634 -1.08 0.401078 -0.380257 0.0127714 0.140752 0.58457 -0.890364 0.786956 -0.347588 -0.0623102 -0.375713 0.327385 -0.00010093 -0.00125612 -0.611852 0.174533 0.0751292 -1.57334 1.6057 -0.000629195 -0.00038483 -1.96542 0.650851 0.00964578 -1.04313 -1.6057 0.0113069 0.023893 
5.21	36	1.71561 -0.069176 -1.52799 4.16091 0.804574 0.0582071 -0.150539 0.0971659 -1.07997 0.401073 -0.380262 0.0127714 0.140752 0.584564 -0.890358 0.786959 -0.347578 -0.0623311 -0.375713 0.327372 -0.00010093 -0.00125611 -0.611852 0.174533 0.0751292 -1.57335 1.6057 -0.000629195 -0.000384831 -1.9654 0.650827 0.00964578 -1.04309 -1.6057 0.0112612 0.0239868 
5.22	36	1.7156 -0.0691799 -1.52799 4.16092 0.804558 0.0582101 -0.150554 0.0971689 -1.07994 0.401069 -0.380265 0.0127713 0.140752 0.584559 -0.890353 0.786963 -0.347572 -0.0623452 -0.375713 0.327356 -0.00010093 -0.00125611 -0.611852 0.174533 0.0751292 -1.57336 1.6057 -0.000629195 -0.000384831 -1.96537 0.650806 0.00964578 -1.04305 -1.6057 0.01121 0.0240796 
5.23	36	1.7156 -0.0691838 -1.52799 4.16093 0.804542 0.0582153 -0.150569 0.0971713 -1.07991 0.401063 -0.380271 0.0127713 0.140752 0.584552 -0.89035 0.786968 -0.347566 -0.0623605 -0.375713 0.327342 -0.00010093 -0.00125611 -0.611852 0.174533 0.0751292 -1.57338 1.6057 -0.000629196 -0.000384831 -1.96535 0.650782 0.00964578 -1.04301 -1.6057 0.0111658 0.0241687 
5.24	36	1.7156 -0.0691876 -1.52799 4.16094 0.804523 0.0582156 -0.150582 0.0971736 -1.07989 0.401061 -0.380272 0.0127713 0.140752 0.584547 -0.890344 0.786976 -0.347558 -0.0623728 -0.375713 0.32733 -0.00010093 -0.0012561 -0.611852 0.174533 0.0751292 -1.57339 1.6057 -0.000629196 -0.000384831 -1.96533 0.650762 0.00964578 -1.04297 -1.6057 0.0111197 0.0242583 
5.25	36	1.7156 -0.0691913 -1.52799 4.16097 0.804502 0.0582252 -0.150602 0.0971761 -1.07986 0.40106 -0.380276 0.0127712 0.140752 0.584537 -0.890341 0.78698 -0.347551 -0.0623865 -0.375713 0.32732 -0.00010093 -0.0012561 -0.611852 0.174533 0.0751292 -1.57341 1.6057 -0.000629196 -0.000384831 -1.96531 0.650728 0.00964578 -1.04292 -1.6057 0.0110842 0.0243471 
5.26	36	1.7156 -0.0691947 -1.52798 4.16099 0.804483 0.0582334 -0.150621 0.097178 -1.07983 0.401055 -0.380283 0.0127712 0.140752 0.584526 -0.890339 0.786985 -0.347548 -0.0623962 -0.375713 0.327306 -0.00010093 -0.0012561 -0.611852 0.174533 0.0751292 -1.57342 1.6057 -0.000629197 -0.000384831 -1.96529 0.650697 0.00964578 -1.04286 -1.6057 0.0110412 0.0244441 
5.27	36	1.7156 -0.0691981 -1.52798 4.16101 0.804458 0.0582432 -0.150643 0.09718 -1.07979 0.401052 -0.380289 0.0127711 0.140752 0.584514 -0.890337 0.786993 -0.34754 -0.0624095 -0.375713 0.327298 -0.000100929 -0.00125609 -0.611852 0.174533 0.0751292 -1.57344 1.6057 -0.000629197 -0.000384831 -1.96527 0.650659 0.00964578 -1.0428 -1.6057 0.0110069 0.0245385 
5.28	36	1.7156 -0.0692004 -1.52798 4.16103 0.804435 0.0582498 -0.150662 0.0971829 -1.07977 0.401051 -0.380293 0.0127711 0.140751 0.584506 -0.890333 0.786999 -0.347535 -0.0624195 -0.375713 0.327285 -0.000100929 -0.00125609 -0.611852 0.174533 0.0751292 -1.57345 1.6057 -0.000629198 -0.000384831 -1.96526 0.650623 0.00964578 -1.04273 -1.6057 0.0109706 0.0246328 
5.29	36	1.7156 -0.0692028 -1.52798 4.16104 0.804414 0.0582501 -0.150672 0.0971852 -1.07974 0.401047 -0.380297 0.012771 0.140751 0.584503 -0.890326 0.787005 -0.347526 -0.0624369 -0.375713 0.327265 -0.000100929 -0.00125609 -0.611852 0.174533 0.0751292 -1.57346 1.6057 -0.000629198 -0.000384831 -1.96523 0.6506 0.00964578 -1.04267 -1.6057 0.0109318 0.0247266 
5.3	36	1.71559 -0.0692056 -1.52798 4.16105 0.804394 0.0582572 -0.150689 0.0971863 -1.07971 0.401042 -0.380301 0.012771 0.140751 0.584495 -0.890323 0.787011 -0.347517 -0.062453 -0.375713 0.327243 -0.000100929 -0.00125609 -0.611852 0.174533 0.0751291 -1.57347 1.6057 -0.000629198 -0.000384831 -1.9652 0.65057 0.00964578 -1.04261 -1.6057 0.0108957 0.0248212 
5.31	36	1.71559 -0.0692092 -1.52798 4.16107 0.804374 0.0582623 -0.150705 0.0971896 -1.07968 0.401042 -0.380305 0.0127709 0.140751 0.584489 -0.890317 0.787014 -0.347509 -0.0624702 -0.375713 0.32722 -0.000100929 -0.00125608 -0.611852 0.174533 0.0751291 -1.57349 1.6057 -0.000629199 -0.000384831 -1.96517 0.650539 0.00964577 -1.04256 -1.6057 0.0108542 0.0249192 
5.32	36	1.71559 -0.0692121 -1.52798 4.16109 0.804354 0.0582703 -0.150724 0.0971921 -1.07965 0.401039 -0.38031 0.0127709 0.140751 0.58448 -0.890315 0.787019 -0.3475 -0.0624826 -0.375713 0.327201 -0.000100929 -0.00125608 -0.611852 0.174533 0.0751291 -1.57351 1.6057 -0.000629199 -0.000384831 -1.96515 0.650506 0.00964577 -1.0425 -1.6057 0.0108111 0.0250168 
5.33	36	1.71559 -0.0692141 -1.52798 4.1611 0.804337 0.0582753 -0.150738 0.0971942 -1.07963 0.401036 -0.380316 0.0127708 0.140751 0.584473 -0.890312 0.787023 -0.347493 -0.0624917 -0.375713 0.327182 -0.000100929 -0.00125608 -0.611852 0.174533 0.0751291 -1.57354 1.6057 -0.000629199 -0.000384831 -1.96513 0.65048 0.00964577 -1.04244 -1.6057 0.0107708 0.0251062 
5.34	36	1.71559 -0.0692171 -1.52798 4.16112 0.804315 0.0582822 -0.150754 0.0971955 -1.0796 0.401036 -0.380319 0.0127708 0.140751 0.584464 -0.890307 0.787027 -0.347485 -0.0625018 -0.375713 0.327172 -0.000100929 -0.00125607 -0.611852 0.174533 0.0751291 -1.57356 1.6057 -0.0006292 -0.000384831 -1.96511 0.650451 0.00964577 -1.04238 -1.6057 0.0107397 0.0251921 
5.35	36	1.71559 -0.0692191 -1.52798 4.16114 0.80429 0.0582925 -0.150775 0.0971962 -1.07957 0.401033 -0.380325 0.0127708 0.140751 0.58445 -0.890306 0.787036 -0.347478 -0.0625088 -0.375713 0.327169 -0.000100928 -0.00125607 -0.611852 0.174533 0.0751291 -1.57359 1.6057 -0.0006292 -0.000384831 -1.96511 0.650415 0.00964577 -1.04231 -1.6057 0.0107085 0.0252844 
5.36	36	1.71559 -0.0692208 -1.52798 4.16115 0.804269 0.0582947 -0.150787 0.0971979 -1.07954 0.401032 -0.380328 0.0127707 0.140751 0.584447 -0.8903 0.787043 -0.347467 -0.0625244 -0.375713 0.327156 -0.000100928 -0.00125607 -0.611852 0.174533 0.0751291 -1.5736 1.6057 -0.000629201 -0.000384831 -1.96509 0.650391 0.00964577 -1.04225 -1.6057 0.0106739 0.0253713 
5.37	36	1.71558 -0.0692254 -1.52798 4.16119 0.804243 0.0583142 -0.150813 0.0971506 -1.07951 0.40103 -0.380306 0.0126705 0.140754 0.584436 -0.890294 0.787045 -0.347459 -0.0625502 -0.375728 0.327128 -0.000100928 -0.00125606 -0.611851 0.174533 0.0751291 -1.5736 1.6057 -0.000629201 -0.000384831 -1.96509 0.650316 0.00964577 -1.04219 -1.6057 0.0106519 0.0254327 
5.38	36	1.71558 -0.0692321 -1.52797 4.16122 0.804218 0.0583242 -0.150838 0.0971538 -1.07947 0.401029 -0.380314 0.0126704 0.140754 0.584423 -0.890287 0.78705 -0.347447 -0.0625702 -0.375728 0.32708 -0.000100928 -0.00125606 -0.611851 0.174533 0.0751291 -1.57361 1.6057 -0.000629201 -0.000384831 -1.96502 0.650272 0.00964577 -1.04212 -1.6057 0.0106019 0.0255649 
5.39	36	1.71558 -0.0692377 -1.52797 4.16124 0.804195 0.0583274 -0.150859 0.0971602 -1.07943 0.401026 -0.380321 0.0126704 0.140754 0.584416 -0.890281 0.787055 -0.347439 -0.0625824 -0.375728 0.327047 -0.000100928 -0.00125606 -0.611851 0.174533 0.0751291 -1.57364 1.6057 -0.000629202 -0.000384831 -1.96498 0.65023 0.00964577 -1.04207 -1.6057 0.0105475 0.0256803 
