3.48	36	0.141409 0.130795 -0.148741 0.19907 0.0750559 6.23424 0.00870142 0.060798 0.205682 0.70271 -0.983085 -0.0123238 0.0249517 0.000989479 -1.12581 1.15505 -0.105605 0.0456046 0.0829828 -0.0872325 -9.99835e-05 -0.00179958 -0.785338 0.0125192 0.00159979 -0.737327 1.6057 -0.000600128 -1.75876e-08 0.840142 -0.00727971 -2.70143e-07 -0.321981 -1.6057 -0.00019983 -1.00391e-08 
3.49	36	0.141409 0.130795 -0.14874 0.19907 0.0750551 6.23424 0.00870144 0.060798 0.205688 0.70271 -0.983113 -0.0123243 0.0249524 0.00098949 -1.12581 1.15505 -0.105602 0.0456046 0.0829828 -0.0872325 -9.99834e-05 -0.00179958 -0.785379 0.0125192 0.00159979 -0.737357 1.6057 -0.000600128 -1.7606e-08 0.84017 -0.00727971 -2.70824e-07 -0.321967 -1.6057 -0.00019983 -1.00364e-08 
3.5	36	0.141409 0.130794 -0.14874 0.199069 0.0750545 6.23424 0.00870145 0.0607979 0.205693 0.70271 -0.983139 -0.0123246 0.0249529 0.000989503 -1.12581 1.15505 -0.1056 0.0456046 0.0829828 -0.0872326 -9.99834e-05 -0.00179958 -0.78542 0.0125192 0.00159979 -0.737387 1.6057 -0.000600129 -1.76242e-08 0.840199 -0.00727971 -2.71516e-07 -0.321953 -1.6057 -0.000199829 -1.00339e-08 
3.51	36	0.141409 0.130794 -0.148739 0.199069 0.0750536 6.23424 0.00870147 0.0607979 0.205699 0.70271 -0.983165 -0.0123248 0.0249534 0.00098952 -1.12581 1.15505 -0.105596 0.0456046 0.0829828 -0.0872326 -9.99833e-05 -0.00179958 -0.785461 0.0125192 0.00159979 -0.737417 1.6057 -0.000600129 -1.76427e-08 0.840228 -0.00727971 -2.72189e-07 -0.321938 -1.6057 -0.000199829 -1.00311e-08 
3.52	36	0.141409 0.130794 -0.148739 0.199068 0.0750531 6.23425 0.00870148 0.0607978 0.205705 0.70271 -0.983189 -0.0123251 0.0249541 0.000989536 -1.12581 1.15505 -0.105593 0.0456047 0.0829828 -0.0872326 -9.99833e-05 -0.00179958 -0.785501 0.0125192 0.00159979 -0.737447 1.6057 -0.00060013 -1.7661e-08 0.840258 -0.0072797 -2.72873e-07 -0.321923 -1.6057 -0.000199828 -1.00285e-08 
3.53	36	0.141409 0.130794 -0.148739 0.199068 0.0750522 6.23424 0.0087015 0.0607976 0.20571 0.70271 -0.983213 -0.0123253 0.024955 0.00098955 -1.12581 1.15505 -0.105589 0.0456047 0.0829828 -0.0872326 -9.99832e-05 -0.00179958 -0.785541 0.0125192 0.00159979 -0.737475 1.6057 -0.00060013 -1.76789e-08 0.840289 -0.0072797 -2.73567e-07 -0.321908 -1.6057 -0.000199828 -1.0026e-08 
3.54	36	0.141409 0.130794 -0.148738 0.199066 0.0750513 6.23424 0.00870151 0.0607974 0.205714 0.70271 -0.983236 -0.0123258 0.0249563 0.000989567 -1.12581 1.15505 -0.105587 0.0456047 0.0829828 -0.0872326 -9.99832e-05 -0.00179958 -0.785579 0.0125192 0.00159979 -0.737504 1.6057 -0.00060013 -1.7697e-08 0.840321 -0.0072797 -2.74259e-07 -0.321891 -1.6057 -0.000199827 -1.00235e-08 
3.55	36	0.141408 0.130794 -0.148738 0.199065 0.0750501 6.23424 0.00870153 0.0607972 0.205719 0.70271 -0.983258 -0.0123263 0.0249571 0.000989592 -1.12581 1.15505 -0.105584 0.0456048 0.0829828 -0.0872326 -9.99831e-05 -0.00179958 -0.785617 0.0125192 0.00159979 -0.737532 1.6057 -0.000600131 -1.77155e-08 0.840354 -0.0072797 -2.74944e-07 -0.321875 -1.6057 -0.000199827 -1.0021e-08 
3.56	36	0.141408 0.130795 -0.148737 0.199064 0.0750488 6.23424 0.00870154 0.060797 0.205724 0.70271 -0.983279 -0.0123272 0.0249585 0.000989609 -1.12581 1.15505 -0.105581 0.0456048 0.0829828 -0.0872326 -9.99831e-05 -0.00179957 -0.785654 0.0125192 0.00159979 -0.737561 1.6057 -0.000600131 -1.77335e-08 0.840387 -0.0072797 -2.75631e-07 -0.321858 -1.6057 -0.000199826 -1.00183e-08 
3.57	36	0.141407 0.130796 -0.148737 0.199062 0.0750474 6.23424 0.00870156 0.0607969 0.205728 0.70271 -0.983299 -0.0123292 0.0249603 0.000989628 -1.12581 1.15505 -0.105577 0.0456048 0.0829829 -0.0872326 -9.9983e-05 -0.00179957 -0.785691 0.0125192 0.00159979 -0.737588 1.6057 -0.000600132 -1.77524e-08 0.84042 -0.0072797 -2.76322e-07 -0.32184 -1.6057 -0.000199826 -1.00159e-08 
3.58	36	0.141407 0.130796 -0.148737 0.199062 0.0750465 6.23424 0.00870158 0.0607969 0.205732 0.70271 -0.983318 -0.0123294 0.0249609 0.000989643 -1.12581 1.15505 -0.105574 0.0456049 0.0829829 -0.0872327 -9.9983e-05 -0.00179957 -0.785727 0.0125192 0.00159979 -0.737619 1.6057 -0.000600132 -1.77706e-08 0.840453 -0.00727969 -2.76978e-07 -0.321822 -1.6057 -0.000199825 -1.00127e-08 
3.59	36	0.141407 0.130796 -0.148737 0.199061 0.075046 6.23424 0.00870159 0.0607968 0.205736 0.70271 -0.983336 -0.0123305 0.024962 0.00098966 -1.12581 1.15505 -0.105571 0.0456049 0.0829829 -0.0872327 -9.99829e-05 -0.00179957 -0.785764 0.0125192 0.00159979 -0.737646 1.6057 -0.000600132 -1.77889e-08 0.840486 -0.00727969 -2.77673e-07 -0.321804 -1.6057 -0.000199825 -1.00103e-08 
3.6	36	0.141407 0.130796 -0.148736 0.19906 0.075045 6.23424 0.00870161 0.0607967 0.20574 0.70271 -0.983354 -0.0123306 0.0249627 0.00098972 -1.12581 1.15505 -0.105568 0.0456049 0.0829829 -0.0872327 -9.99829e-05 -0.00179957 -0.785799 0.0125192 0.00159978 -0.737673 1.6057 -0.000600133 -1.78072e-08 0.84052 -0.00727969 -2.78355e-07 -0.321786 -1.6057 -0.000199824 -1.00076e-08 
3.61	36	0.141407 0.130796 -0.148736 0.199059 0.0750445 6.23424 0.00870163 0.0607965 0.205744 0.70271 -0.98337 -0.0123306 0.0249635 0.000989738 -1.12581 1.15505 -0.105565 0.045605 0.0829829 -0.0872327 -9.99828e-05 -0.00179957 -0.785835 0.0125193 0.00159978 -0.737701 1.6057 -0.000600133 -1.78259e-08 0.840553 -0.00727969 -2.79017e-07 -0.321768 -1.6057 -0.000199824 -1.00046e-08 
3.62	36	0.141407 0.130796 -0.148736 0.199058 0.075044 6.23424 0.00870164 0.0607962 0.205747 0.70271 -0.983386 -0.0123314 0.0249651 0.000989759 -1.12581 1.15505 -0.105562 0.045605 0.0829829 -0.0872327 -9.99827e-05 -0.00179957 -0.785871 0.0125193 0.00159978 -0.737726 1.6057 -0.000600134 -1.7844e-08 0.840586 -0.00727969 -2.79724e-07 -0.321751 -1.6057 -0.000199823 -1.00024e-08 
3.63	36	0.141406 0.130796 -0.148735 0.199055 0.0750428 6.23424 0.00870166 0.0607959 0.205751 0.70271 -0.983402 -0.0123333 0.0249677 0.000989778 -1.12581 1.15505 -0.10556 0.045605 0.0829829 -0.0872327 -9.99827e-05 -0.00179957 -0.785907 0.0125193 0.00159978 -0.737752 1.6057 -0.000600134 -1.7862e-08 0.840619 -0.00727968 -2.80412e-07 -0.321734 -1.6057 -0.000199823 -9.99982e-09 
3.64	36	0.141406 0.130796 -0.148735 0.199054 0.0750425 6.23424 0.00870168 0.0607958 0.205754 0.70271 -0.983417 -0.0123344 0.0249687 0.000989797 -1.12581 1.15504 -0.105558 0.0456051 0.0829829 -0.0872327 -9.99826e-05 -0.00179956 -0.785941 0.0125193 0.00159978 -0.737781 1.6057 -0.000600135 -1.78804e-08 0.840651 -0.00727968 -2.81084e-07 -0.321716 -1.6057 -0.000199822 -9.99697e-09 
3.65	36	0.141405 0.130797 -0.148735 0.199054 0.0750424 6.23424 0.0087017 0.0607956 0.205756 0.70271 -0.983431 -0.0123344 0.0249691 0.000989838 -1.12581 1.15504 -0.105557 0.0456051 0.0829829 -0.0872327 -9.99826e-05 -0.00179956 -0.785975 0.0125193 0.00159978 -0.737807 1.6057 -0.000600135 -1.78985e-08 0.840682 -0.00727968 -2.81777e-07 -0.321699 -1.6057 -0.000199822 -9.99449e-09 
3.66	36	0.141404 0.130797 -0.148734 0.199053 0.0750423 6.23424 0.00870171 0.0607955 0.205757 0.70271 -0.983444 -0.0123344 0.0249693 0.00098986 -1.12581 1.15504 -0.105555 0.0456051 0.0829829 -0.0872327 -9.99825e-05 -0.00179956 -0.78601 0.0125193 0.00159978 -0.737833 1.6057 -0.000600135 -1.79166e-08 0.840713 -0.00727968 -2.82462e-07 -0.321682 -1.6057 -0.000199821 -9.99186e-09 
3.67	36	0.141404 0.130798 -0.148734 0.199052 0.0750432 6.23424 0.00870173 0.0607953 0.205757 0.70271 -0.983456 -0.0123348 0.0249698 0.000989888 -1.12581 1.15504 -0.105551 0.0456051 0.0829829 -0.0872328 -9.99825e-05 -0.00179956 -0.786045 0.0125193 0.00159978 -0.73786 1.6057 -0.000600136 -1.79352e-08 0.840742 -0.00727968 -2.83136e-07 -0.321666 -1.6057 -0.000199821 -9.98904e-09 
3.68	36	0.141403 0.130798 -0.148733 0.199052 0.075044 6.23423 0.00870175 0.0607951 0.205757 0.70271 -0.983467 -0.0123349 0.0249702 0.000989929 -1.12581 1.15503 -0.105548 0.0456052 0.0829829 -0.0872328 -9.99824e-05 -0.00179956 -0.78608 0.0125193 0.00159978 -0.737887 1.6057 -0.000600136 -1.79537e-08 0.840771 -0.00727967 -2.83813e-07 -0.32165 -1.6057 -0.00019982 -9.98628e-09 
3.69	36	0.141402 0.130798 -0.148732 0.199051 0.0750449 6.23423 0.00870177 0.060795 0.205757 0.70271 -0.983478 -0.0123349 0.0249706 0.000989944 -1.12581 1.15503 -0.105545 0.0456052 0.0829829 -0.0872328 -9.99824e-05 -0.00179956 -0.786115 0.0125193 0.00159978 -0.737914 1.6057 -0.000600137 -1.79718e-08 0.840801 -0.00727967 -2.84501e-07 -0.321635 -1.6057 -0.00019982 -9.9837e-09 
3.7	36	0.141401 0.130799 -0.148732 0.19905 0.0750451 6.23423 0.00870179 0.0607946 0.205757 0.70271 -0.983489 -0.0123359 0.0249717 0.000989963 -1.12581 1.15503 -0.105542 0.0456052 0.082983 -0.0872328 -9.99823e-05 -0.00179956 -0.786151 0.0125193 0.00159978 -0.737937 1.6057 -0.000600137 -1.79896e-08 0.84083 -0.00727967 -2.85208e-07 -0.32162 -1.6057 -0.000199819 -9.98145e-09 
3.71	36	0.141399 0.1308 -0.148731 0.199049 0.0750452 6.23423 0.00870181 0.0607944 0.205757 0.70271 -0.983499 -0.0123361 0.0249725 0.000989983 -1.12581 1.15502 -0.105539 0.0456052 0.082983 -0.0872328 -9.99823e-05 -0.00179956 -0.786185 0.0125193 0.00159978 -0.737965 1.6057 -0.000600137 -1.8008e-08 0.840859 -0.00727967 -2.85888e-07 -0.321604 -1.6057 -0.000199819 -9.97875e-09 
3.72	36	0.141398 0.130801 -0.148731 0.199048 0.0750452 6.23423 0.00870183 0.0607941 0.205757 0.70271 -0.983508 -0.0123362 0.0249731 0.000990024 -1.12581 1.15502 -0.105535 0.0456053 0.082983 -0.0872328 -9.99822e-05 -0.00179956 -0.786219 0.0125193 0.00159978 -0.737991 1.6057 -0.000600138 -1.80265e-08 0.840888 -0.00727967 -2.86566e-07 -0.321589 -1.6057 -0.000199818 -9.97598e-09 
3.73	36	0.141397 0.130801 -0.14873 0.199047 0.0750454 6.23423 0.00870184 0.0607939 0.205757 0.70271 -0.983518 -0.0123373 0.0249743 0.000990078 -1.12581 1.15502 -0.105532 0.0456053 0.082983 -0.0872328 -9.99822e-05 -0.00179955 -0.786255 0.0125193 0.00159978 -0.738017 1.6057 -0.000600138 -1.80451e-08 0.840917 -0.00727967 -2.87255e-07 -0.321573 -1.6057 -0.000199818 -9.97347e-09 
3.74	36	0.141396 0.130802 -0.14873 0.199046 0.0750455 6.23422 0.00870186 0.0607938 0.205757 0.70271 -0.983526 -0.0123374 0.0249748 0.000990099 -1.12581 1.15501 -0.105529 0.0456053 0.082983 -0.0872328 -9.99821e-05 -0.00179955 -0.786289 0.0125193 0.00159978 -0.738044 1.6057 -0.000600139 -1.80628e-08 0.840946 -0.00727966 -2.8794e-07 -0.321558 -1.6057 -0.000199817 -9.97076e-09 
3.75	36	0.141395 0.130803 -0.148729 0.199045 0.0750457 6.23422 0.00870188 0.0607936 0.205757 0.70271 -0.983535 -0.0123379 0.0249752 0.000990118 -1.12581 1.15501 -0.105526 0.0456054 0.082983 -0.0872329 -9.99821e-05 -0.00179955 -0.786324 0.0125193 0.00159978 -0.738071 1.6057 -0.000600139 -1.80815e-08 0.840975 -0.00727966 -2.88613e-07 -0.321543 -1.6057 -0.000199817 -9.96791e-09 
3.76	36	0.141392 0.130804 -0.14873 0.199044 0.0750493 6.23422 0.008707 0.0607888 0.205767 0.702704 -0.983541 -0.0129855 0.0249865 0.000990172 -1.12582 1.15496 -0.105462 0.0456054 0.082983 -0.0872329 -9.9982e-05 -0.00179955 -0.786367 0.0125193 0.00159978 -0.738098 1.6057 -0.00060014 -1.81008e-08 0.841003 -0.00727966 -2.89333e-07 -0.321529 -1.6057 -0.000199816 -9.96628e-09 
3.77	36	0.141388 0.130799 -0.148736 0.19904 0.0750529 6.23423 0.00871201 0.0608466 0.205733 0.702563 -0.982565 -0.0129371 0.0249905 0.000983427 -1.12585 1.15497 -0.105454 0.0456067 0.0829841 -0.0872329 -9.99819e-05 -0.00179955 -0.786416 0.0125216 0.00159978 -0.73815 1.6057 -0.00060014 -1.81205e-08 0.841026 -0.00727945 -2.89899e-07 -0.321498 -1.6057 -0.000199816 -9.96114e-09 
3.78	36	0.141388 0.130794 -0.148735 0.199041 0.0750599 6.23424 0.0087121 0.0608466 0.205733 0.702563 -0.982611 -0.0129371 0.0249905 0.000983425 -1.12585 1.15496 -0.105447 0.0456067 0.0829841 -0.0872329 -9.99819e-05 -0.00179955 -0.78645 0.0125216 0.00159978 -0.738187 1.6057 -0.00060014 -1.8139e-08 0.841056 -0.00727945 -2.90575e-07 -0.321485 -1.6057 -0.000199815 -9.95829e-09 
3.79	36	0.141388 0.130788 -0.148733 0.199041 0.0750671 6.23425 0.00871217 0.0608466 0.205733 0.702563 -0.982656 -0.0129371 0.0249905 0.000983418 -1.12585 1.15494 -0.10544 0.0456066 0.0829841 -0.0872329 -9.99818e-05 -0.00179955 -0.786489 0.0125216 0.00159978 -0.73821 1.6057 -0.000600141 -1.81571e-08 0.841087 -0.00727945 -2.91264e-07 -0.321474 -1.6057 -0.000199815 -9.95573e-09 
3.8	36	0.141388 0.130783 -0.148732 0.199042 0.0750737 6.23426 0.0087123 0.0608466 0.205733 0.702563 -0.982699 -0.0129371 0.0249905 0.000983406 -1.12585 1.15493 -0.105433 0.0456064 0.0829841 -0.0872329 -9.99818e-05 -0.00179955 -0.786526 0.0125216 0.00159977 -0.738231 1.6057 -0.000600141 -1.81749e-08 0.841117 -0.00727944 -2.91965e-07 -0.321462 -1.6057 -0.000199814 -9.95336e-09 
3.81	36	0.141388 0.130779 -0.148731 0.199042 0.0750797 6.23427 0.00871242 0.0608466 0.205733 0.702563 -0.982739 -0.012937 0.0249905 0.000983401 -1.12585 1.15492 -0.105426 0.0456063 0.0829841 -0.0872329 -9.99817e-05 -0.00179954 -0.786559 0.0125216 0.00159977 -0.738253 1.6057 -0.000600142 -1.81932e-08 0.841148 -0.00727944 -2.92649e-07 -0.321448 -1.6057 -0.000199814 -9.95068e-09 
3.82	36	0.141388 0.130774 -0.14873 0.199043 0.0750859 6.23428 0.00871252 0.0608466 0.205733 0.702563 -0.982779 -0.012937 0.0249906 0.00098339 -1.12585 1.1549 -0.105419 0.0456063 0.0829841 -0.0872329 -9.99817e-05 -0.00179954 -0.786591 0.0125216 0.00159977 -0.738276 1.6057 -0.000600142 -1.82117e-08 0.841177 -0.00727944 -2.93328e-07 -0.321433 -1.6057 -0.000199813 -9.94793e-09 
3.83	36	0.141384 0.13077 -0.148733 0.199034 0.0750906 6.23429 0.00871552 0.0608673 0.205692 0.702578 -0.982354 -0.0133622 0.0250162 0.000979337 -1.12587 1.15486 -0.105401 0.0454179 0.0829864 -0.0872329 -9.99816e-05 -0.00179954 -0.786639 0.0125259 0.00159977 -0.7383 1.6057 -0.000600143 -1.82316e-08 0.841203 -0.00728072 -2.93959e-07 -0.321407 -1.6057 -0.000199812 -9.94425e-09 
3.84	36	0.141386 0.13076 -0.148732 0.199036 0.0750989 6.23431 0.00871607 0.0608673 0.205696 0.702578 -0.982413 -0.0133601 0.0250162 0.000979338 -1.12587 1.15484 -0.10539 0.0454179 0.0829864 -0.087233 -9.99816e-05 -0.00179954 -0.786659 0.0125259 0.00159977 -0.738356 1.6057 -0.000600143 -1.82508e-08 0.84123 -0.00728072 -2.9461e-07 -0.321389 -1.6057 -0.000199812 -9.94107e-09 
3.85	36	0.141389 0.13075 -0.148732 0.199037 0.0751075 6.23433 0.00871614 0.0608674 0.205699 0.702578 -0.98247 -0.0133599 0.0250163 0.000979254 -1.12587 1.15483 -0.10538 0.0454179 0.0829864 -0.087233 -9.99815e-05 -0.00179954 -0.786693 0.012526 0.00159977 -0.738377 1.6057 -0.000600143 -1.82691e-08 0.841259 -0.00728071 -2.95294e-07 -0.321378 -1.6057 -0.000199811 -9.9384e-09 
3.86	36	0.141391 0.130739 -0.148731 0.199038 0.0751169 6.23435 0.00871623 0.0608674 0.205699 0.702578 -0.982522 -0.0133598 0.0250163 0.000979138 -1.12587 1.15481 -0.105367 0.0454177 0.0829864 -0.087233 -9.99815e-05 -0.00179954 -0.786727 0.012526 0.00159977 -0.738394 1.6057 -0.000600144 -1.82868e-08 0.841288 -0.00728071 -2.95998e-07 -0.321367 -1.6057 -0.000199811 -9.93608e-09 
3.87	36	0.141392 0.130731 -0.14873 0.199039 0.0751255 6.23436 0.00871659 0.0608674 0.205699 0.702578 -0.982571 -0.0133594 0.0250163 0.000979123 -1.12587 1.1548 -0.105357 0.0454173 0.0829864 -0.087233 -9.99814e-05 -0.00179954 -0.786758 0.012526 0.00159977 -0.73841 1.6057 -0.000600144 -1.83045e-08 0.841317 -0.00728071 -2.96703e-07 -0.321356 -1.6057 -0.00019981 -9.93375e-09 
3.88	36	0.141393 0.130722 -0.148728 0.19904 0.0751341 6.23438 0.00871699 0.0608674 0.205699 0.702578 -0.98262 -0.0133587 0.0250163 0.000979106 -1.12587 1.15478 -0.105347 0.045417 0.0829865 -0.087233 -9.99813e-05 -0.00179954 -0.786787 0.012526 0.00159977 -0.738429 1.6057 -0.000600145 -1.8323e-08 0.841345 -0.00728071 -2.97384e-07 -0.321343 -1.6057 -0.00019981 -9.93103e-09 
3.89	36	0.141394 0.130714 -0.148727 0.199041 0.0751419 6.23439 0.00871731 0.0608674 0.205699 0.702578 -0.982665 -0.0133582 0.0250163 0.000979091 -1.12587 1.15477 -0.105337 0.0454168 0.0829865 -0.087233 -9.99813e-05 -0.00179953 -0.786815 0.012526 0.00159977 -0.738447 1.6057 -0.000600145 -1.83404e-08 0.841374 -0.00728071 -2.98098e-07 -0.32133 -1.6057 -0.00019981 -9.92887e-09 
