0.159613
0.177834
0.180226
0.182037
0.182875
0.192400
0.197625
0.206542
0.213365
0.221630
0.227609
0.234849
0.245829
0.257741
0.273951
0.293181
0.309695
0.326892
0.345650
0.366962
0.388900
0.411863
0.436460
0.461062
0.487143
0.513953
0.541865
0.569749
0.596901
0.620794
0.644351
0.664871
0.681165
0.688716
0.692941
0.644181
0.603771
0.541565
0.472088
0.251429
0.060628
-0.129220
-0.263180
-0.466528
-0.516931
-0.533005
-0.555931
-0.594993
-0.639483
-0.697372
-0.788641
-0.833573
-0.875339
-0.900756
-0.877014
-0.842612
-0.776091
-0.726868
-0.682399
-0.649774
-0.605437
-0.571826
-0.528625
-0.470841
-0.439722
-0.397500
-0.416323
-0.361371
-0.334956
-0.281856
-0.211846
-0.148275
-0.123532
-0.079151
-0.083152
-0.109773
-0.105634
-0.057791
-0.034427
-0.015660
-0.006580
0.005366
0.004626
0.008876
0.002795
0.003604
-0.005674
-0.003643
-0.001183
0.010356
0.016798
0.093263
0.139372
0.099368
0.072644
0.077598
0.138238
0.187028
0.218072
0.193536
0.093854
-0.007237
-0.099293
-0.035201
-0.023693
-0.037698
-0.018150
0.013291
0.015321
0.010193
0.034241
0.036705
0.037093
0.045069
0.040370
0.042151
0.045796
0.039080
0.023406
0.018242
0.011753
0.004511
0.001045
-0.041225
-0.051786
-0.040682
-0.023105
-0.013827
-0.005300
-0.031112
-0.038494
-0.036213
-0.023709
-0.003755
0.009276
0.009535
0.013088
0.015154
0.018340
0.011207
