-0.333830
-0.264706
-0.312353
-0.269117
-0.262942
-0.240151
-0.237909
-0.211164
-0.201885
-0.174141
-0.174154
-0.153082
-0.144537
-0.127293
-0.130207
-0.131691
-0.139775
-0.142359
-0.149099
-0.154722
-0.162725
-0.173995
-0.190910
-0.214727
-0.245332
-0.284231
-0.333044
-0.392467
-0.461034
-0.537028
-0.621330
-0.716444
-0.823341
-0.951883
-1.098506
-1.275139
-1.470686
-1.686120
-1.900254
-2.117468
-0.972319
0.168626
0.347741
0.244250
0.254828
0.163454
0.023315
-0.034049
-0.090695
-0.060349
-0.041918
-0.029428
-0.014118
-0.018667
-0.028955
-0.039074
-0.037363
-0.056694
-0.085257
-0.120540
-0.098056
-0.146690
-0.204772
-0.125075
-0.030919
-0.027817
-0.027537
-0.030725
-0.030275
-0.046467
-0.066755
-0.002140
0.026363
0.040012
0.029225
0.073911
0.035089
-0.022993
-0.041489
-0.031948
-0.020965
-0.018356
-0.010042
-0.008643
-0.001109
-0.003083
0.045475
0.063688
0.094455
0.097167
0.097609
0.077704
0.071627
0.056915
0.066508
0.065161
0.034406
-0.023216
-0.069156
-0.008931
-0.039320
-0.051275
-0.047146
-0.033111
-0.008458
0.007512
0.023101
0.033540
0.045697
0.056600
0.074971
0.091680
0.119573
0.134360
0.142986
0.171204
0.154692
0.138942
0.111155
0.105369
0.088306
0.098855
0.085354
0.092309
0.068275
0.059414
0.033637
0.015961
-0.022770
-0.046438
-0.094785
-0.132235
-0.186866
-0.255420
-0.234544
-0.293479
-0.272903
0.216031
0.182419
0.123078
