0.191437
0.076881
0.082159
0.101187
0.092447
0.073700
0.055209
0.042975
0.027827
0.018366
0.004063
-0.012484
-0.025454
-0.041640
-0.056442
-0.071808
-0.087984
-0.109402
-0.125970
-0.148815
-0.174801
-0.210430
-0.251592
-0.299122
-0.353876
-0.419144
-0.492495
-0.576936
-0.672792
-0.785685
-0.910302
-1.053105
-1.212107
-1.392543
-1.587525
-1.659427
-1.769516
-1.866458
-1.921192
-0.773277
-0.603620
-0.493906
-0.410199
0.321963
0.392448
0.320539
0.221960
0.123567
0.050923
-0.030317
-0.013391
-0.078768
-0.194839
-0.240034
0.038718
0.035240
-0.063944
-0.151822
-0.230799
-0.317177
-0.379785
-0.431609
-0.528672
-0.597143
-0.660097
-0.337377
0.146837
0.102822
0.036797
0.006037
-0.024119
0.001979
-0.024550
-0.024082
-0.056009
-0.051508
-0.083279
0.003484
0.035308
0.056170
0.082609
0.077155
0.075471
0.060953
0.059744
0.050151
0.058717
0.054635
0.064828
0.058692
0.066879
0.019228
-0.025391
0.016806
-0.010416
-0.014107
-0.079529
-0.108648
-0.152634
-0.209815
-0.178897
0.001613
0.141968
0.110346
0.080578
0.011256
-0.080082
-0.021166
-0.022572
0.000984
0.051600
0.072544
0.084627
0.079302
0.064893
0.037118
-0.000856
-0.037302
-0.061084
-0.078084
-0.096714
-0.109729
-0.119217
-0.033318
-0.006903
-0.010829
0.034606
0.046318
0.036525
0.066107
0.069618
0.069958
0.083588
0.082075
0.076574
0.082533
0.095244
0.094904
0.080243
0.064012
