-0.488703
-0.482037
-0.464404
-0.460430
-0.461410
-0.456457
-0.457603
-0.458153
-0.463887
-0.471203
-0.482718
-0.495117
-0.507836
-0.522137
-0.534780
-0.550968
-0.572215
-0.599319
-0.630414
-0.663553
-0.700307
-0.738905
-0.780511
-0.826123
-0.874152
-0.924587
-0.977389
-1.029583
-1.082845
-1.131534
-1.179263
-1.219154
-1.253570
-1.274406
-1.284537
-1.286880
-1.282406
-1.289734
-1.315532
-1.371873
-1.318058
-1.165185
-1.072938
-0.749920
-0.680533
-0.644051
-0.592443
-0.546703
-0.513714
-0.485161
-0.470250
-0.473971
-0.480182
-0.513568
-0.651133
-0.610900
-0.594930
-0.590421
-0.585883
-0.586358
-0.554385
-0.571376
-0.612248
-0.657376
-0.701317
-0.586732
-0.393210
-0.437227
-0.399067
-0.323648
-0.255341
-0.147610
-0.060060
0.018573
0.071236
0.080653
0.117051
0.069166
0.001081
-0.064108
-0.093225
-0.092032
-0.063704
-0.026433
0.002628
0.026247
0.036430
0.031266
0.019421
0.002873
-0.014507
-0.043917
-0.078491
-0.071277
-0.082098
-0.077709
-0.105013
-0.116344
-0.142870
-0.120621
-0.204285
-0.207269
-0.167915
-0.164686
-0.094269
-0.021616
0.016608
0.046875
0.039782
0.041052
0.049232
0.038405
0.019257
-0.007562
-0.018012
-0.012633
0.021678
0.029294
0.027936
0.030447
0.035164
0.023477
0.014011
-0.031549
-0.031894
-0.058393
-0.060119
-0.096408
-0.103422
-0.088216
-0.064793
-0.038602
-0.026074
-0.020453
-0.005384
0.002059
0.002497
-0.007914
-0.006933
-0.007240
