0.004823
0.007757
0.016011
0.016076
0.010731
0.003466
-0.000690
-0.005058
-0.005197
-0.003099
-0.000999
0.000479
-0.000382
-0.001753
-0.002918
-0.002106
-0.002710
-0.003755
-0.003439
-0.003331
-0.002184
-0.001534
-0.000511
0.000442
0.000301
-0.000174
-0.000136
-0.000525
-0.000782
-0.000328
0.000729
0.000763
0.000363
-0.000171
-0.000152
-0.000590
-0.000610
0.000173
0.000746
0.000662
0.001387
0.000507
0.000452
0.000323
0.000144
0.000144
0.000035
-0.000858
-0.001069
-0.001002
-0.001304
-0.001067
-0.000859
-0.000889
-0.000877
-0.000833
-0.000831
-0.000848
-0.000695
-0.000803
-0.000575
-0.000584
-0.000575
-0.000532
-0.000611
-0.000330
-0.000268
-0.000768
-0.000939
-0.000624
-0.000660
-0.000427
-0.000728
-0.000336
-0.000427
-0.000173
-0.000182
-0.000368
-0.001447
-0.000356
-0.000244
-0.000182
-0.000763
-0.000401
-0.000220
0.000401
0.000603
0.000642
0.000425
0.000702
0.000520
0.000563
0.000483
0.000451
0.000757
0.001041
0.000992
-0.000011
-0.000244
-0.000396
-0.000412
0.001232
0.001274
0.001228
0.001295
0.001455
0.001137
-0.000017
0.000719
0.000666
0.000772
0.000537
0.000855
0.000497
0.000611
0.000487
0.000503
0.000420
0.000292
0.000266
0.000377
-0.000411
-0.000807
0.000723
0.000845
0.001188
0.000972
0.001237
0.002659
0.002667
0.002514
0.002454
0.002048
0.001557
0.001639
0.001495
0.001371
0.001113
0.001056
0.000019
