0.007964
0.002731
0.006233
-0.003498
-0.008145
-0.010893
-0.004817
0.002383
0.009043
0.014546
0.018212
0.017823
0.016808
0.013432
0.010884
0.010770
0.007298
0.003812
0.003022
0.001085
0.000445
0.000812
0.002436
0.003897
0.003124
0.002512
0.002914
0.002252
0.001194
0.000912
0.000514
0.001833
0.001092
-0.000243
-0.000605
0.000069
0.000386
-0.000043
0.002100
0.001746
0.002276
0.002178
0.002142
0.002161
0.002068
0.001760
0.001751
0.002572
0.002667
0.002256
0.002349
0.001589
0.001426
0.001402
0.001298
0.001263
0.001039
0.001039
0.000806
0.000862
0.000717
0.000622
0.000641
0.000485
0.000521
0.000448
0.000329
0.000773
0.000777
0.000570
0.000484
0.000362
0.000390
0.000269
0.000237
0.000105
0.000057
0.000177
-0.000923
0.000154
0.000090
0.000130
0.002038
0.001359
0.000751
0.000368
0.000412
0.000589
0.000464
0.000445
0.000375
0.000389
0.000730
0.000606
0.000186
0.000070
0.000592
0.001132
0.001361
0.001124
0.000185
0.000589
0.000336
0.000298
0.000332
0.000061
0.000093
-0.000746
0.000152
0.000164
0.000089
0.000168
0.000109
0.000095
-0.000025
0.000167
0.000188
0.000081
0.000088
0.000108
0.000109
0.000525
-0.000293
0.000867
0.001308
0.001523
0.000902
0.000344
0.001039
0.000901
0.000880
0.000795
0.000612
0.000524
0.000584
0.000182
0.000489
0.001069
0.001938
0.000785
