-0.003094
-0.037120
-0.016749
-0.013345
-0.011954
-0.013000
-0.009663
-0.007316
-0.003204
-0.001062
-0.001173
0.004143
0.004801
0.004349
0.003669
0.003958
0.004675
0.005039
0.003848
0.003182
0.002297
0.000979
-0.000135
-0.000691
0.000380
0.000838
0.001048
-0.002404
0.001022
0.002534
0.002890
0.001835
0.001872
0.000620
0.001901
0.001266
0.000830
-0.000083
0.001151
0.001098
0.001248
0.001057
0.000995
0.000988
0.000937
0.000819
0.000743
0.000563
0.000411
0.000397
0.000312
0.000469
0.000410
0.000373
0.000340
0.000310
0.000271
0.000251
0.000238
0.000231
0.000206
0.000179
0.000145
0.000123
0.000129
0.000099
0.000107
0.000096
0.000065
0.000055
0.000127
0.000051
0.000034
0.000073
0.000019
0.000015
-0.000003
0.000014
0.000017
-0.000006
-0.000008
-0.000001
-0.002875
0.000541
0.000568
0.000563
0.000527
0.000489
0.000383
0.000449
-0.001024
0.000644
0.000566
0.000543
0.000518
0.000565
0.000672
0.000649
0.000598
0.001037
0.001700
0.000586
0.000482
0.000457
0.000421
0.000337
0.000329
0.001223
0.000299
0.000271
0.000220
0.000250
0.000300
0.000203
0.000154
0.000200
0.000214
0.000169
0.000148
0.000113
0.000106
0.000166
0.001997
0.000666
0.000812
0.000828
0.001218
0.000565
0.001132
0.000906
0.000771
0.000749
0.000754
0.001114
0.000614
0.001925
0.001013
0.003879
0.002785
0.003061
