0.009338
-0.005273
0.021089
0.045199
0.079454
0.108135
0.122510
0.122699
0.111456
0.090651
0.066823
0.039207
0.013115
-0.005220
-0.008803
-0.006267
0.003114
0.013902
0.026107
0.037048
0.043169
0.043412
0.040568
0.038331
0.033484
0.027758
0.022475
0.017682
0.015080
0.013938
0.012396
0.016473
0.016272
0.016952
0.017082
0.015266
0.014779
0.011367
0.007923
0.004082
-0.000051
-0.001733
-0.003965
-0.003337
-0.001959
-0.000733
0.001369
0.002843
0.004133
0.001467
0.002680
0.002296
0.002348
0.004372
0.005630
0.002627
-0.000553
-0.003481
-0.005452
-0.002874
-0.003121
-0.002556
-0.003494
-0.003260
-0.001381
-0.002384
-0.000981
-0.000526
0.000337
0.000636
0.001160
0.004292
0.003071
0.003344
0.001258
0.001739
0.000750
-0.001812
-0.002512
-0.000652
-0.001096
-0.002159
-0.001564
-0.003495
-0.003540
-0.003254
-0.002409
-0.002877
-0.008211
-0.000842
0.001098
0.001086
0.000878
-0.002251
0.001161
-0.002536
-0.003453
-0.003296
-0.004645
-0.002802
-0.001847
-0.001334
-0.002267
-0.001551
-0.001167
-0.001304
-0.001156
-0.000926
-0.002404
-0.003206
-0.001607
-0.002019
-0.002023
-0.001188
-0.002992
0.001121
-0.000746
-0.002896
-0.001143
-0.001446
0.000101
-0.001208
-0.001174
-0.000937
-0.000990
-0.000806
-0.000601
-0.000484
-0.000247
0.000594
0.001330
0.001431
0.002324
0.001409
-0.000054
0.001267
0.000344
-0.001084
-0.001310
-0.001160
