0.000330
0.008530
0.038967
0.066796
0.083926
0.083702
0.079749
0.065780
0.047155
0.026843
0.007207
-0.005555
-0.014360
-0.017973
-0.016931
-0.013467
-0.009162
-0.004293
-0.000448
0.000943
-0.000225
-0.001279
-0.004816
-0.005095
-0.006199
-0.006283
-0.005345
-0.004470
-0.003841
-0.003063
-0.003815
-0.003664
-0.005491
-0.006024
-0.006564
-0.008127
-0.007613
-0.006913
-0.006545
-0.005103
-0.003597
-0.002620
0.001465
0.003860
0.006040
0.008062
0.010228
0.012461
0.014152
0.014530
0.013762
0.013395
0.012385
0.008821
0.009962
0.011500
0.011697
0.011182
0.009034
0.010502
0.011372
0.011628
0.011586
0.010784
0.010050
0.009181
0.008915
0.009205
0.009368
0.009125
0.009185
0.009411
0.010949
0.009747
0.007798
0.005799
0.007274
0.007235
0.006299
0.007181
0.007632
0.008504
0.009473
0.010255
0.009439
0.008654
0.008267
0.008234
0.009686
0.004975
0.004587
0.004684
0.004069
0.003859
0.003596
0.003958
0.005079
0.004983
0.003197
0.003645
0.003182
0.002310
0.002652
0.001830
0.001189
0.001132
0.000933
0.002081
0.003069
0.004278
0.002449
0.002573
0.002149
0.002122
0.000198
-0.001519
0.002200
0.002192
0.002693
0.001327
0.001014
0.000464
0.000476
0.000303
0.000376
0.000111
0.000142
0.000041
0.000201
-0.000200
0.001169
0.001831
0.000218
0.001690
0.002011
0.001311
0.002225
0.002873
0.003321
0.002943
