-0.008142
-0.041843
-0.030944
-0.009750
-0.004406
-0.002858
-0.002967
0.002517
0.000581
0.001375
0.007268
0.013393
0.017407
0.016849
0.013316
0.010694
0.005004
0.002114
0.001240
-0.000283
0.000018
0.003640
0.006749
0.009074
0.008255
0.008516
0.007191
0.004703
0.002214
0.000333
0.001155
0.000521
0.001118
0.001203
0.002923
0.004544
0.005908
0.006176
0.006990
0.007547
0.005368
0.005013
0.001456
0.000520
-0.000192
-0.000202
0.000299
0.000818
0.001456
0.003770
0.002368
0.001771
0.002843
-0.000922
0.002312
0.001863
0.001397
0.001333
0.000275
0.003209
0.001560
0.002231
0.001417
0.000664
0.001469
0.001472
0.001702
0.001832
0.001936
0.001955
0.001929
0.002877
0.000426
0.000466
0.001245
0.002464
0.001939
0.001143
0.000586
0.000213
0.000377
0.000793
0.001845
0.000572
0.000564
0.000507
0.001070
0.000714
-0.003121
0.000372
0.001194
0.001712
0.002024
0.000822
0.001768
0.000860
0.000816
0.000245
0.000270
0.000573
0.000737
0.001386
0.000347
0.000915
0.000436
0.000284
0.000287
0.000553
0.000407
0.000342
0.000779
0.000256
0.000220
0.000375
-0.000080
-0.001285
0.000221
0.000616
0.000297
0.001435
0.000753
0.000414
0.000420
0.000375
0.000314
0.000290
0.000306
0.000260
0.000219
0.000392
0.000172
0.000704
0.001445
0.000531
0.000535
0.001030
0.000798
0.000767
0.000693
0.000630
