0.592109
0.408778
0.448543
0.481873
0.510700
0.519340
0.518253
0.503637
0.487718
0.467615
0.454263
0.451713
0.457767
0.471368
0.488228
0.505239
0.523558
0.542548
0.560863
0.579296
0.600429
0.623480
0.652259
0.685879
0.725426
0.766957
0.813557
0.860962
0.911690
0.961624
1.009428
1.057811
1.104548
1.149881
1.186626
1.208762
1.214519
1.204627
1.189044
1.170208
0.925306
0.914153
0.738451
0.679587
0.589319
0.537760
0.504638
0.434161
0.367695
0.258586
0.162178
0.047788
-0.051570
-0.072422
-0.077935
-0.088893
-0.107575
-0.122678
-0.131797
-0.145636
-0.158716
-0.191695
-0.231755
-0.245927
-0.208159
-0.170412
-0.137785
-0.094616
-0.051297
0.011338
0.089603
0.169169
0.150545
0.103275
0.050240
-0.008200
0.003885
-0.010252
-0.018371
-0.014686
-0.024825
-0.044621
-0.076691
-0.105248
-0.140303
-0.159812
-0.146714
-0.142614
-0.156146
-0.160270
-0.168771
-0.169779
-0.181728
-0.187188
-0.198733
-0.188940
-0.167560
-0.121648
-0.092785
-0.008915
0.077878
0.142685
0.170600
0.154484
0.112069
0.071020
0.050173
0.017858
-0.003321
-0.018857
-0.035795
-0.039521
-0.046594
-0.046461
-0.048158
-0.048561
-0.038956
-0.039442
-0.033184
-0.029205
-0.014835
0.007161
0.048792
0.084905
0.127332
0.170608
0.213209
0.254341
0.295677
0.339719
0.385330
0.434672
0.481963
0.525119
0.591709
0.615093
0.643950
0.492286
0.418588
0.347465
