-0.056878
-0.053208
-0.011097
0.007660
0.047924
0.062294
0.073722
0.060685
0.045034
0.015689
-0.011939
-0.043953
-0.071482
-0.101678
-0.122794
-0.141194
-0.155848
-0.166560
-0.176801
-0.186584
-0.199758
-0.216791
-0.239355
-0.266398
-0.297853
-0.333295
-0.372132
-0.413804
-0.458710
-0.506871
-0.554931
-0.601225
-0.646951
-0.683734
-0.716867
-0.737666
-0.746687
-0.743023
-0.737108
-0.729068
-0.518576
-0.499943
-0.414699
-0.389141
-0.393754
-0.436608
-0.460400
-0.455402
-0.440218
-0.375119
-0.296442
-0.272704
-0.275113
-0.300039
-0.308489
-0.302046
-0.287024
-0.290711
-0.294051
-0.302015
-0.315297
-0.306885
-0.287978
-0.276963
-0.209761
-0.121358
-0.020501
0.076461
0.159714
0.202302
0.215198
0.219040
0.264023
0.296980
0.303434
0.318097
0.227613
0.147497
0.052550
-0.052118
-0.115992
-0.130780
-0.128100
-0.113604
-0.099439
-0.083343
-0.075303
-0.057102
-0.040554
-0.025128
-0.018686
-0.019010
-0.023407
-0.028274
-0.036483
-0.036353
-0.023487
-0.014945
-0.005022
0.007359
0.042401
0.075442
0.105694
0.110861
0.110929
0.109876
0.111300
0.113041
0.125466
0.140052
0.164089
0.179459
0.210274
0.235018
0.258932
0.299139
0.306726
0.294043
0.256655
0.238728
0.220651
0.222562
0.204193
0.191051
0.174380
0.174742
0.175661
0.180335
0.179424
0.180646
0.175593
0.174622
0.174821
0.181124
0.240829
0.305917
0.374395
0.188343
0.164696
0.153286
