0.161982
0.166241
0.170642
0.175163
0.179592
0.184271
0.189049
0.194106
0.199276
0.204714
0.210255
0.216033
0.221974
0.228247
0.234838
0.241915
0.249394
0.257352
0.265721
0.274627
0.284054
0.294060
0.304658
0.315876
0.327718
0.340237
0.353436
0.367343
0.381943
0.397173
0.413012
0.429397
0.446264
0.463409
0.480691
0.497415
0.513019
0.527338
0.539943
0.549375
0.552929
0.552166
0.547336
0.537522
0.525053
0.511935
0.498316
0.483976
0.468544
0.451861
0.433187
0.412925
0.391545
0.369235
0.346481
0.324949
0.304831
0.286141
0.268483
0.251916
0.236245
0.221398
0.207519
0.195086
0.183712
0.173339
0.163014
0.153524
0.144791
0.137026
0.130923
0.126543
0.123083
0.120609
0.118670
0.116183
0.113319
0.111541
0.110154
0.109548
0.108986
0.108959
0.108775
0.108972
0.108840
0.108954
0.108675
0.108548
0.108155
0.108288
0.108477
0.109936
0.113182
0.115995
0.118584
0.120135
0.122834
0.127028
0.131926
0.137099
0.140533
0.141344
0.139607
0.138037
0.137420
0.136651
0.135847
0.135883
0.136280
0.136608
0.137161
0.138007
0.138868
0.139982
0.141080
0.142152
0.143204
0.144350
0.145089
0.145636
0.145986
0.146199
0.146286
0.145891
0.144741
0.143601
0.142724
0.142328
0.142043
0.141588
0.140615
0.139726
0.138868
0.138603
0.138722
0.138996
0.139267
0.139717
0.140179
0.140610
