0.162239
0.162246
0.162376
0.162407
0.162281
0.162017
0.161849
0.161806
0.161975
0.162278
0.162686
0.163125
0.163538
0.163903
0.164194
0.164479
0.164707
0.164847
0.164940
0.164980
0.165006
0.165020
0.165069
0.165153
0.165258
0.165329
0.165404
0.165474
0.165523
0.165554
0.165573
0.165610
0.165653
0.165666
0.165645
0.165633
0.165637
0.165626
0.165654
0.165709
0.165766
0.165818
0.165873
0.165926
0.165980
0.166029
0.166075
0.166118
0.166186
0.166251
0.166306
0.166352
0.166389
0.166422
0.166456
0.166485
0.166510
0.166534
0.166555
0.166575
0.166593
0.166609
0.166624
0.166638
0.166650
0.166662
0.166671
0.166678
0.166697
0.166713
0.166724
0.166734
0.166741
0.166748
0.166752
0.166755
0.166757
0.166759
0.166761
0.166767
0.166769
0.166771
0.166771
0.166792
0.166822
0.166835
0.166844
0.166853
0.166865
0.166876
0.166886
0.166884
0.166899
0.166916
0.166925
0.166927
0.166933
0.166954
0.166985
0.167021
0.167049
0.167068
0.167080
0.167088
0.167095
0.167100
0.167102
0.167104
0.167110
0.167114
0.167117
0.167119
0.167122
0.167124
0.167127
0.167129
0.167134
0.167137
0.167140
0.167142
0.167144
0.167145
0.167153
0.167168
0.167195
0.167228
0.167263
0.167284
0.167309
0.167334
0.167355
0.167375
0.167390
0.167405
0.167418
0.167430
0.167439
0.167456
0.167482
0.167503
