0.162606
0.162313
0.162523
0.163379
0.165017
0.167433
0.170499
0.173609
0.176700
0.179279
0.181351
0.182693
0.183397
0.183489
0.183371
0.183181
0.183192
0.183418
0.183971
0.184785
0.185844
0.186947
0.188044
0.189046
0.189993
0.190764
0.191410
0.191911
0.192334
0.192694
0.193040
0.193419
0.193827
0.194248
0.194687
0.195107
0.195512
0.195846
0.196099
0.196247
0.196296
0.196256
0.196175
0.196083
0.196021
0.195987
0.195998
0.196053
0.196143
0.196222
0.196293
0.196363
0.196409
0.196433
0.196553
0.196655
0.196680
0.196627
0.196525
0.196424
0.196348
0.196278
0.196199
0.196105
0.196032
0.195980
0.195946
0.195931
0.195940
0.195948
0.195990
0.196072
0.196163
0.196266
0.196324
0.196337
0.196367
0.196350
0.196295
0.196284
0.196281
0.196257
0.196189
0.196122
0.196039
0.195954
0.195888
0.195830
0.195777
0.195735
0.195736
0.195775
0.195772
0.195747
0.195718
0.195690
0.195609
0.195522
0.195448
0.195381
0.195316
0.195257
0.195203
0.195151
0.195119
0.195088
0.195058
0.195051
0.195001
0.194926
0.194855
0.194804
0.194751
0.194713
0.194678
0.194663
0.194656
0.194620
0.194582
0.194549
0.194565
0.194547
0.194516
0.194489
0.194463
0.194443
0.194426
0.194411
0.194402
0.194400
0.194436
0.194462
0.194497
0.194551
0.194564
0.194583
0.194601
0.194592
0.194560
0.194530
