0.162549
0.160845
0.159881
0.159730
0.160445
0.161755
0.163584
0.165280
0.166722
0.167491
0.167630
0.166915
0.165550
0.163369
0.160593
0.157228
0.153493
0.149447
0.145149
0.140598
0.135774
0.130557
0.124861
0.118529
0.111472
0.103567
0.094732
0.084884
0.073960
0.061863
0.048556
0.034067
0.018425
0.001762
-0.015792
-0.033975
-0.052550
-0.071174
-0.089712
-0.108031
-0.125547
-0.137137
-0.148129
-0.158227
-0.167479
-0.177859
-0.189148
-0.200569
-0.211893
-0.222094
-0.230493
-0.237434
-0.244396
-0.251498
-0.259260
-0.266821
-0.274218
-0.281350
-0.288703
-0.296103
-0.303950
-0.311700
-0.319066
-0.325957
-0.332097
-0.336142
-0.337832
-0.337024
-0.334013
-0.329278
-0.324143
-0.318673
-0.312655
-0.305504
-0.297971
-0.290309
-0.283595
-0.278829
-0.276290
-0.276303
-0.278545
-0.281676
-0.284932
-0.287936
-0.290602
-0.292857
-0.294985
-0.296609
-0.297879
-0.298680
-0.299283
-0.299732
-0.300330
-0.300976
-0.301820
-0.302734
-0.303526
-0.303982
-0.304157
-0.304274
-0.303725
-0.302260
-0.299936
-0.297205
-0.294431
-0.291688
-0.288913
-0.286136
-0.283156
-0.279845
-0.276014
-0.271737
-0.266809
-0.261203
-0.255054
-0.248036
-0.240417
-0.232851
-0.226067
-0.219888
-0.214248
-0.208684
-0.203312
-0.198278
-0.193890
-0.189484
-0.185148
-0.180652
-0.176213
-0.171685
-0.167293
-0.162885
-0.158576
-0.154111
-0.149143
-0.142238
-0.133578
-0.125632
-0.121294
-0.117298
