0.146002
0.133866
0.122185
0.110634
0.099159
0.087719
0.076364
0.064959
0.053492
0.041827
0.029935
0.017732
0.005217
-0.007646
-0.020864
-0.034411
-0.048463
-0.063085
-0.078472
-0.094636
-0.111697
-0.129690
-0.148693
-0.168788
-0.190080
-0.212575
-0.236416
-0.261521
-0.288007
-0.315710
-0.344686
-0.374685
-0.405679
-0.437289
-0.469345
-0.501527
-0.533664
-0.565792
-0.598402
-0.632113
-0.666119
-0.697461
-0.724962
-0.745992
-0.763559
-0.780088
-0.795492
-0.809657
-0.822857
-0.835340
-0.847248
-0.858930
-0.870680
-0.882980
-0.896761
-0.912470
-0.927454
-0.942258
-0.956849
-0.971532
-0.985780
-0.999847
-1.014758
-1.030623
-1.047657
-1.064350
-1.076654
-1.087140
-1.097731
-1.106741
-1.114063
-1.118887
-1.121452
-1.121866
-1.120614
-1.118664
-1.116118
-1.113842
-1.112947
-1.113799
-1.115792
-1.118136
-1.120037
-1.121098
-1.121260
-1.120843
-1.119963
-1.119086
-1.118305
-1.118011
-1.118086
-1.118777
-1.120302
-1.122065
-1.123899
-1.125872
-1.128055
-1.130790
-1.134061
-1.137283
-1.141471
-1.147138
-1.151492
-1.155739
-1.158941
-1.160324
-1.160281
-1.159306
-1.158292
-1.157349
-1.156179
-1.155054
-1.154171
-1.154032
-1.154461
-1.154905
-1.154688
-1.154042
-1.153290
-1.152630
-1.151772
-1.151053
-1.150537
-1.150711
-1.151460
-1.152706
-1.153953
-1.155958
-1.158479
-1.160933
-1.162758
-1.164045
-1.164787
-1.165443
-1.165708
-1.165757
-1.165574
-1.165665
-1.165817
-1.166028
