0.146300
0.146381
0.146711
0.147151
0.147512
0.147672
0.147695
0.147619
0.147494
0.147392
0.147354
0.147351
0.147370
0.147347
0.147298
0.147252
0.147194
0.147108
0.147021
0.146931
0.146859
0.146816
0.146792
0.146791
0.146811
0.146811
0.146813
0.146806
0.146800
0.146786
0.146795
0.146814
0.146829
0.146837
0.146833
0.146829
0.146811
0.146799
0.146812
0.146840
0.146872
0.146900
0.146912
0.146923
0.146929
0.146934
0.146935
0.146931
0.146904
0.146875
0.146841
0.146812
0.146788
0.146765
0.146738
0.146714
0.146694
0.146672
0.146653
0.146635
0.146618
0.146605
0.146588
0.146571
0.146557
0.146544
0.146534
0.146520
0.146496
0.146473
0.146455
0.146440
0.146426
0.146414
0.146397
0.146387
0.146380
0.146373
0.146361
0.146347
0.146339
0.146331
0.146320
0.146294
0.146282
0.146287
0.146302
0.146319
0.146332
0.146344
0.146362
0.146372
0.146382
0.146392
0.146408
0.146430
0.146462
0.146472
0.146467
0.146457
0.146464
0.146490
0.146519
0.146552
0.146583
0.146615
0.146644
0.146667
0.146688
0.146702
0.146721
0.146737
0.146753
0.146765
0.146777
0.146791
0.146800
0.146813
0.146820
0.146825
0.146835
0.146831
0.146817
0.146818
0.146839
0.146864
0.146889
0.146927
0.146989
0.147059
0.147128
0.147190
0.147243
0.147289
0.147329
0.147372
0.147406
0.147440
0.147459
0.147465
