0.145279
0.155310
0.165991
0.177624
0.190089
0.202975
0.215925
0.228705
0.241058
0.253000
0.264520
0.275824
0.287222
0.298815
0.310852
0.323251
0.336139
0.349459
0.363271
0.377523
0.392303
0.407599
0.423553
0.440272
0.457933
0.476592
0.496379
0.517317
0.539502
0.562946
0.587624
0.613479
0.640532
0.668739
0.697986
0.727980
0.758328
0.788581
0.818483
0.847980
0.876262
0.900165
0.920690
0.938256
0.954589
0.968647
0.981685
0.993177
1.003119
1.011102
1.016410
1.019063
1.018890
1.017294
1.015508
1.013462
1.011101
1.008253
1.005213
1.001750
0.998294
0.993821
0.988687
0.982492
0.976702
0.972008
0.968079
0.965256
0.963383
0.962890
0.964017
0.967367
0.971468
0.974590
0.976382
0.977032
0.976935
0.976869
0.976347
0.975895
0.975256
0.974348
0.972642
0.970337
0.967005
0.963214
0.959354
0.955747
0.951841
0.947874
0.943588
0.939348
0.934798
0.930182
0.925135
0.920315
0.915896
0.912253
0.909728
0.908465
0.909371
0.912192
0.916409
0.920579
0.924140
0.926333
0.927967
0.928776
0.928997
0.928721
0.928062
0.927102
0.926014
0.924814
0.923643
0.922398
0.921372
0.920398
0.919591
0.918781
0.918285
0.918139
0.918838
0.920491
0.923204
0.926866
0.931748
0.937537
0.944462
0.952352
0.961436
0.971666
0.983137
0.995734
1.009728
1.024776
1.040636
1.055499
1.066823
1.076333
