0.145860
0.145872
0.146527
0.147944
0.149968
0.152084
0.154103
0.155871
0.157217
0.158094
0.158490
0.158486
0.158233
0.157807
0.157367
0.156971
0.156684
0.156510
0.156461
0.156465
0.156462
0.156435
0.156360
0.156228
0.156088
0.155919
0.155773
0.155647
0.155544
0.155457
0.155380
0.155281
0.155161
0.155011
0.154852
0.154671
0.154474
0.154282
0.154104
0.153952
0.153843
0.153777
0.153779
0.153849
0.153975
0.154152
0.154380
0.154665
0.154999
0.155358
0.155707
0.156047
0.156373
0.156659
0.156919
0.157196
0.157488
0.157775
0.158047
0.158310
0.158587
0.158869
0.159160
0.159441
0.159700
0.159944
0.160169
0.160383
0.160620
0.160845
0.161080
0.161308
0.161565
0.161830
0.162044
0.162220
0.162385
0.162570
0.162737
0.162902
0.163073
0.163275
0.163500
0.163752
0.163998
0.164224
0.164430
0.164627
0.164836
0.165003
0.165114
0.165229
0.165340
0.165441
0.165521
0.165614
0.165729
0.165855
0.165963
0.166057
0.166141
0.166213
0.166277
0.166331
0.166367
0.166398
0.166421
0.166456
0.166519
0.166615
0.166701
0.166767
0.166825
0.166880
0.166920
0.166944
0.166989
0.167060
0.167137
0.167189
0.167222
0.167236
0.167248
0.167252
0.167260
0.167264
0.167266
0.167268
0.167271
0.167272
0.167277
0.167314
0.167333
0.167363
0.167411
0.167444
0.167488
0.167548
0.167629
0.167706
