0.744748
0.744116
0.743329
0.743012
0.742725
0.742387
0.742136
0.741891
0.741793
0.741747
0.741743
0.741790
0.741915
0.742029
0.742147
0.742205
0.742301
0.742389
0.742513
0.742553
0.742596
0.742638
0.742654
0.742644
0.742641
0.742657
0.742685
0.742687
0.742677
0.742734
0.742804
0.742854
0.742905
0.742936
0.742955
0.742997
0.743026
0.742984
0.742999
0.743029
0.743061
0.743090
0.743116
0.743139
0.743163
0.743184
0.743204
0.743219
0.743231
0.743242
0.743253
0.743263
0.743274
0.743284
0.743292
0.743301
0.743308
0.743315
0.743321
0.743326
0.743331
0.743336
0.743341
0.743345
0.743348
0.743351
0.743353
0.743356
0.743359
0.743361
0.743364
0.743365
0.743367
0.743370
0.743375
0.743378
0.743378
0.743379
0.743380
0.743381
0.743381
0.743381
0.743379
0.743395
0.743409
0.743423
0.743437
0.743451
0.743462
0.743473
0.743482
0.743491
0.743502
0.743516
0.743530
0.743544
0.743555
0.743572
0.743587
0.743599
0.743621
0.743645
0.743659
0.743671
0.743686
0.743699
0.743710
0.743719
0.743731
0.743738
0.743744
0.743749
0.743755
0.743761
0.743766
0.743771
0.743775
0.743786
0.743790
0.743793
0.743796
0.743804
0.743809
0.743825
0.743853
0.743878
0.743895
0.743901
0.743930
0.743954
0.743975
0.743994
0.744013
0.744038
0.744056
0.744079
0.744111
0.744152
0.744208
0.744300
