0.744449
0.738703
0.730864
0.723522
0.716348
0.710090
0.703544
0.697924
0.692333
0.687651
0.682999
0.678918
0.674976
0.671594
0.668198
0.664941
0.661439
0.657925
0.654200
0.650413
0.646384
0.642174
0.637571
0.632494
0.626704
0.620084
0.612337
0.603260
0.592554
0.580047
0.565543
0.548787
0.529511
0.507296
0.481643
0.451932
0.417575
0.378038
0.333170
0.282852
0.231288
0.226460
0.233758
0.241425
0.246008
0.251402
0.253636
0.254274
0.252827
0.250735
0.249282
0.248454
0.247794
0.247476
0.246761
0.245922
0.244920
0.243781
0.241908
0.239384
0.236011
0.233047
0.228624
0.223909
0.222599
0.222043
0.221371
0.220762
0.219963
0.219103
0.217517
0.216560
0.216908
0.217870
0.218755
0.219424
0.221141
0.221152
0.220243
0.219278
0.218709
0.218241
0.217987
0.217745
0.217767
0.217710
0.218818
0.220205
0.222444
0.224869
0.227533
0.229707
0.231762
0.233346
0.234961
0.236641
0.237871
0.237906
0.236326
0.236375
0.235615
0.234420
0.233070
0.232026
0.231459
0.231487
0.231825
0.232486
0.233462
0.234716
0.236408
0.238461
0.241220
0.244396
0.247679
0.251706
0.255692
0.259390
0.262307
0.265049
0.267295
0.269641
0.271816
0.274043
0.275988
0.277590
0.278687
0.279385
0.279216
0.278425
0.276584
0.273804
0.269779
0.264353
0.257765
0.251186
0.245165
0.242333
0.247480
0.251353
