0.744576
0.747700
0.750045
0.752463
0.755530
0.757607
0.759640
0.760893
0.761964
0.762565
0.763069
0.762991
0.762687
0.761836
0.760698
0.759066
0.757105
0.754645
0.751772
0.748341
0.744359
0.739553
0.733808
0.726911
0.718772
0.709086
0.697704
0.684310
0.668687
0.650423
0.629206
0.604616
0.576237
0.543604
0.506223
0.465515
0.422592
0.377065
0.329733
0.293506
0.277172
0.263168
0.251851
0.255470
0.264781
0.273852
0.280697
0.284961
0.287258
0.287565
0.287225
0.286135
0.282717
0.276721
0.271651
0.273290
0.273199
0.270294
0.265871
0.259024
0.250428
0.240224
0.228318
0.214216
0.198540
0.185091
0.182566
0.185945
0.187494
0.187949
0.187590
0.187712
0.187376
0.186774
0.185853
0.184628
0.182976
0.182970
0.183531
0.184663
0.186582
0.188632
0.190724
0.192435
0.194139
0.195570
0.197082
0.198558
0.200255
0.201884
0.203648
0.204782
0.204984
0.205477
0.205663
0.205457
0.204599
0.202173
0.199357
0.194818
0.190353
0.187302
0.189747
0.192964
0.195509
0.196671
0.195778
0.195068
0.194415
0.194014
0.194758
0.196311
0.198318
0.200401
0.202053
0.203297
0.203703
0.203090
0.201827
0.200012
0.197852
0.195252
0.192478
0.190358
0.189915
0.189699
0.190335
0.191509
0.192645
0.194037
0.195951
0.197662
0.199838
0.201880
0.203870
0.205849
0.208206
0.210586
0.212734
0.214494
