0.744570
0.743782
0.742734
0.742274
0.742098
0.742013
0.741894
0.741873
0.741903
0.741934
0.742033
0.742271
0.742645
0.743095
0.743446
0.743748
0.743918
0.743989
0.744011
0.744033
0.744018
0.744057
0.744169
0.744362
0.744553
0.744763
0.744956
0.745103
0.745182
0.745205
0.745211
0.745198
0.745216
0.745240
0.745287
0.745384
0.745533
0.745684
0.745850
0.746030
0.746191
0.746310
0.746388
0.746410
0.746409
0.746402
0.746413
0.746425
0.746451
0.746498
0.746571
0.746619
0.746662
0.746697
0.746722
0.746777
0.746817
0.746850
0.746884
0.746924
0.746977
0.747033
0.747074
0.747100
0.747121
0.747161
0.747203
0.747248
0.747297
0.747339
0.747392
0.747443
0.747485
0.747485
0.747506
0.747539
0.747580
0.747621
0.747637
0.747666
0.747679
0.747712
0.747722
0.747747
0.747766
0.747780
0.747801
0.747833
0.747860
0.747881
0.747899
0.747947
0.747980
0.748007
0.748035
0.748061
0.748082
0.748101
0.748118
0.748136
0.748150
0.748164
0.748176
0.748186
0.748194
0.748203
0.748209
0.748220
0.748231
0.748240
0.748257
0.748266
0.748272
0.748278
0.748286
0.748296
0.748306
0.748311
0.748325
0.748335
0.748358
0.748371
0.748381
0.748392
0.748400
0.748408
0.748415
0.748421
0.748427
0.748434
0.748439
0.748446
0.748464
0.748479
0.748492
0.748530
0.748551
0.748571
0.748589
0.748605
