0.029023
0.000000
0.010569
0.027446
0.039060
0.050107
0.058331
0.067227
0.076037
0.085834
0.096678
0.110799
0.126537
0.144739
0.163202
0.181787
0.200852
0.219728
0.238863
0.258222
0.279064
0.301350
0.326251
0.353570
0.383523
0.415478
0.449958
0.486247
0.523947
0.562141
0.599643
0.636539
0.672246
0.706099
0.736602
0.763016
0.783113
0.795617
0.799003
0.793285
0.711901
0.662380
0.666635
0.677509
0.682229
0.687730
0.694545
0.700211
0.706382
0.711122
0.715705
0.716661
0.717049
0.717922
0.717209
0.715835
0.713246
0.711828
0.710351
0.709883
0.707522
0.706278
0.705049
0.699557
0.694267
0.694339
0.692480
0.689579
0.685246
0.681168
0.676255
0.666672
0.656090
0.648275
0.642161
0.632805
0.633824
0.635459
0.633644
0.630124
0.625855
0.620734
0.615333
0.611956
0.609000
0.606554
0.601393
0.596892
0.591738
0.588888
0.586230
0.584867
0.582063
0.579553
0.575423
0.572576
0.572709
0.575669
0.579664
0.579611
0.585686
0.591296
0.596856
0.601006
0.603384
0.604632
0.605983
0.606548
0.607153
0.607295
0.606898
0.606221
0.604692
0.603886
0.603091
0.601289
0.601535
0.602107
0.603678
0.603847
0.603999
0.602263
0.601330
0.598858
0.597381
0.595294
0.593729
0.590818
0.588106
0.584207
0.580387
0.576273
0.572349
0.566424
0.560211
0.554163
0.549278
0.545713
0.547290
0.546624
