0.049730
0.059815
0.068765
0.080978
0.093509
0.105736
0.118893
0.132569
0.147488
0.163053
0.179645
0.197002
0.215266
0.234490
0.254302
0.275871
0.298735
0.323907
0.350508
0.378861
0.408889
0.440686
0.474346
0.509733
0.546763
0.585438
0.625432
0.665896
0.706830
0.747035
0.786395
0.823435
0.857472
0.886744
0.910206
0.911493
0.912753
0.907500
0.896286
0.816500
0.804771
0.796861
0.800526
0.769102
0.769978
0.777816
0.785484
0.791057
0.794729
0.797493
0.794871
0.794216
0.790309
0.776641
0.749159
0.733948
0.722046
0.709710
0.757466
0.768563
0.767122
0.763348
0.760204
0.755919
0.751558
0.736466
0.709507
0.702826
0.698366
0.695608
0.694446
0.692597
0.693048
0.694300
0.696642
0.698048
0.700925
0.700891
0.702820
0.704433
0.705779
0.707023
0.707643
0.707905
0.707796
0.707908
0.707351
0.707386
0.706196
0.705215
0.702459
0.703429
0.705222
0.699391
0.696284
0.692174
0.689463
0.689360
0.687476
0.680782
0.674757
0.662289
0.646385
0.636994
0.628751
0.625561
0.625413
0.617789
0.611155
0.604956
0.599592
0.597660
0.596329
0.594877
0.593357
0.593012
0.593400
0.594627
0.594178
0.592924
0.591335
0.589878
0.588352
0.581432
0.575925
0.571377
0.565721
0.560991
0.557261
0.552020
0.547409
0.544428
0.540539
0.539342
0.538665
0.536997
0.533995
0.532262
0.531772
0.531350
