0.197567 -0.026616 0.003843 -0.282815 0.050537 0.005015 0.483028 0.228163 0.004950 0.209320 0.066395 0.004677 0.130539 0.285878 0.004647 0.109832 0.235247 0.004820 
0.199240 -0.026417 0.003955 -0.281189 0.042077 0.005907 0.485378 0.218098 0.004962 0.207199 0.065045 0.004727 0.131376 0.285866 0.005473 0.107845 0.233968 0.005546 
0.201414 -0.025427 0.004076 -0.279082 0.029160 0.005872 0.488860 0.206098 0.004417 0.204755 0.063621 0.004520 0.131214 0.285517 0.005672 0.106109 0.232664 0.005504 
0.203623 -0.024553 0.004184 -0.277068 0.018066 0.006121 0.491662 0.197268 0.004418 0.203170 0.062746 0.004613 0.134882 0.286268 0.005416 0.104276 0.231448 0.005627 
0.204917 -0.024075 0.003830 -0.275095 0.008146 0.006452 0.494620 0.185881 0.004343 0.201656 0.061925 0.004537 0.136518 0.286673 0.005532 0.102254 0.230287 0.005823 
0.206365 -0.023704 0.003436 -0.273320 -0.000587 0.006903 0.497240 0.175953 0.004158 0.200365 0.061229 0.004447 0.138540 0.287167 0.005847 0.100482 0.229287 0.006233 
0.207670 -0.023384 0.002891 -0.271566 -0.009283 0.007257 0.499905 0.165897 0.003937 0.199261 0.060632 0.004319 0.140414 0.287557 0.006236 0.098923 0.228374 0.006663 
0.210326 -0.022903 0.003038 -0.269786 -0.017531 0.007626 0.502213 0.157458 0.003531 0.198015 0.059900 0.004371 0.142595 0.288002 0.006900 0.097761 0.227665 0.007329 
0.211758 -0.022500 0.002342 -0.268306 -0.024951 0.008058 0.504532 0.148800 0.002901 0.197024 0.059453 0.004132 0.144286 0.288329 0.007585 0.096396 0.226905 0.008008 
0.214848 -0.022148 0.002566 -0.266773 -0.031538 0.008514 0.506356 0.142052 0.002140 0.195946 0.058745 0.004209 0.146877 0.288807 0.008627 0.095584 0.226356 0.009035 
0.217913 -0.022160 0.002728 -0.265298 -0.037421 0.008929 0.508102 0.135470 0.001232 0.194850 0.058078 0.004271 0.149474 0.289332 0.009741 0.094772 0.225935 0.010128 
0.221197 -0.022109 0.002893 -0.264110 -0.042050 0.009510 0.509430 0.130396 0.000028 0.193800 0.057410 0.004333 0.152251 0.289863 0.011207 0.094075 0.225525 0.011561 
0.223271 -0.022054 0.002549 -0.262795 -0.047908 0.010231 0.510771 0.125352 -0.001336 0.192766 0.056768 0.004373 0.155106 0.290438 0.012733 0.093100 0.224909 0.013115 
0.225358 -0.022084 0.002120 -0.261762 -0.052150 0.011241 0.511671 0.121529 -0.002998 0.191830 0.056151 0.004431 0.158472 0.291353 0.014616 0.092064 0.224328 0.015056 
0.226786 -0.022190 0.001348 -0.260633 -0.056913 0.012360 0.512367 0.117822 -0.004906 0.190969 0.055576 0.004478 0.161986 0.292621 0.016813 0.090994 0.223839 0.017261 
0.227978 -0.022784 0.000278 -0.259548 -0.060962 0.013645 0.512612 0.115314 -0.007188 0.190246 0.055157 0.004507 0.164755 0.294364 0.020043 0.090528 0.224072 0.020151 
0.228979 -0.023589 -0.001025 -0.258429 -0.065060 0.014981 0.513023 0.111807 -0.009555 0.189692 0.054757 0.004546 0.166530 0.295487 0.023735 0.090502 0.224344 0.023326 
0.229586 -0.024525 -0.002649 -0.257522 -0.068055 0.016699 0.513493 0.108702 -0.012120 0.189215 0.054489 0.004597 0.166954 0.296145 0.028221 0.090701 0.224662 0.027100 
0.229822 -0.025360 -0.004517 -0.256690 -0.070804 0.018644 0.513655 0.106610 -0.014928 0.188749 0.054122 0.004628 0.167825 0.296367 0.032870 0.090893 0.224579 0.031137 
0.229402 -0.026398 -0.006791 -0.256015 -0.072478 0.021094 0.513653 0.105153 -0.017982 0.188319 0.053800 0.004656 0.167931 0.296283 0.038289 0.091200 0.224426 0.035797 
0.228381 -0.027562 -0.009418 -0.255334 -0.073921 0.023871 0.513403 0.104296 -0.021262 0.187919 0.053455 0.004682 0.168047 0.296012 0.044251 0.091627 0.224128 0.040928 
0.226953 -0.028728 -0.012333 -0.254685 -0.074905 0.027028 0.512945 0.104206 -0.024757 0.187515 0.053123 0.004703 0.167780 0.295431 0.050931 0.092250 0.223693 0.046616 
0.225339 -0.029964 -0.015489 -0.253993 -0.075699 0.030446 0.512345 0.104770 -0.028479 0.187024 0.052795 0.004715 0.167562 0.294708 0.058125 0.092980 0.223140 0.052721 
0.223495 -0.030931 -0.018828 -0.253262 -0.076500 0.034153 0.511658 0.105283 -0.032336 0.186656 0.052426 0.004737 0.167391 0.293312 0.065757 0.093936 0.222122 0.059208 
0.221317 -0.031930 -0.022430 -0.252443 -0.077170 0.038202 0.510856 0.106167 -0.036383 0.186235 0.052015 0.004757 0.167290 0.291448 0.073874 0.095045 0.220769 0.066109 
0.218804 -0.032686 -0.026240 -0.251529 -0.077867 0.042621 0.509841 0.107817 -0.040550 0.185783 0.051580 0.004774 0.167145 0.289008 0.082668 0.096408 0.218999 0.073536 
0.215777 -0.033383 -0.030319 -0.250522 -0.078052 0.047693 0.508753 0.110189 -0.044815 0.185186 0.051088 0.004788 0.166889 0.285746 0.091955 0.097817 0.216612 0.081418 
0.212328 -0.033806 -0.034587 -0.249322 -0.078432 0.053207 0.507411 0.113142 -0.049112 0.184616 0.050559 0.004803 0.166758 0.281734 0.101958 0.099625 0.213679 0.089829 
0.207990 -0.034224 -0.039162 -0.247858 -0.078652 0.059466 0.505917 0.116599 -0.053469 0.183934 0.049965 0.004817 0.166534 0.276772 0.112655 0.101670 0.210064 0.098773 
0.203772 -0.034380 -0.043766 -0.246122 -0.079178 0.066108 0.504062 0.120749 -0.057757 0.183129 0.049308 0.004891 0.166650 0.271041 0.124190 0.104375 0.205990 0.108258 
0.198661 -0.034623 -0.048705 -0.243958 -0.079355 0.073727 0.501855 0.125965 -0.061842 0.182068 0.048597 0.004983 0.166760 0.264254 0.136693 0.107564 0.201264 0.118387 
0.192881 -0.034615 -0.053768 -0.241287 -0.080544 0.081628 0.499323 0.131359 -0.065873 0.180977 0.047795 0.005093 0.167303 0.256333 0.150064 0.111482 0.195753 0.128981 
0.185795 -0.034676 -0.059090 -0.237922 -0.081598 0.090706 0.496484 0.138114 -0.069290 0.179664 0.046897 0.005227 0.168128 0.246835 0.164358 0.116154 0.189265 0.140138 
0.177373 -0.034160 -0.064300 -0.233847 -0.083603 0.100275 0.493386 0.144931 -0.072327 0.178614 0.046048 0.005335 0.169643 0.235443 0.179300 0.121862 0.181537 0.151560 
-0.228425 -0.084969 0.111803 0.489554 0.153707 -0.073863 0.170524 0.221087 0.195438 0.128627 0.172419 0.163464 0.167983 -0.033808 -0.069447 0.176820 0.044828 0.005525 
-0.221154 -0.086988 0.124164 0.485083 0.163411 -0.072920 0.170850 0.202775 0.213167 0.137533 0.161718 0.175525 0.157840 -0.034025 -0.074089 0.174616 0.042642 0.005730 
-0.210629 -0.087480 0.138687 0.481272 0.174038 -0.067391 0.170490 0.178184 0.234201 0.151852 0.149999 0.187961 0.147193 -0.035820 -0.078469 0.172899 0.039364 0.005992 
-0.197487 -0.091570 0.150889 0.482704 0.175778 -0.065453 0.174597 0.150586 0.247287 0.166217 0.133957 0.196384 0.139628 -0.035365 -0.079465 0.175739 0.035379 0.006137 
-0.183897 -0.101142 0.164481 0.490868 0.172938 -0.065512 0.182097 0.121460 0.252642 0.176996 0.111734 0.201672 0.122787 -0.035767 -0.074381 0.183115 0.031220 0.006265 
-0.162231 -0.117984 0.182059 0.509488 0.162955 -0.063795 0.183819 0.083498 0.247777 0.178552 0.076420 0.202340 0.097222 -0.045498 -0.055764 0.194405 0.020131 0.006839 
0.192165 -0.008528 0.051511 0.543941 0.134347 -0.073234 -0.140683 -0.141231 0.191107 0.185723 0.045711 0.224445 0.176456 0.035466 0.193598 
0.572654 0.109082 -0.071276 -0.128229 -0.150730 0.181802 0.221680 -0.017345 0.068072 0.201169 -0.027818 0.093927 0.201939 0.027253 0.221782 0.126775 -0.011874 0.095743 0.214604 0.030165 0.156614 
0.241561 -0.019638 0.091593 0.581254 0.097432 -0.047582 0.200764 -0.045086 0.126086 -0.116938 -0.147846 0.175177 0.224251 0.023298 0.143862 0.131387 -0.016404 0.097765 
0.252263 -0.023892 0.122012 0.593692 0.092715 -0.004932 0.198252 -0.058779 0.161500 -0.112986 -0.147120 0.172945 0.237989 0.022817 0.160964 0.120524 -0.023502 0.105518 
0.252202 0.025297 0.182240 0.258661 -0.028335 0.154483 -0.116743 -0.150453 0.156180 0.107219 -0.027168 0.112408 0.605994 0.085486 0.038459 0.196480 -0.068185 0.197445 
0.614618 0.077585 0.087864 0.263640 0.025605 0.209076 0.261845 -0.033858 0.190219 0.192529 -0.077794 0.236323 -0.120047 -0.153480 0.138923 0.095661 -0.030102 0.119270 
-0.123160 -0.162269 0.118865 0.071247 -0.040139 0.130341 0.251476 -0.044387 0.222489 0.175961 -0.093967 0.266373 0.616539 0.074228 0.149792 0.260550 0.021260 0.239269 
-0.122774 -0.170560 0.096531 0.045000 -0.053553 0.139292 0.236411 -0.057464 0.249152 0.150716 -0.116939 0.282114 0.612799 0.067998 0.213298 0.245882 0.013403 0.268293 
-0.118917 -0.176957 0.073356 0.015424 -0.070294 0.143334 0.215577 -0.072011 0.272110 0.120038 -0.142882 0.287076 0.598521 0.059910 0.281276 0.223163 0.003764 0.294889 
-0.010803 -0.087075 0.138719 -0.111260 -0.181967 0.044254 0.575343 0.047025 0.348908 0.194905 -0.008048 0.317405 0.088680 -0.169700 0.283022 0.191168 -0.088078 0.290792 
-0.045976 -0.108340 0.143285 0.052413 -0.199695 0.275699 0.536330 0.031793 0.417887 0.156485 -0.022115 0.342494 -0.111633 -0.183622 0.042600 0.158900 -0.105481 0.314654 
-0.079020 -0.126578 0.148012 0.180130 -0.028782 0.376345 0.013505 -0.233003 0.268196 -0.113411 -0.185656 0.036414 0.122633 -0.124919 0.339774 
-0.115333 -0.147871 0.145978 0.134070 -0.047806 0.411504 -0.021902 -0.259745 0.262216 -0.114857 -0.186972 0.029063 0.079818 -0.147028 0.359915 
-0.149023 -0.169370 0.136949 -0.049126 -0.283376 0.253248 0.117128 -0.074447 0.376766 0.043380 -0.058782 0.093945 -0.072351 -0.188912 0.427191 0.292017 -0.123184 0.428487 
-0.179571 -0.194550 0.120095 -0.120451 -0.220132 0.422121 0.032765 -0.058848 0.113533 -0.074411 -0.303100 0.247589 0.248603 -0.154281 0.484984 
0.024262 -0.129714 0.434758 0.199850 -0.191815 0.534771 -0.094735 -0.325969 0.233911 0.027776 -0.064173 0.130842 -0.198306 -0.219092 0.097120 
-0.071643 -0.255783 0.514474 0.141282 -0.234913 0.580082 0.032273 -0.068022 0.144268 -0.208483 -0.245511 0.062312 
-0.126798 -0.293655 0.510517 0.033939 -0.072511 0.168702 -0.173348 -0.198954 0.451785 0.076290 -0.285632 0.620470 
-0.224300 -0.232160 0.438516 0.031122 -0.078799 0.193249 -0.241066 -0.408188 0.140097 0.001290 -0.343174 0.651321 -0.074410 -0.274457 -0.084952 -0.153297 -0.316008 0.351604 
-0.270649 -0.264998 0.417898 0.022935 -0.089752 0.225968 -0.191318 -0.437495 0.853784 -0.104232 -0.390831 0.165854 -0.042702 -0.289533 -0.100514 -0.180596 -0.343030 0.331923 
-0.002111 -0.313112 -0.117831 -0.203590 -0.368988 0.307687 -0.315972 -0.297858 0.389944 0.005036 -0.104217 0.260775 -0.304439 -0.517347 0.822067 -0.098786 -0.405888 0.153123 
0.031962 -0.324972 -0.115709 -0.231142 -0.396828 0.285571 -0.360928 -0.333440 0.360981 -0.024326 -0.123331 0.298442 -0.410860 -0.592417 0.764700 -0.100892 -0.425197 0.137580 
0.055481 -0.352525 -0.123657 -0.257119 -0.426741 0.254104 -0.402633 -0.370264 0.321381 -0.061307 -0.147096 0.315240 -0.500098 -0.653807 0.688980 -0.102756 -0.450668 0.111864 
-0.440052 -0.407378 0.271089 -0.280174 -0.459281 0.218430 0.076996 -0.390639 -0.140792 -0.109477 -0.176465 0.308938 -0.567549 -0.716534 0.615779 -0.101683 -0.476213 0.093081 
-0.471139 -0.444886 0.210893 -0.298582 -0.493533 0.174302 0.098368 -0.443885 -0.169425 -0.155054 -0.207281 0.278938 -0.620377 -0.775168 0.541957 -0.101970 -0.505700 0.070392 
-0.500215 -0.487003 0.143192 0.115689 -0.509362 -0.205611 -0.201530 -0.237731 0.227788 -0.316800 -0.530502 0.122467 -0.667137 -0.828286 0.462988 -0.107087 -0.538936 0.040558 
-0.518427 -0.520693 0.116032 0.134469 -0.557533 -0.203634 -0.219110 -0.257055 0.227539 -0.323033 -0.553629 0.104165 -0.700617 -0.878500 0.411475 -0.128468 -0.559846 0.030756 
-0.528155 -0.533182 0.116808 0.149646 -0.609667 -0.195742 -0.244777 -0.280168 0.221189 -0.327355 -0.570910 0.114240 -0.709240 -0.917061 0.428538 -0.126529 -0.574704 0.061337 
-0.540859 -0.550205 0.116195 0.150494 -0.663312 -0.192897 -0.265647 -0.300447 0.215993 -0.334412 -0.588758 0.116679 -0.714702 -0.945427 0.438201 -0.130877 -0.592631 0.069234 
-0.557694 -0.572079 0.114334 0.145063 -0.694629 -0.187386 -0.290258 -0.319711 0.215572 -0.347601 -0.607827 0.117393 -0.724079 -0.976565 0.436100 -0.142137 -0.609107 0.072124 
-0.571941 -0.592039 0.113761 0.132014 -0.701755 -0.183064 -0.310106 -0.337099 0.222036 -0.362021 -0.626214 0.117483 -0.732693 -1.005017 0.427273 -0.148992 -0.624333 0.072882 
-0.583815 -0.606319 0.118062 -0.374511 -0.640562 0.122105 0.120677 -0.705295 -0.177334 -0.330612 -0.353606 0.229151 -0.735188 -1.026427 0.428270 -0.151316 -0.635196 0.078962 
-0.596058 -0.620189 0.124522 -0.387038 -0.652816 0.127261 0.107411 -0.704311 -0.172787 -0.348356 -0.366453 0.239217 -0.736761 -1.042714 0.429858 -0.155414 -0.644331 0.079858 
-0.610067 -0.635532 0.130352 -0.401478 -0.664477 0.130946 0.092214 -0.698209 -0.170812 -0.368227 -0.377463 0.246521 -0.737251 -1.056485 0.433840 -0.164473 -0.651863 0.075207 
-0.624478 -0.650218 0.131299 -0.415974 -0.675286 0.131531 0.079955 -0.692939 -0.171089 -0.390337 -0.388084 0.245851 -0.735676 -1.067473 0.441139 -0.174935 -0.657902 0.068614 
-0.639211 -0.664214 0.124729 -0.430882 -0.685944 0.126008 0.068725 -0.693212 -0.177438 -0.415684 -0.399425 0.231707 -0.734221 -1.075116 0.449032 -0.186400 -0.663502 0.059533 
-0.654722 -0.678392 0.111226 -0.446711 -0.696822 0.116180 0.061562 -0.696012 -0.187238 -0.446832 -0.413838 0.204046 -0.731651 -1.080616 0.459840 -0.200658 -0.668253 0.049457 
-0.666040 -0.688957 0.113425 -0.457744 -0.703480 0.118764 0.055044 -0.689406 -0.185255 -0.464220 -0.421051 0.203661 -0.728319 -1.086023 0.471315 -0.212974 -0.671974 0.043375 
-0.675411 -0.697796 0.117023 -0.466697 -0.708972 0.124025 0.053276 -0.683218 -0.181063 -0.480133 -0.428529 0.202168 -0.722083 -1.091460 0.488503 -0.226123 -0.674633 0.042394 
-0.680872 -0.703381 0.121828 -0.471973 -0.713275 0.131364 0.055024 -0.680875 -0.176233 -0.492823 -0.437001 0.198894 -0.713859 -1.097487 0.507876 -0.234947 -0.675664 0.049533 
-0.685576 -0.708132 0.128659 -0.476361 -0.717278 0.142559 0.060837 -0.677558 -0.167795 -0.506182 -0.447081 0.194272 -0.700379 -1.103511 0.535658 -0.244224 -0.676158 0.061516 
-0.687692 -0.711066 0.136106 -0.477988 -0.720180 0.154336 0.067960 -0.676212 -0.159564 -0.515206 -0.455485 0.189646 -0.684775 -1.108503 0.563808 -0.250219 -0.676348 0.075224 
-0.690036 -0.714605 0.144613 -0.479506 -0.722778 0.167752 0.076339 -0.672205 -0.149333 -0.523965 -0.462864 0.184663 -0.665854 -1.112901 0.594647 -0.257570 -0.676579 0.089207 
-0.690365 -0.716586 0.152332 -0.478433 -0.722674 0.179257 0.085705 -0.669240 -0.139507 -0.528339 -0.466845 0.180762 -0.651599 -1.112198 0.618279 -0.262567 -0.676082 0.100630 
-0.691406 -0.719119 0.160837 -0.477678 -0.721453 0.191304 0.095305 -0.663273 -0.127647 -0.532512 -0.469004 0.177685 -0.638892 -1.106803 0.640356 -0.268621 -0.675274 0.110238 
-0.691576 -0.720607 0.167783 -0.476087 -0.719013 0.201055 0.104202 -0.658422 -0.117017 -0.535290 -0.470162 0.174278 -0.630761 -1.097128 0.656465 -0.271741 -0.673835 0.117370 
-0.692334 -0.722918 0.174222 -0.474994 -0.716256 0.210880 0.113900 -0.652247 -0.104450 -0.539640 -0.471910 0.167971 -0.624192 -1.083477 0.671374 -0.274553 -0.671989 0.124049 
-0.692444 -0.724343 0.181110 -0.473442 -0.713096 0.220018 0.121957 -0.647875 -0.092804 -0.543248 -0.473649 0.163374 -0.620978 -1.068177 0.682032 -0.274433 -0.669826 0.129673 
-0.692242 -0.726672 0.188977 -0.471424 -0.710226 0.230540 0.131808 -0.643842 -0.077695 -0.547248 -0.476106 0.157260 -0.618246 -1.051676 0.692519 -0.272840 -0.667968 0.136273 
-0.690657 -0.729291 0.196344 -0.468170 -0.707641 0.239685 0.141989 -0.642916 -0.063363 -0.550094 -0.479373 0.150003 -0.617682 -1.036631 0.699933 -0.270149 -0.666719 0.142570 
-0.687482 -0.732623 0.204057 -0.463407 -0.705393 0.249417 0.155519 -0.644176 -0.044863 -0.552056 -0.483346 0.139702 -0.618112 -1.023592 0.706495 -0.266667 -0.666213 0.150363 
-0.683109 -0.735908 0.207342 -0.457801 -0.702974 0.253751 0.168566 -0.648733 -0.029772 -0.551832 -0.487753 0.129031 -0.625197 -1.016786 0.705540 -0.265379 -0.666100 0.156315 
-0.677438 -0.739986 0.201432 0.184665 -0.656095 -0.012192 -0.551583 -0.496754 0.112098 -0.354933 -0.560194 0.048003 -0.475561 -0.736544 0.188000 -0.646072 -1.020811 0.690849 -0.267043 -0.665590 0.162111 
-0.670873 -0.744798 0.192772 0.202016 -0.663492 0.010010 -0.548067 -0.504060 0.093955 -0.349092 -0.568976 0.038008 -0.466080 -0.734741 0.179249 -0.666767 -1.034673 0.674360 -0.272852 -0.665899 0.171051 
0.216720 -0.668793 0.036635 -0.665629 -0.752969 0.179972 -0.545703 -0.514148 0.073184 -0.344037 -0.579289 0.026637 -0.457657 -0.734344 0.168053 -0.694818 -1.055823 0.646223 -0.283135 -0.666740 0.181192 
0.227154 -0.670683 0.067410 -0.661282 -0.761939 0.165977 -0.542679 -0.523365 0.052863 -0.338216 -0.587281 0.016669 -0.450519 -0.735147 0.158532 -0.718508 -1.078425 0.615940 -0.294132 -0.668874 0.190695 
0.235470 -0.668330 0.116193 -0.646372 -0.744849 0.217933 -0.327578 -0.597705 0.000252 -0.439440 -0.734937 0.144416 -0.748229 -1.109831 0.563613 -0.304499 -0.669481 0.207838 
0.237356 -0.661239 0.161776 -0.644518 -0.755350 0.193526 -0.313694 -0.598356 -0.004110 -0.428690 -0.731240 0.130399 -0.778766 -1.137786 0.484822 -0.312957 -0.672114 0.212780 
0.235679 -0.664436 0.229014 -0.638256 -0.764612 0.164705 -0.292350 -0.598683 -0.004564 -0.411018 -0.724366 0.118996 -0.805940 -1.169468 0.376067 -0.321953 -0.677111 0.225198 
0.232204 -0.685148 0.301409 -0.623306 -0.770193 0.132759 -0.258634 -0.592042 -0.000330 -0.386873 -0.717441 0.111423 -0.336826 -0.688610 0.235115 
0.229212 -0.697056 0.328100 -0.617138 -0.788633 0.155270 -0.240598 -0.589318 0.002273 -0.360387 -0.701991 0.056481 -0.350326 -0.698331 0.065432 
-0.612388 -0.795854 0.137808 -0.231012 -0.590551 0.009016 0.224915 -0.717730 0.348720 -0.353786 -0.709006 0.051824 -0.350232 -0.708576 0.048838 
-0.604350 -0.793399 0.137757 -0.343685 -0.715017 0.059097 -0.215664 -0.597702 0.011012 0.216454 -0.743534 0.374810 
-0.596764 -0.795402 0.136661 -0.335993 -0.725279 0.062694 -0.203194 -0.608825 0.007830 0.211958 -0.764577 0.389250 
-0.590860 -0.798954 0.136056 -0.330543 -0.734992 0.065140 -0.800801 -1.269161 0.020842 -0.194831 -0.619052 0.005654 0.208592 -0.781329 0.398452 
-0.587883 -0.799307 0.136892 -0.328307 -0.740759 0.066533 -0.795767 -1.277851 0.005136 -0.193148 -0.626072 0.005416 0.208649 -0.791650 0.399802 
-0.586427 -0.798561 0.139178 -0.329794 -0.746875 0.067442 -0.787292 -1.289957 -0.017832 -0.194694 -0.629023 0.006972 0.212448 -0.798663 0.396090 
-0.584857 -0.805158 0.139109 -0.334045 -0.759032 0.065942 -0.774537 -1.316872 -0.039550 -0.193371 -0.627356 0.008078 0.216952 -0.803454 0.393187 
-0.580212 -0.811263 0.140260 -0.334157 -0.769154 0.067247 -0.765957 -1.339903 -0.048594 0.262460 -0.834214 0.264155 -0.377998 -0.532341 -0.042993 
-0.574880 -0.811029 0.141974 -0.331591 -0.773692 0.069215 -0.759194 -1.352485 -0.057123 0.265846 -0.843879 0.267309 -0.369082 -0.523987 -0.037465 
-0.570838 -0.810516 0.146257 -0.329765 -0.776512 0.073496 -0.747759 -1.360989 -0.072696 0.268684 -0.850719 0.270548 -0.363387 -0.517176 -0.028823 
-0.567824 -0.809279 0.155083 -0.329143 -0.777505 0.081527 -0.738174 -1.365569 -0.083712 0.272854 -0.855885 0.273918 -0.360470 -0.508213 -0.011612 
-0.564210 -0.808007 0.167511 -0.328257 -0.778083 0.092839 -0.730710 -1.368540 -0.091060 0.277887 -0.863194 0.278675 -0.356795 -0.496982 0.012651 
-0.559170 -0.806535 0.179027 -0.325797 -0.779342 0.103488 -0.722146 -1.372386 -0.099284 0.283012 -0.872351 0.283509 -0.350465 -0.486863 0.035260 
0.286811 -0.881523 0.288985 -0.718188 -1.373526 -0.101697 -0.322199 -0.780067 0.112037 -0.342512 -0.478942 0.052346 -0.553930 -0.805169 0.187816 
0.289404 -0.889315 0.292873 -0.715658 -1.374086 -0.102149 -0.319607 -0.780995 0.118039 -0.336968 -0.473393 0.065880 -0.550223 -0.805213 0.194004 
0.291063 -0.893319 0.293258 -0.711494 -1.377234 -0.103790 -0.318775 -0.782615 0.120045 -0.334996 -0.470629 0.072548 -0.548452 -0.806462 0.196464 
0.293183 -0.892268 0.290515 -0.708823 -1.384855 -0.099838 -0.320915 -0.786408 0.119496 -0.337010 -0.468356 0.077572 -0.549016 -0.811251 0.197240 
0.294428 -0.891593 0.287581 -0.707087 -1.392891 -0.095156 -0.321989 -0.790066 0.116607 -0.336981 -0.466554 0.076442 -0.548850 -0.815057 0.195264 
0.295226 -0.891474 0.284573 -0.323198 -0.794772 0.112857 -0.705284 -1.402977 -0.089312 -0.336675 -0.464721 0.073997 -0.548734 -0.819686 0.192325 
0.295276 -0.891367 0.281439 -0.323822 -0.798899 0.108025 -0.703805 -1.412219 -0.083978 -0.335870 -0.463710 0.067932 -0.548405 -0.823450 0.187983 
0.294459 -0.890551 0.279132 -0.325218 -0.803635 0.102724 -0.703061 -1.421618 -0.076753 -0.336235 -0.463339 0.060948 -0.549056 -0.828495 0.182829 
0.292437 -0.889796 0.277853 -0.325585 -0.806934 0.096246 -0.703838 -1.427754 -0.069666 -0.335653 -0.464575 0.049281 -0.549531 -0.831998 0.175747 
0.287327 -0.888835 0.281869 -0.325010 -0.811489 0.088976 -0.702888 -1.435352 -0.065203 -0.332417 -0.468312 0.030526 -0.549898 -0.836669 0.165882 
0.280295 -0.888874 0.287678 -0.325379 -0.818637 0.083484 -0.699529 -1.447218 -0.062512 -0.329535 -0.474202 0.011421 -0.550839 -0.844266 0.157624 
0.269863 -0.887980 0.297012 -0.326462 -0.828540 0.079247 -0.697285 -1.462963 -0.050592 -0.325405 -0.483081 -0.013264 -0.559509 -0.869165 0.084407 -0.551945 -0.853675 0.137323 
0.262958 -0.890495 0.303043 -0.328317 -0.838456 0.081264 -0.324137 -0.488895 -0.022863 -0.553322 -0.861669 0.139478 -0.696220 -1.478348 -0.033202 -0.572818 -0.888182 0.090928 
0.259291 -0.899779 0.304963 -0.328158 -0.847970 0.086919 -0.320077 -0.495398 -0.030981 -0.551863 -0.867514 0.147554 -0.695529 -1.492356 -0.012581 -0.584659 -0.906776 0.101701 
0.256906 -0.910530 0.303687 -0.327051 -0.856186 0.091633 -0.315671 -0.504432 -0.042417 -0.549307 -0.872021 0.155870 -0.696423 -1.503172 0.009294 -0.593089 -0.921918 0.113458 
0.253799 -0.920863 0.303584 -0.326454 -0.863575 0.097361 -0.313297 -0.513120 -0.049964 -0.547401 -0.876129 0.164588 -0.698036 -1.512131 0.034392 -0.600815 -0.936056 0.125112 
0.253071 -0.934711 0.296674 -0.325218 -0.869612 0.101039 -0.312360 -0.524629 -0.061537 -0.543622 -0.876870 0.173093 -0.699865 -1.519130 0.057234 -0.607823 -0.947737 0.136108 
0.250559 -0.944073 0.295144 -0.324880 -0.874048 0.106573 -0.312303 -0.531609 -0.065687 -0.541577 -0.878248 0.181680 -0.702534 -1.523118 0.083830 -0.612031 -0.955928 0.146860 
-0.322995 -0.876534 0.110178 -0.536882 -0.875576 0.189869 0.207857 -0.923704 0.420200 -0.144450 -0.669048 -0.010948 -0.705458 -1.523735 0.106906 -0.615457 -0.960618 0.159102 
-0.322126 -0.878022 0.115691 -0.534379 -0.874349 0.198662 0.208649 -0.927745 0.419085 -0.146206 -0.677398 -0.014141 -0.708222 -1.521209 0.134309 -0.617343 -0.963894 0.171751 
-0.320876 -0.878170 0.120012 -0.531438 -0.871836 0.206202 0.211161 -0.930080 0.417035 -0.148394 -0.685958 -0.017911 -0.710391 -1.516714 0.157446 -0.617832 -0.964476 0.183247 
-0.319164 -0.878263 0.123793 -0.527301 -0.868397 0.213497 0.215485 -0.933225 0.412816 -0.152170 -0.696421 -0.021933 -0.711644 -1.511304 0.180916 -0.618191 -0.965194 0.194715 
-0.315974 -0.877827 0.126003 -0.520135 -0.862209 0.219544 0.223346 -0.937125 0.404774 -0.159316 -0.713487 -0.027699 -0.712902 -1.505054 0.201376 -0.618215 -0.964331 0.207273 
-0.313249 -0.877628 0.129712 -0.514083 -0.857530 0.226615 0.227481 -0.941745 0.400012 -0.164722 -0.725900 -0.029070 -0.713387 -1.497413 0.226045 -0.617555 -0.963820 0.221324 
-0.310845 -0.876877 0.133575 -0.509248 -0.853446 0.233256 0.229600 -0.945518 0.397717 -0.168027 -0.734302 -0.028620 -0.713766 -1.489301 0.248515 -0.616075 -0.961976 0.234043 
-0.309016 -0.876821 0.137120 -0.505143 -0.850462 0.239292 0.231199 -0.949031 0.395159 -0.171406 -0.741456 -0.027526 -0.712920 -1.481908 0.270557 -0.614719 -0.961342 0.245287 
