-0.036149 -0.077441 0.004060 -0.245457 -0.122905 0.004952 0.449960 0.359244 0.004846 0.483841 0.226798 0.004902 0.241234 0.311169 0.004797 -0.274511 0.012002 0.005164 
-0.036193 -0.077320 0.004266 -0.245283 -0.123783 0.004972 0.449129 0.360963 0.005005 0.484219 0.228833 0.005353 0.240851 0.310982 0.004883 -0.274980 0.010984 0.005056 
-0.036244 -0.077570 0.004331 -0.244945 -0.125749 0.004964 0.448386 0.364394 0.005265 0.485018 0.232683 0.005309 0.240707 0.311984 0.004930 -0.275748 0.008769 0.005245 
-0.036257 -0.077649 0.004399 -0.244861 -0.126248 0.004968 0.448434 0.365129 0.004995 0.485127 0.233434 0.004997 0.240779 0.312621 0.004996 -0.275936 0.008208 0.005217 
-0.036313 -0.077794 0.004462 -0.244832 -0.126757 0.004865 0.448328 0.365599 0.004994 0.484775 0.233836 0.004964 0.240575 0.313479 0.004988 -0.276141 0.007645 0.005135 
-0.036701 -0.078117 0.004727 -0.245355 -0.126507 0.004991 0.448771 0.365262 0.004883 0.484517 0.233308 0.005133 0.240744 0.314247 0.004708 -0.276294 0.007980 0.004995 
-0.037127 -0.078597 0.005297 -0.245943 -0.126277 0.005565 0.449161 0.364720 0.004914 0.483979 0.232518 0.005197 0.240781 0.315168 0.004835 -0.276426 0.008313 0.004991 
-0.038438 -0.079580 0.007043 -0.247751 -0.125031 0.007314 0.449900 0.363754 0.004946 0.483578 0.231257 0.005279 0.241101 0.315998 0.004857 -0.276796 0.009858 0.004994 
-0.039722 -0.080818 0.009261 -0.249514 -0.124000 0.009514 0.450649 0.361552 0.004977 0.482792 0.228674 0.005381 0.241312 0.316215 0.004866 -0.277088 0.011141 0.004985 
-0.041079 -0.082426 0.012276 -0.251414 -0.122884 0.012457 0.451351 0.358788 0.004968 0.481659 0.225480 0.005372 0.241408 0.316342 0.004879 -0.277210 0.012477 0.004983 
-0.041740 -0.084168 0.015133 -0.252500 -0.122350 0.015062 0.451879 0.356091 0.004962 0.480469 0.222405 0.005558 0.241407 0.316349 0.004882 -0.276792 0.013120 0.004978 
-0.041735 -0.085236 0.018299 -0.252754 -0.121946 0.017326 0.452206 0.354316 0.004957 0.479656 0.220395 0.006090 0.241404 0.316369 0.004885 -0.276016 0.013519 0.004995 
-0.040640 -0.085138 0.021004 -0.251726 -0.121429 0.019135 0.452415 0.353134 0.004954 0.479085 0.219069 0.007224 0.241396 0.316409 0.004887 -0.274624 0.013922 0.004995 
0.241387 0.316465 0.004888 0.452524 0.352501 0.004953 -0.250110 -0.120964 0.021010 -0.272806 0.014205 0.004939 -0.039019 -0.084780 0.023997 0.478750 0.218385 0.008809 
0.241393 0.316502 0.004889 0.452711 0.351461 0.004989 -0.248535 -0.120445 0.022934 -0.271333 0.014466 0.004954 -0.037529 -0.083865 0.026964 0.478239 0.217290 0.011013 
0.241367 0.316549 0.004889 0.452816 0.350698 0.005759 -0.248132 -0.119920 0.025327 -0.270745 0.014683 0.004963 -0.037177 -0.083252 0.030892 0.477781 0.216536 0.013955 
0.241295 0.316475 0.004881 0.452729 0.350646 0.007276 -0.247598 -0.119314 0.027693 -0.270143 0.014924 0.004975 -0.036764 -0.082269 0.035070 0.477598 0.216637 0.017904 
0.241241 0.316515 0.004883 0.452701 0.350382 0.008841 -0.247154 -0.118618 0.030344 -0.269527 0.015173 0.004981 -0.036461 -0.081220 0.039711 0.477223 0.216532 0.021988 
0.241178 0.316585 0.004877 0.452515 0.350957 0.010638 -0.245883 -0.117866 0.032956 -0.268230 0.015408 0.004982 -0.035421 -0.079770 0.044461 0.477129 0.217436 0.026637 
0.241127 0.316683 0.004880 0.452389 0.351227 0.012153 -0.244227 -0.116859 0.035756 -0.266453 0.015818 0.004983 -0.034020 -0.078082 0.049428 0.476847 0.218060 0.031080 
0.241082 0.316751 0.004875 0.452157 0.352092 0.013596 -0.241654 -0.115970 0.038595 -0.263918 0.016010 0.004985 -0.031800 -0.076135 0.054463 0.476764 0.219507 0.036083 
0.241036 0.316753 0.004878 0.451941 0.352729 0.014998 -0.238901 -0.114949 0.041634 -0.261058 0.016240 0.004993 -0.029419 -0.074115 0.059740 0.476556 0.220751 0.040802 
0.241013 0.316763 0.004881 0.451707 0.353506 0.016522 -0.236007 -0.113925 0.044805 -0.258002 0.016366 0.004998 -0.026972 -0.071964 0.065335 0.476296 0.222315 0.046085 
0.240978 0.316815 0.004884 0.451489 0.354041 0.018196 -0.233535 -0.112764 0.048296 -0.255145 0.016470 0.004990 -0.024983 -0.069746 0.071397 0.475784 0.223683 0.051456 
0.240907 0.316956 0.004887 0.451196 0.354681 0.020160 -0.231381 -0.111432 0.052034 -0.252555 0.016563 0.004992 -0.023418 -0.067134 0.077852 0.475032 0.225356 0.057533 
0.240820 0.317034 0.004871 0.450906 0.354906 0.022399 -0.229914 -0.109823 0.056262 -0.250229 0.016680 0.004994 -0.022583 -0.064430 0.085095 0.473903 0.226707 0.063946 
0.240721 0.317136 0.004864 0.450547 0.355087 0.025127 -0.229019 -0.107883 0.060787 -0.248280 0.016859 0.004997 -0.022444 -0.061230 0.092849 0.472383 0.228273 0.071292 
0.240691 0.316953 0.004827 0.450176 0.354948 0.028282 -0.229046 -0.105154 0.065602 -0.246915 0.017531 0.004996 -0.023315 -0.057247 0.101065 0.470524 0.229776 0.079350 
0.240588 0.317104 0.004823 0.449618 0.355149 0.031969 -0.230313 -0.101664 0.070673 -0.246622 0.018656 0.005092 -0.025522 -0.052330 0.109462 0.468122 0.231904 0.088166 
0.240488 0.317154 0.004788 0.448876 0.355472 0.036159 -0.233954 -0.096727 0.075990 -0.248343 0.020944 0.005347 -0.030036 -0.046255 0.117792 0.465214 0.234543 0.097796 
0.240335 0.317359 0.004804 0.447774 0.356410 0.041162 -0.239869 -0.091311 0.082293 -0.252068 0.023196 0.006244 -0.036848 -0.039616 0.126879 0.461647 0.238177 0.108380 
0.240165 0.317519 0.004809 0.446339 0.357605 0.046802 -0.247956 -0.084930 0.089149 -0.257533 0.025920 0.007512 -0.045850 -0.032125 0.136503 0.457278 0.242502 0.119749 
0.240042 0.317464 0.004777 0.444446 0.359242 0.053271 -0.257440 -0.078636 0.097324 -0.264230 0.027754 0.009694 -0.056435 -0.024117 0.147347 0.451906 0.247913 0.132265 
0.239950 0.317716 0.004754 0.442067 0.362103 0.060038 -0.268467 -0.071024 0.105738 -0.272025 0.030257 0.012071 -0.068665 -0.014695 0.158500 0.445820 0.255064 0.144999 
0.438901 0.365982 0.067298 -0.279887 -0.063324 0.115071 -0.081616 -0.004162 0.170446 0.438427 0.264035 0.158382 0.239743 0.317966 0.004784 -0.280102 0.031829 0.015122 
0.435112 0.371123 0.074294 -0.292082 -0.053883 0.123650 -0.095537 0.008441 0.181648 0.430205 0.275050 0.171432 0.239554 0.318171 0.004791 -0.288553 0.034441 0.017677 
0.430530 0.377062 0.081411 -0.304114 -0.044149 0.132387 -0.109748 0.022551 0.192807 0.420403 0.287670 0.184350 0.239255 0.318471 0.004869 -0.296611 0.036182 0.020430 
0.425288 0.384439 0.087800 -0.316717 -0.032474 0.139318 -0.124725 0.038854 0.201999 0.409726 0.302308 0.195976 0.238758 0.319358 0.005041 -0.304793 0.039239 0.022019 
0.419255 0.392662 0.094008 -0.328427 -0.020344 0.145776 -0.139521 0.057179 0.210446 0.397531 0.318108 0.206523 0.237948 0.321025 0.005274 -0.311902 0.041882 0.023715 
0.412325 0.403020 0.098950 -0.340222 -0.005981 0.150049 -0.154569 0.077893 0.216201 0.384433 0.336531 0.215101 0.236556 0.324020 0.005452 -0.318900 0.046648 0.024272 
0.198147 0.267470 0.125533 0.404564 0.414196 0.099433 0.373182 0.355871 0.219029 -0.351125 0.009876 0.152207 -0.324990 0.053860 0.024042 
0.189994 0.281698 0.154313 -0.354756 0.032401 0.166074 0.396417 0.425106 0.113801 0.370596 0.370280 0.236346 -0.145611 0.170046 0.108726 -0.330906 0.080623 0.038992 
0.187569 0.296160 0.186407 0.395678 0.440929 0.162947 0.359446 0.387093 0.283275 -0.141520 0.175950 0.156985 -0.348304 0.036932 0.219362 -0.321421 0.074669 0.089373 
0.188499 0.309674 0.215355 -0.143882 0.183997 0.212363 0.395621 0.457089 0.201673 0.353629 0.403941 0.320424 -0.350494 0.047812 0.281225 -0.320200 0.073951 0.149153 
0.191786 0.323613 0.243966 -0.147381 0.195560 0.255553 0.396618 0.474241 0.230828 0.353400 0.422858 0.349915 -0.352999 0.061300 0.330867 -0.180184 0.174882 0.386649 
0.194133 0.338584 0.265601 -0.148284 0.205923 0.284223 0.396334 0.492710 0.252265 0.353207 0.441808 0.371592 -0.350964 0.070284 0.364843 -0.179513 0.187988 0.416105 
0.196261 0.353188 0.276813 -0.143863 0.215044 0.302378 0.395314 0.511441 0.264486 0.353004 0.459198 0.383525 -0.341378 0.074214 0.386828 -0.173000 0.197604 0.434804 
0.195424 0.366061 0.278603 -0.139231 0.223202 0.310925 0.392238 0.527336 0.270096 0.350570 0.471815 0.387871 -0.332151 0.076999 0.396851 -0.166868 0.204972 0.443567 
0.197138 0.378484 0.272774 -0.133362 0.228923 0.311075 0.390908 0.543591 0.269496 0.350103 0.483811 0.385476 -0.321644 0.077033 0.397422 -0.159163 0.208667 0.443792 
0.198663 0.389729 0.260522 -0.127247 0.233169 0.303818 0.389947 0.557717 0.263400 0.350824 0.492237 0.376853 -0.312208 0.075456 0.386842 -0.289349 0.097911 0.252613 
0.392910 0.572233 0.262243 -0.118824 0.233869 0.297930 0.205215 0.400662 0.249931 0.354729 0.500296 0.372048 -0.303393 0.071339 0.372057 -0.278185 0.098449 0.239115 
0.356165 0.508219 0.378751 0.395134 0.584636 0.272301 -0.293434 0.066779 0.358501 -0.265593 0.098516 0.227117 0.252400 0.488745 0.144593 -0.108834 0.233285 0.293884 
0.356617 0.515588 0.388296 0.396528 0.596151 0.285307 -0.282979 0.060878 0.346775 -0.251604 0.096847 0.217292 0.259044 0.501454 0.151112 -0.097499 0.230129 0.292665 
0.353157 0.518102 0.399457 0.394900 0.602190 0.300076 -0.275293 0.055455 0.336165 -0.240922 0.096208 0.208879 0.262439 0.509935 0.159290 -0.088950 0.226829 0.292762 
0.349850 0.520618 0.406119 0.392582 0.609008 0.310981 0.264670 0.520394 0.163794 -0.270787 0.050858 0.324267 -0.083170 0.223466 0.292916 -0.232158 0.095809 0.199643 
0.345417 0.522102 0.413606 0.389259 0.614107 0.322486 0.265841 0.529045 0.169483 -0.271206 0.046591 0.309319 -0.228643 0.096191 0.187778 
0.341870 0.525972 0.421095 0.386151 0.621802 0.334230 0.268053 0.539808 0.175461 -0.273831 0.042629 0.293104 -0.226969 0.096498 0.175011 
0.381914 0.627217 0.347609 0.269601 0.548126 0.183268 -0.136634 0.149512 0.393145 0.336907 0.528126 0.430344 -0.277016 0.038782 0.275206 -0.226421 0.096996 0.160770 
0.378106 0.633139 0.358652 0.271469 0.557611 0.188941 -0.141468 0.139835 0.381440 0.333117 0.530385 0.436802 -0.278984 0.035360 0.254743 -0.224751 0.098181 0.144487 
0.373499 0.635861 0.368663 0.272054 0.564537 0.194021 -0.147049 0.128916 0.366013 0.328277 0.529887 0.442245 -0.281787 0.031712 0.230828 -0.224135 0.099249 0.125191 
0.370216 0.639741 0.375362 0.273112 0.573866 0.196172 -0.154290 0.114654 0.343756 0.325613 0.530102 0.443771 -0.287459 0.028448 0.199838 -0.226152 0.101214 0.099885 
0.367539 0.643017 0.378417 -0.158717 0.098942 0.314737 0.324066 0.529750 0.441430 0.274248 0.583092 0.195159 -0.292060 0.025194 0.164209 -0.228602 0.103524 0.069966 
0.367861 0.645986 0.372702 -0.164231 0.082410 0.278796 0.326855 0.528584 0.429492 0.276178 0.593834 0.186283 -0.296137 0.023089 0.120810 -0.229574 0.107198 0.033983 
0.368285 0.643282 0.362980 -0.172346 0.068728 0.253901 0.329327 0.522010 0.412631 0.277350 0.600830 0.173753 -0.300476 0.020843 0.089076 -0.229805 0.108283 0.009051 
0.368542 0.633936 0.348766 -0.180395 0.062132 0.255313 0.330825 0.510146 0.392851 0.274111 0.600949 0.159366 -0.303867 0.017777 0.086006 -0.229692 0.105283 0.009294 
0.368390 0.620771 0.335931 0.268987 0.594112 0.148085 -0.183881 0.056012 0.255163 0.330350 0.496208 0.377489 -0.306093 0.015812 0.083914 -0.230173 0.103721 0.009401 
0.372202 0.614626 0.325918 0.268424 0.592686 0.139836 -0.186908 0.047317 0.253892 0.334994 0.489096 0.365255 -0.308935 0.014445 0.080957 -0.231191 0.103299 0.009510 
0.379216 0.616644 0.317829 0.271872 0.595876 0.133644 -0.187169 0.038562 0.251743 0.343859 0.490373 0.356498 -0.311689 0.013367 0.079296 -0.232619 0.102366 0.009501 
0.392221 0.624463 0.305471 -0.188879 0.028002 0.248405 0.359882 0.497394 0.344170 0.279819 0.603456 0.124357 -0.317285 0.012486 0.077674 -0.236915 0.101531 0.009441 
0.409091 0.637453 0.286924 -0.189271 0.017569 0.243986 0.380643 0.509945 0.327200 0.289733 0.613924 0.110635 -0.323297 0.012478 0.076987 -0.241905 0.100993 0.009278 
0.428802 0.655964 0.262321 -0.189935 0.007719 0.238864 0.405360 0.527900 0.304035 0.300775 0.629629 0.092635 -0.328732 0.014506 0.075870 -0.245672 0.102190 0.009111 
0.447290 0.680068 0.238642 -0.187524 0.000284 0.231969 0.429318 0.551664 0.281994 0.311587 0.649555 0.075758 -0.331780 0.020676 0.074958 -0.247187 0.107364 0.008827 
0.464055 0.705664 0.216872 -0.184537 -0.006088 0.222660 0.451673 0.577183 0.261920 0.321658 0.670168 0.060856 -0.334048 0.029501 0.073470 -0.248322 0.115981 0.008537 
0.478493 0.724032 0.197274 -0.177379 -0.010111 0.214123 0.470187 0.595956 0.244361 0.330738 0.684034 0.047452 -0.331804 0.037317 0.073477 -0.245877 0.123652 0.008616 
-0.166222 -0.012707 0.208797 0.491133 0.736725 0.173131 0.486258 0.608747 0.220961 0.337438 0.694600 0.030019 -0.325167 0.043692 0.076762 -0.239693 0.129840 0.011060 
-0.152791 -0.014483 0.206388 0.501887 0.746237 0.142998 0.500640 0.618121 0.190690 0.341172 0.703098 0.008137 -0.315770 0.048778 0.082640 -0.231147 0.134670 0.015518 
-0.142957 -0.016456 0.204513 0.510726 0.748715 0.140932 0.348489 0.704935 0.008115 -0.056767 0.066981 0.138943 0.509721 0.620956 0.189577 -0.308279 0.054553 0.088306 -0.223628 0.139822 0.020429 
0.517413 0.750197 0.139672 0.516574 0.622395 0.188209 -0.305151 0.059781 0.091757 0.354095 0.706797 0.008061 -0.140787 -0.018494 0.204608 -0.052870 0.063784 0.139872 
-0.151761 -0.022672 0.206385 -0.060082 0.056805 0.143392 -0.312221 0.065384 0.095135 0.357848 0.708124 0.008008 0.522438 0.750163 0.138471 0.521636 0.622044 0.186166 
-0.170260 -0.026900 0.208579 -0.074528 0.049047 0.147281 -0.325721 0.070675 0.098176 0.358722 0.708920 0.008010 0.524185 0.749575 0.137805 0.523397 0.621084 0.184486 
-0.195340 -0.031097 0.211567 -0.095336 0.040468 0.151839 -0.344747 0.076479 0.102102 0.358568 0.708936 0.008049 0.523684 0.748998 0.138468 0.522914 0.620237 0.184399 
-0.221034 -0.034524 0.213625 -0.116995 0.032735 0.155816 -0.363796 0.081969 0.104418 0.356517 0.709076 0.008102 0.521875 0.747225 0.138788 0.520813 0.617953 0.183259 
-0.245807 -0.037525 0.216090 -0.137946 0.025215 0.160237 -0.381438 0.087128 0.106804 0.354025 0.707751 0.008183 0.519735 0.743096 0.139214 0.517950 0.613226 0.181879 
-0.265337 -0.039848 0.216636 -0.154551 0.019033 0.162330 -0.394877 0.091114 0.107338 0.350894 0.703337 0.008235 0.516969 0.734933 0.139759 0.513747 0.604481 0.180523 
-0.282907 -0.042194 0.217574 -0.169670 0.012831 0.164287 -0.406794 0.094215 0.108384 0.347931 0.696566 0.008318 0.514005 0.723757 0.140823 0.508829 0.592738 0.179514 
-0.298470 -0.044576 0.214915 -0.183300 0.007249 0.162569 -0.417475 0.096458 0.106173 0.345478 0.690044 0.008428 0.511010 0.712808 0.142439 0.503948 0.581203 0.178774 
-0.316443 -0.046564 0.211461 0.508503 0.701829 0.143310 0.342986 0.683671 0.008581 -0.429535 0.099842 0.103511 -0.199120 0.001647 0.160462 0.499599 0.569707 0.177286 
-0.334137 -0.047961 0.208735 0.506281 0.692806 0.145524 0.341416 0.678684 0.009518 -0.441679 0.103119 0.101557 -0.215010 -0.003367 0.158636 0.495904 0.560187 0.177054 
-0.350730 -0.048860 0.212520 0.504180 0.684905 0.151105 0.340946 0.674568 0.012810 -0.454280 0.103972 0.103904 -0.230453 -0.007743 0.162195 0.492513 0.551777 0.179922 
-0.363420 -0.049667 0.216823 0.502056 0.677003 0.158062 0.340891 0.670263 0.017143 -0.464833 0.103176 0.106224 -0.242627 -0.011116 0.165709 0.489106 0.543452 0.184259 
-0.374264 -0.050207 0.222800 0.499857 0.668994 0.165450 0.341059 0.665925 0.021744 -0.474164 0.102103 0.110108 -0.253230 -0.014212 0.170407 0.485690 0.535051 0.188868 
-0.382349 -0.051086 0.224973 0.497771 0.661144 0.170402 0.340888 0.661679 0.024577 -0.481258 0.100910 0.110990 -0.261204 -0.016874 0.171651 0.482511 0.526882 0.191158 
-0.390103 -0.051812 0.228207 0.495900 0.654127 0.172990 0.340598 0.658375 0.025541 -0.488175 0.099586 0.112715 -0.268944 -0.019552 0.173713 0.479847 0.519535 0.190798 
-0.396633 -0.052930 0.228452 0.494399 0.647725 0.172977 0.340150 0.655658 0.024578 -0.493975 0.098175 0.111964 -0.275454 -0.022164 0.173146 0.477732 0.512850 0.187838 
-0.402828 -0.053856 0.230310 0.492980 0.641777 0.172617 0.339867 0.653544 0.023301 -0.499651 0.096559 0.112503 -0.281758 -0.024845 0.173827 0.475869 0.506639 0.184232 
-0.406754 -0.055415 0.228545 0.491835 0.636586 0.172227 0.339608 0.651883 0.022325 -0.503143 0.094711 0.110015 -0.285682 -0.027332 0.171602 0.474373 0.501269 0.180851 
-0.403889 -0.057797 0.223012 0.490332 0.632595 0.173767 0.339424 0.651191 0.022907 -0.501092 0.091573 0.104193 -0.283085 -0.029607 0.165553 0.472760 0.497132 0.179316 
-0.393431 -0.061836 0.206828 0.488913 0.630915 0.175776 0.339312 0.652640 0.024035 -0.492429 0.087722 0.089741 -0.272996 -0.031604 0.149632 0.471744 0.495304 0.177931 
-0.374660 -0.066785 0.178037 0.487886 0.631482 0.175267 0.338692 0.655072 0.023403 -0.476251 0.083698 0.064407 -0.254582 -0.032341 0.122496 0.471428 0.495765 0.174992 
-0.363272 -0.067500 0.180216 0.338243 0.654995 0.020867 -0.466925 0.080941 0.065766 0.488297 0.631556 0.171903 -0.243857 -0.032518 0.123593 0.472083 0.495810 0.171610 
-0.349966 -0.067668 0.181502 0.337279 0.654384 0.017357 -0.455630 0.078929 0.066514 0.489122 0.632952 0.166897 -0.231142 -0.031757 0.124222 0.473143 0.497186 0.168375 
-0.442329 0.078200 0.067397 0.336744 0.654311 0.015397 -0.334021 -0.066394 0.182461 -0.216022 -0.029120 0.124352 0.490021 0.635142 0.163777 0.474154 0.499403 0.167379 
-0.425153 0.078115 0.068042 0.336630 0.654237 0.015563 -0.313310 -0.063973 0.182846 -0.196391 -0.024366 0.124099 0.490893 0.638082 0.163278 0.475137 0.502432 0.169667 
-0.408121 0.078470 0.068695 0.337726 0.655190 0.017666 -0.292581 -0.061314 0.182663 -0.176885 -0.019133 0.123291 0.492347 0.642244 0.165322 0.476918 0.506708 0.174367 
-0.390642 0.078680 0.069563 0.339579 0.657844 0.020455 -0.271196 -0.058449 0.182727 -0.156884 -0.013613 0.122626 0.494225 0.648386 0.168349 0.479562 0.512946 0.179783 
-0.375152 0.077624 0.072009 0.342270 0.662128 0.022571 -0.251823 -0.056101 0.185080 -0.139011 -0.009206 0.123727 0.496808 0.655815 0.170746 0.483316 0.520400 0.183803 
-0.359430 0.075577 0.075271 0.344898 0.666492 0.023603 -0.231874 -0.053360 0.189213 -0.120761 -0.004455 0.126349 0.499382 0.663117 0.171930 0.487116 0.527726 0.186375 
-0.344859 0.073339 0.078834 0.347512 0.670952 0.022910 -0.213304 -0.050800 0.193553 -0.103918 -0.000161 0.129054 0.502291 0.669988 0.170965 0.491259 0.534598 0.186376 
-0.328989 0.070336 0.083035 0.350260 0.675193 0.022738 -0.193100 -0.047536 0.199303 -0.085670 0.004967 0.133031 0.504913 0.676457 0.170922 0.495105 0.541057 0.187067 
-0.313759 0.067299 0.086814 0.353409 0.679443 0.023002 -0.173661 -0.044348 0.204225 -0.068290 0.009905 0.136082 0.507670 0.682692 0.171563 0.499070 0.547270 0.188198 
-0.297157 0.063775 0.090034 0.357261 0.683949 0.025451 -0.152587 -0.040502 0.208792 -0.049567 0.015709 0.138670 0.510187 0.689399 0.175324 0.502897 0.553953 0.192388 
-0.281405 0.060383 0.092664 0.361738 0.688644 0.028819 -0.132430 -0.036919 0.211898 -0.031946 0.021029 0.139547 0.513010 0.696368 0.180262 0.507055 0.560914 0.197771 
0.367292 0.694219 0.035252 -0.264489 0.056519 0.096978 0.515775 0.704881 0.189255 0.511275 0.569474 0.207543 -0.110834 -0.032460 0.216771 -0.013281 0.027062 0.141736 
0.373622 0.699776 0.043335 -0.247151 0.052793 0.103018 0.518758 0.713592 0.200250 0.515415 0.578320 0.219743 -0.088704 -0.027481 0.222719 0.005584 0.033046 0.144387 
0.380224 0.705521 0.051564 -0.229395 0.049432 0.110017 0.521788 0.722754 0.211377 0.519587 0.587672 0.232300 -0.066166 -0.021915 0.228943 0.024595 0.039036 0.146862 
0.387687 0.712286 0.063016 -0.209542 0.045403 0.121286 0.524297 0.733653 0.226598 0.523381 0.598839 0.249278 -0.041293 -0.014336 0.239612 0.045352 0.046313 0.152985 
0.526200 0.745418 0.242440 0.526607 0.610901 0.266830 0.394978 0.719914 0.075084 -0.187739 0.042980 0.133449 -0.014695 -0.005129 0.250149 0.067624 0.054405 0.158666 
0.526478 0.756651 0.259992 0.528019 0.622475 0.286150 0.401438 0.727056 0.088624 -0.164114 0.040995 0.145254 0.012872 0.006185 0.260762 0.090835 0.065110 0.165161 
0.525955 0.764331 0.275954 0.527813 0.630508 0.303846 0.406494 0.731520 0.101225 -0.143565 0.040467 0.154733 0.036363 0.016894 0.268521 0.110599 0.074609 0.169284 
0.523821 0.770388 0.293720 0.525510 0.636985 0.323562 0.410562 0.734374 0.115527 -0.126918 0.039407 0.164237 0.055204 0.026982 0.276287 0.126028 0.083064 0.173678 
0.520755 0.775304 0.311675 0.521869 0.642337 0.343429 0.413669 0.736392 0.130302 -0.114171 0.039021 0.172686 0.069793 0.035341 0.282327 0.137696 0.089260 0.176630 
0.515850 0.781535 0.332094 0.516517 0.649088 0.365965 0.416107 0.739107 0.147354 -0.102288 0.038582 0.183903 0.083209 0.044637 0.290823 0.148125 0.095729 0.181895 
0.510869 0.788442 0.351084 0.511341 0.656398 0.386499 0.418007 0.743125 0.163466 -0.090709 0.039244 0.194398 0.096186 0.053305 0.298082 0.158216 0.102094 0.186449 
0.505266 0.798015 0.368517 0.506188 0.666382 0.405419 0.419315 0.749475 0.178428 -0.079094 0.040451 0.208036 0.108885 0.063690 0.308045 0.167951 0.109254 0.193481 
0.499945 0.808505 0.380325 0.501546 0.677380 0.418969 0.419101 0.756483 0.188921 -0.066364 0.043570 0.224040 0.123516 0.075468 0.317881 0.178451 0.117477 0.199952 
0.494797 0.820535 0.390903 0.497143 0.690071 0.431689 0.418714 0.764476 0.198689 -0.051107 0.048434 0.243043 0.139792 0.090629 0.330536 0.190592 0.128613 0.209431 
0.491208 0.834865 0.397914 0.494395 0.705391 0.441689 0.418793 0.773594 0.205873 -0.036102 0.055094 0.262371 0.155361 0.106447 0.343504 0.202319 0.140622 0.219743 
0.487547 0.852644 0.404220 0.491889 0.724441 0.451493 0.418960 0.785244 0.212828 -0.021262 0.062884 0.284952 0.170394 0.123780 0.358692 0.213373 0.153156 0.232281 
0.484885 0.872535 0.407661 0.490543 0.745926 0.458924 0.419528 0.798261 0.217689 -0.006998 0.072120 0.307535 0.184556 0.141246 0.373915 0.223854 0.166012 0.245338 
0.481760 0.894668 0.410473 0.488893 0.769939 0.465987 0.419838 0.813054 0.222370 0.008148 0.083161 0.333372 0.198962 0.161199 0.391491 0.234502 0.180578 0.260911 
0.479393 0.917992 0.410488 0.488016 0.795523 0.470628 0.420338 0.828527 0.225053 0.022405 0.096421 0.359763 0.051879 0.109260 0.225560 0.244529 0.195426 0.277087 
0.476739 0.943319 0.409232 0.486932 0.823503 0.474272 0.420456 0.845568 0.227147 0.037459 0.111402 0.388409 0.062973 0.117899 0.252944 0.254333 0.211981 0.294461 
0.475173 0.969834 0.404613 0.486976 0.853134 0.474839 0.420547 0.863423 0.226932 0.052394 0.128503 0.417161 0.263656 0.229961 0.312036 
0.068997 0.147465 0.446626 0.473110 0.998814 0.397796 0.486663 0.885912 0.473685 0.272856 0.249833 0.328564 
0.281323 0.270367 0.344906 0.473502 1.030302 0.385842 0.488522 0.922492 0.468553 0.085069 0.167901 0.475144 
0.290030 0.290533 0.360793 0.475440 1.064611 0.371691 0.493246 0.961867 0.460101 0.103463 0.188436 0.504827 
0.300368 0.311029 0.375366 0.479852 1.098611 0.353353 0.501500 1.000874 0.446458 0.124721 0.210904 0.533795 
0.140692 0.209687 0.419952 0.486340 1.128238 0.332693 0.512560 1.034956 0.429134 0.313722 0.335588 0.382496 
0.163150 0.227269 0.435475 0.490982 1.150320 0.318783 0.521362 1.059697 0.416529 0.327984 0.359883 0.386110 0.347416 0.381441 0.519704 
0.179546 0.237292 0.436716 0.492466 1.171575 0.314857 0.525333 1.083079 0.413740 0.210519 0.259136 0.569410 0.365521 0.394722 0.510517 
