0.977221 0.212225 -0.000622 0.210504 -0.977593 -0.000086 -0.246780 0.969072 0.000166 0.862812 0.505524 -0.000011 -0.974728 -0.223392 0.000577 -0.864555 -0.502539 0.000010 
0.977147 0.212565 -0.000581 0.210844 -0.977520 -0.000025 -0.247146 0.968978 0.000017 0.862898 0.505378 -0.000006 -0.974644 -0.223760 0.000561 -0.864646 -0.502382 0.000015 
0.976457 0.215712 -0.000523 0.213993 -0.976835 -0.000089 -0.248459 0.968642 -0.000032 0.862875 0.505417 -0.000002 -0.974340 -0.225081 0.000533 -0.864374 -0.502849 0.000026 
0.976902 0.213688 -0.000473 0.211967 -0.977277 -0.000059 -0.248253 0.968695 -0.000056 0.863280 0.504726 -0.000006 -0.974388 -0.224874 0.000504 -0.865029 -0.501722 0.000022 
0.977314 0.211790 -0.001386 0.210070 -0.977686 0.000984 -0.247731 0.968829 -0.000072 0.863871 0.503713 0.000099 -0.974509 -0.224350 0.000469 -0.865806 -0.500380 0.000018 
0.978055 0.208339 -0.001828 0.206619 -0.978421 0.001399 -0.246914 0.969037 -0.000008 0.864534 0.502574 0.000302 -0.974697 -0.223528 0.000164 -0.866823 -0.498617 -0.000031 
0.978219 0.207567 -0.001644 0.205846 -0.978584 0.001271 -0.246606 0.969116 -0.000015 0.864953 0.501853 0.000271 -0.974769 -0.223218 0.000152 -0.867301 -0.497785 -0.000031 
0.978513 0.206171 -0.002417 0.204451 -0.978876 0.001012 -0.245346 0.969436 0.000585 0.865302 0.501251 0.000480 -0.975058 -0.221950 0.000072 -0.867657 -0.497162 -0.000014 
0.978366 0.206869 -0.002150 0.205148 -0.978731 0.000887 -0.245310 0.969444 0.000520 0.865341 0.501184 0.000462 -0.975066 -0.221914 -0.000173 -0.867596 -0.497270 0.000039 
0.978330 0.207041 -0.001933 0.205320 -0.978695 0.000812 -0.245147 0.969486 0.000481 0.865359 0.501152 0.000413 -0.975104 -0.221750 -0.000148 -0.867567 -0.497320 0.000028 
0.978085 0.208186 -0.002929 0.206467 -0.978453 0.000957 -0.245063 0.969507 0.000581 0.865374 0.501126 0.000635 -0.975123 -0.221666 -0.000029 -0.867414 -0.497587 0.000060 
0.977851 0.209288 -0.002620 0.207569 -0.978220 0.000823 -0.245047 0.969511 0.000527 0.865388 0.501102 0.000578 -0.975126 -0.221650 -0.000023 -0.867275 -0.497830 0.000049 
0.977390 0.211431 -0.002350 0.209712 -0.977763 0.000712 -0.245048 0.969511 0.000467 0.865389 0.501101 0.000526 -0.975126 -0.221651 -0.000019 -0.866982 -0.498339 0.000042 
0.977114 0.212704 -0.002109 0.210985 -0.977489 0.000615 -0.245264 0.969456 0.000512 0.865362 0.501146 0.000473 -0.975077 -0.221869 -0.000037 -0.866812 -0.498635 0.000028 
0.976736 0.214438 -0.001914 0.212719 -0.977113 0.000544 -0.245272 0.969454 0.001306 0.865289 0.501273 0.000345 -0.975075 -0.221875 -0.000036 -0.866501 -0.499176 -0.000076 
0.976637 0.214891 -0.001696 0.213172 -0.977015 0.000499 -0.245336 0.969438 -0.000630 0.865365 0.501142 -0.000099 -0.975059 -0.221940 0.001679 -0.866525 -0.499134 0.000135 
0.976533 0.215355 -0.002142 0.213635 -0.976914 -0.000307 -0.245685 0.969350 -0.000193 0.865387 0.501104 0.000293 -0.974980 -0.222292 0.000575 -0.866532 -0.499121 0.000376 
0.976540 0.215313 -0.003133 0.213592 -0.976923 -0.000682 -0.245677 0.969352 -0.000110 0.865439 0.501015 0.000705 -0.974982 -0.222284 0.000112 -0.866588 -0.499024 0.000543 
0.976541 0.215315 -0.002812 0.213594 -0.976922 -0.000493 -0.245678 0.969351 -0.000041 0.865440 0.501012 0.000617 -0.974982 -0.222285 0.000089 -0.866589 -0.499022 0.000467 
0.976549 0.215265 -0.003597 0.213547 -0.976933 0.000037 -0.245722 0.969340 0.000006 0.865454 0.500988 0.000884 -0.974972 -0.222329 -0.000355 -0.866616 -0.498975 0.000503 
0.976557 0.215221 -0.004054 0.213504 -0.976942 0.000380 -0.245774 0.969327 0.000063 0.865461 0.500975 0.000997 -0.974960 -0.222381 -0.000329 -0.866637 -0.498939 0.000450 
0.976589 0.215081 -0.003671 0.213363 -0.976973 0.000370 -0.245774 0.969327 0.000079 0.865466 0.500968 0.000897 -0.974960 -0.222382 -0.000301 -0.866661 -0.498898 0.000403 
0.976617 0.214961 -0.003330 0.213244 -0.976999 0.000367 -0.245775 0.969327 0.000094 0.865470 0.500961 0.000807 -0.974960 -0.222382 -0.000275 -0.866681 -0.498862 0.000362 
0.976640 0.214861 -0.003030 0.213143 -0.977021 0.000370 -0.245775 0.969327 0.000113 0.865473 0.500955 0.000724 -0.974959 -0.222382 -0.000256 -0.866699 -0.498832 0.000327 
0.976652 0.214810 -0.002766 0.213092 -0.977032 0.000388 -0.245805 0.969319 0.000107 0.865476 0.500950 0.000643 -0.974953 -0.222413 -0.000214 -0.866713 -0.498807 0.000297 
0.976653 0.214810 -0.002525 0.213091 -0.977032 0.000393 -0.245807 0.969319 0.000130 0.865477 0.500949 0.000576 -0.974952 -0.222414 -0.000203 -0.866714 -0.498805 0.000269 
0.976653 0.214810 -0.002310 0.213092 -0.977032 0.000405 -0.245808 0.969319 0.000156 0.865477 0.500948 0.000515 -0.974952 -0.222415 -0.000196 -0.866715 -0.498804 0.000243 
0.976666 0.214737 -0.003378 0.213015 -0.977049 -0.000707 -0.245900 0.969295 0.000739 0.865520 0.500873 0.000911 -0.974931 -0.222508 -0.000166 -0.866781 -0.498689 0.000334 
0.976682 0.214656 -0.003812 0.212937 -0.977066 -0.000177 -0.246002 0.969269 0.001210 0.865484 0.500936 0.000955 -0.974908 -0.222610 -0.000133 -0.866770 -0.498709 0.000204 
0.976683 0.214657 -0.003434 0.212937 -0.977066 -0.000086 -0.246003 0.969268 0.001154 0.865484 0.500936 0.000854 -0.974907 -0.222611 -0.000140 -0.866770 -0.498707 0.000167 
0.976685 0.214657 -0.003107 0.212937 -0.977066 -0.000017 -0.246005 0.969268 0.001112 0.865485 0.500935 0.000763 -0.974907 -0.222613 -0.000150 -0.866771 -0.498706 0.000139 
0.976693 0.214622 -0.002847 0.212904 -0.977073 0.000059 -0.246075 0.969249 0.001888 0.865424 0.501039 0.000354 -0.974890 -0.222686 0.000790 -0.866726 -0.498785 -0.000067 
0.976694 0.214622 -0.002611 0.212903 -0.977073 0.000138 -0.246078 0.969248 0.001803 0.865425 0.501039 0.000306 -0.974890 -0.222688 0.000678 -0.866726 -0.498784 -0.000062 
0.976721 0.214487 -0.003484 0.212772 -0.977101 0.001210 -0.246170 0.969225 0.001670 0.865408 0.501067 0.000436 -0.974868 -0.222781 0.000573 -0.866742 -0.498757 -0.000061 
0.976756 0.214319 -0.003816 0.212607 -0.977136 0.001823 -0.246345 0.969182 0.000547 0.865448 0.500998 0.000863 -0.974828 -0.222955 -0.001338 -0.866829 -0.498605 0.000418 
0.976762 0.214299 -0.003495 0.212586 -0.977141 0.001712 -0.246594 0.969119 0.000228 0.865453 0.500990 0.000801 -0.974771 -0.223205 -0.001208 -0.866872 -0.498530 0.000419 
0.976763 0.214297 -0.003203 0.212582 -0.977142 0.001615 -0.246595 0.969119 0.000252 0.865453 0.500990 0.000717 -0.974770 -0.223207 -0.001112 -0.866873 -0.498529 0.000383 
0.976790 0.214156 -0.004203 0.212445 -0.977171 0.001970 -0.246634 0.969108 0.000874 0.865418 0.501049 0.000885 -0.974762 -0.223244 -0.001018 -0.866863 -0.498546 0.000313 
0.976794 0.214145 -0.004028 0.212433 -0.977174 0.001839 -0.246674 0.969098 0.000857 0.865416 0.501053 0.000790 -0.974753 -0.223285 -0.000952 -0.866868 -0.498537 0.000357 
0.976796 0.214135 -0.003954 0.212422 -0.977177 0.001637 -0.246749 0.969079 0.000822 0.865430 0.501029 0.000711 -0.974735 -0.223361 -0.000877 -0.866894 -0.498492 0.000438 
0.976796 0.214135 -0.003998 0.212422 -0.977177 0.001535 -0.246751 0.969079 0.000794 0.865427 0.501035 0.000630 -0.974735 -0.223363 -0.000811 -0.866891 -0.498498 0.000541 
0.976796 0.214134 -0.004056 0.212421 -0.977177 0.001445 -0.246954 0.969027 0.000540 0.865426 0.501036 0.000579 -0.974688 -0.223567 -0.000738 -0.866919 -0.498448 0.000666 
0.976795 0.214135 -0.004107 0.212422 -0.977177 0.001370 -0.246955 0.969027 0.000539 0.865426 0.501037 0.000511 -0.974688 -0.223569 -0.000686 -0.866919 -0.498448 0.000752 
0.976814 0.214052 -0.003926 0.212337 -0.977196 0.001086 -0.247014 0.969012 0.000701 0.865457 0.500984 0.000503 -0.974674 -0.223627 -0.001034 -0.866970 -0.498359 0.000847 
0.976814 0.214053 -0.003999 0.212338 -0.977196 0.001048 -0.247015 0.969012 0.000689 0.865456 0.500984 0.000443 -0.974674 -0.223629 -0.000959 -0.866970 -0.498360 0.000919 
0.976813 0.214054 -0.004065 0.212339 -0.977196 0.001023 -0.247017 0.969011 0.000680 0.865456 0.500985 0.000388 -0.974674 -0.223630 -0.000892 -0.866970 -0.498360 0.000982 
0.976813 0.214055 -0.004127 0.212340 -0.977195 0.000989 -0.247020 0.969010 0.000676 0.865455 0.500986 0.000337 -0.974673 -0.223634 -0.000822 -0.866969 -0.498362 0.001039 
0.976817 0.214037 -0.004116 0.212322 -0.977199 0.000935 -0.247164 0.968974 0.000027 0.865472 0.500957 0.000423 -0.974639 -0.223779 -0.001224 -0.867009 -0.498291 0.001251 
0.976816 0.214037 -0.004209 0.212322 -0.977199 0.000882 -0.247166 0.968973 0.000075 0.865472 0.500957 0.000369 -0.974639 -0.223780 -0.001115 -0.867009 -0.498291 0.001301 
0.976834 0.213960 -0.004104 0.212244 -0.977216 0.000891 -0.247213 0.968961 0.000137 0.865440 0.501013 0.000264 -0.974628 -0.223828 -0.000933 -0.866994 -0.498316 0.001289 
0.976842 0.213923 -0.004102 0.212207 -0.977224 0.000834 -0.247305 0.968938 0.000121 0.865422 0.501044 0.000219 -0.974607 -0.223921 -0.000841 -0.866995 -0.498316 0.001318 
0.976842 0.213922 -0.004158 0.212206 -0.977225 0.000785 -0.247307 0.968937 0.000164 0.865422 0.501044 0.000188 -0.974607 -0.223922 -0.000779 -0.866995 -0.498316 0.001348 
0.976842 0.213921 -0.004200 0.212205 -0.977225 0.000746 -0.247308 0.968937 0.000204 0.865422 0.501044 0.000164 -0.974606 -0.223923 -0.000733 -0.866995 -0.498315 0.001372 
0.976842 0.213920 -0.004239 0.212204 -0.977225 0.000707 -0.247309 0.968937 0.000242 0.865422 0.501044 0.000141 -0.974606 -0.223925 -0.000691 -0.866995 -0.498315 0.001393 
0.976842 0.213918 -0.004279 0.212202 -0.977226 0.000660 -0.247438 0.968904 0.000187 0.865418 0.501051 0.000130 -0.974576 -0.224055 -0.000645 -0.867010 -0.498289 0.001426 
0.976855 0.213862 -0.004198 0.212146 -0.977238 0.000662 -0.247463 0.968897 0.000221 0.865399 0.501083 0.000087 -0.974571 -0.224080 -0.000608 -0.867003 -0.498301 0.001419 
0.976855 0.213861 -0.004225 0.212145 -0.977238 0.000631 -0.247464 0.968897 0.000252 0.865399 0.501083 0.000073 -0.974570 -0.224081 -0.000578 -0.867003 -0.498301 0.001433 
0.976855 0.213860 -0.004250 0.212144 -0.977238 0.000596 -0.247465 0.968897 0.000286 0.865399 0.501083 0.000060 -0.974570 -0.224082 -0.000551 -0.867003 -0.498301 0.001445 
0.976855 0.213859 -0.004272 0.212143 -0.977239 0.000565 -0.247466 0.968896 0.000317 0.865399 0.501083 0.000049 -0.974570 -0.224083 -0.000528 -0.867003 -0.498300 0.001456 
0.976855 0.213859 -0.004293 0.212142 -0.977239 0.000536 -0.247468 0.968896 0.000343 0.865399 0.501083 0.000039 -0.974570 -0.224084 -0.000506 -0.867003 -0.498300 0.001466 
0.976855 0.213859 -0.004312 0.212142 -0.977239 0.000509 -0.247468 0.968896 0.000370 0.865399 0.501083 0.000030 -0.974569 -0.224085 -0.000487 -0.867003 -0.498300 0.001475 
0.976855 0.213857 -0.004329 0.212141 -0.977239 0.000488 -0.247469 0.968896 0.000390 0.865399 0.501084 0.000021 -0.974569 -0.224086 -0.000468 -0.867004 -0.498300 0.001484 
0.976869 0.213796 -0.004243 0.212080 -0.977252 0.000491 -0.247496 0.968889 0.000406 0.865382 0.501113 -0.000006 -0.974563 -0.224112 -0.000447 -0.866999 -0.498308 0.001469 
0.976871 0.213787 -0.004254 0.212070 -0.977254 0.000467 -0.247520 0.968883 0.000424 0.865379 0.501117 -0.000013 -0.974557 -0.224138 -0.000430 -0.867001 -0.498304 0.001475 
0.976871 0.213787 -0.004265 0.212070 -0.977254 0.000446 -0.247521 0.968882 0.000443 0.865379 0.501117 -0.000017 -0.974557 -0.224138 -0.000417 -0.867001 -0.498303 0.001480 
0.976871 0.213787 -0.004276 0.212069 -0.977255 0.000425 -0.247523 0.968882 0.000461 0.865379 0.501117 -0.000020 -0.974557 -0.224140 -0.000406 -0.867002 -0.498303 0.001483 
0.976871 0.213786 -0.004285 0.212069 -0.977255 0.000409 -0.247524 0.968882 0.000476 0.865379 0.501118 -0.000024 -0.974557 -0.224141 -0.000396 -0.867002 -0.498303 0.001487 
0.976875 0.213770 -0.004295 0.212053 -0.977258 0.000389 -0.247801 0.968811 0.000108 0.865386 0.501105 0.000007 -0.974493 -0.224420 -0.000357 -0.867051 -0.498217 0.001534 
0.976882 0.213739 -0.004272 0.212021 -0.977265 0.000356 -0.247819 0.968806 0.000137 0.865377 0.501121 -0.000008 -0.974488 -0.224438 -0.000331 -0.867049 -0.498221 0.001533 
0.976886 0.213719 -0.004260 0.212002 -0.977269 0.000329 -0.247837 0.968802 0.000166 0.865370 0.501133 -0.000018 -0.974484 -0.224456 -0.000313 -0.867047 -0.498224 0.001532 
0.976892 0.213689 -0.004225 0.211972 -0.977276 0.000310 -0.247854 0.968797 0.000187 0.865361 0.501149 -0.000028 -0.974480 -0.224473 -0.000301 -0.867044 -0.498229 0.001525 
0.976893 0.213689 -0.004234 0.211971 -0.977276 0.000288 -0.247855 0.968797 0.000209 0.865361 0.501149 -0.000030 -0.974480 -0.224474 -0.000291 -0.867044 -0.498229 0.001526 
0.976897 0.213671 -0.004217 0.211953 -0.977280 0.000278 -0.247872 0.968793 0.000227 0.865357 0.501156 -0.000037 -0.974476 -0.224491 -0.000281 -0.867045 -0.498227 0.001522 
0.976902 0.213646 -0.004212 0.211928 -0.977285 0.000227 -0.247892 0.968788 0.000243 0.865363 0.501146 -0.000033 -0.974471 -0.224512 -0.000274 -0.867057 -0.498206 0.001522 
0.976903 0.213642 -0.004124 0.211925 -0.977286 0.000234 -0.247931 0.968778 0.000260 0.865355 0.501159 -0.000053 -0.974462 -0.224551 -0.000270 -0.867056 -0.498208 0.001504 
0.976914 0.213593 -0.004089 0.211874 -0.977297 0.000135 -0.247951 0.968773 0.000272 0.865371 0.501131 -0.000045 -0.974458 -0.224570 -0.000266 -0.867082 -0.498163 0.001502 
0.976915 0.213590 -0.004089 0.211871 -0.977298 0.000126 -0.247951 0.968772 0.000282 0.865371 0.501131 -0.000042 -0.974458 -0.224571 -0.000265 -0.867083 -0.498162 0.001499 
0.976915 0.213588 -0.004089 0.211869 -0.977298 0.000117 -0.247952 0.968772 0.000294 0.865371 0.501131 -0.000040 -0.974458 -0.224572 -0.000265 -0.867083 -0.498161 0.001496 
0.976923 0.213553 -0.004091 0.211834 -0.977306 0.000114 -0.248149 0.968722 0.000089 0.865371 0.501132 -0.000021 -0.974412 -0.224770 -0.000246 -0.867116 -0.498104 0.001518 
0.976927 0.213535 -0.004087 0.211816 -0.977309 0.000096 -0.248238 0.968699 0.000131 0.865359 0.501153 -0.000040 -0.974391 -0.224859 -0.000166 -0.867119 -0.498099 0.001501 
0.976928 0.213528 -0.004087 0.211810 -0.977311 0.000088 -0.248238 0.968699 0.000143 0.865359 0.501153 -0.000038 -0.974391 -0.224859 -0.000165 -0.867120 -0.498097 0.001499 
0.976929 0.213524 -0.004086 0.211805 -0.977312 0.000078 -0.248238 0.968699 0.000156 0.865359 0.501153 -0.000036 -0.974391 -0.224860 -0.000166 -0.867121 -0.498096 0.001496 
0.976958 0.213371 -0.005018 0.211653 -0.977345 0.000131 -0.248260 0.968693 -0.001157 0.865472 0.500956 0.000380 -0.974386 -0.224882 -0.000173 -0.867259 -0.497855 0.001697 
0.977001 0.213190 -0.004419 0.211472 -0.977384 0.000069 -0.248450 0.968645 0.000623 0.865327 0.501208 0.000319 -0.974341 -0.225071 -0.001639 -0.867165 -0.498018 0.001677 
0.977032 0.213048 -0.004378 0.211329 -0.977415 0.000091 -0.248387 0.968660 0.001104 0.865304 0.501248 0.000125 -0.974356 -0.225008 -0.001168 -0.867153 -0.498040 0.001576 
0.977035 0.213032 -0.004418 0.211313 -0.977418 0.000102 -0.248388 0.968660 0.001085 0.865304 0.501248 0.000112 -0.974356 -0.225009 -0.001107 -0.867155 -0.498036 0.001584 
0.977036 0.213027 -0.004471 0.211309 -0.977419 0.000122 -0.248389 0.968660 0.001053 0.865304 0.501248 0.000098 -0.974356 -0.225010 -0.001045 -0.867155 -0.498035 0.001598 
0.977037 0.213023 -0.004522 0.211306 -0.977420 0.000148 -0.248398 0.968658 0.001018 0.865303 0.501249 0.000082 -0.974354 -0.225019 -0.000985 -0.867157 -0.498033 0.001613 
0.977038 0.213018 -0.004583 0.211300 -0.977421 0.000164 -0.248399 0.968657 0.001001 0.865303 0.501250 0.000071 -0.974354 -0.225020 -0.000941 -0.867157 -0.498032 0.001630 
0.977038 0.213013 -0.004638 0.211295 -0.977422 0.000178 -0.248409 0.968655 0.001006 0.865297 0.501259 0.000042 -0.974351 -0.225030 -0.000818 -0.867154 -0.498038 0.001631 
0.977044 0.212988 -0.004634 0.211270 -0.977428 0.000197 -0.248401 0.968655 0.001942 0.865211 0.501408 -0.000106 -0.974353 -0.225023 -0.000649 -0.867070 -0.498184 0.001502 
0.977058 0.212920 -0.004659 0.211203 -0.977442 0.000243 -0.248504 0.968629 0.001674 0.865265 0.501315 0.000142 -0.974327 -0.225122 -0.002534 -0.867147 -0.498049 0.001982 
0.977093 0.212750 -0.005087 0.211030 -0.977479 -0.000290 -0.248511 0.968628 0.001602 0.865301 0.501252 0.000281 -0.974326 -0.225129 -0.002212 -0.867208 -0.497943 0.002017 
0.977129 0.212587 -0.005081 0.210867 -0.977515 -0.000214 -0.248607 0.968603 0.001553 0.865289 0.501274 0.000231 -0.974304 -0.225227 -0.001971 -0.867231 -0.497901 0.001974 
0.977154 0.212472 -0.005078 0.210753 -0.977539 -0.000145 -0.248608 0.968603 0.001490 0.865289 0.501274 0.000203 -0.974304 -0.225228 -0.001829 -0.867247 -0.497874 0.001949 
0.977166 0.212414 -0.005098 0.210695 -0.977552 -0.000090 -0.248609 0.968603 0.001430 0.865289 0.501274 0.000178 -0.974304 -0.225229 -0.001701 -0.867255 -0.497860 0.001937 
0.977193 0.212279 -0.005589 0.210564 -0.977580 0.000568 -0.248619 0.968600 0.001360 0.865278 0.501291 0.000251 -0.974302 -0.225241 -0.001584 -0.867266 -0.497842 0.001862 
0.977195 0.212268 -0.005632 0.210554 -0.977582 0.000580 -0.248621 0.968600 0.001320 0.865278 0.501292 0.000217 -0.974302 -0.225242 -0.001485 -0.867267 -0.497840 0.001883 
0.977196 0.212261 -0.005694 0.210546 -0.977584 0.000571 -0.248622 0.968600 0.001287 0.865278 0.501292 0.000190 -0.974302 -0.225243 -0.001396 -0.867268 -0.497838 0.001910 
0.977200 0.212226 -0.006361 0.210507 -0.977592 -0.000320 -0.248628 0.968598 0.001254 0.865334 0.501195 0.000487 -0.974300 -0.225250 -0.001309 -0.867330 -0.497730 0.002029 
0.977233 0.212074 -0.006362 0.210355 -0.977625 -0.000294 -0.248779 0.968560 0.001254 0.865316 0.501227 0.000398 -0.974265 -0.225402 -0.001034 -0.867354 -0.497688 0.002016 
0.977252 0.211984 -0.006361 0.210265 -0.977644 -0.000259 -0.248777 0.968560 0.001226 0.865322 0.501216 0.000353 -0.974266 -0.225401 -0.000974 -0.867372 -0.497656 0.002038 
0.977262 0.211939 -0.006379 0.210221 -0.977654 -0.000209 -0.248868 0.968537 0.001192 0.865309 0.501239 0.000292 -0.974245 -0.225492 -0.000818 -0.867379 -0.497645 0.002046 
0.977264 0.211928 -0.006395 0.210210 -0.977656 -0.000164 -0.248869 0.968536 0.001147 0.865309 0.501239 0.000260 -0.974245 -0.225493 -0.000784 -0.867380 -0.497642 0.002072 
0.977274 0.211887 -0.006367 0.210168 -0.977665 -0.000179 -0.248873 0.968535 0.001102 0.865323 0.501215 0.000236 -0.974244 -0.225497 -0.000749 -0.867400 -0.497607 0.002088 
0.977278 0.211867 -0.006369 0.210150 -0.977669 -0.000125 -0.248874 0.968535 0.001051 0.865321 0.501218 0.000205 -0.974243 -0.225498 -0.000713 -0.867402 -0.497604 0.002106 
0.977281 0.211853 -0.006369 0.210135 -0.977672 -0.000092 -0.248877 0.968535 0.001008 0.865321 0.501218 0.000181 -0.974243 -0.225502 -0.000682 -0.867404 -0.497600 0.002121 
0.977283 0.211844 -0.006368 0.210127 -0.977674 -0.000095 -0.248881 0.968534 0.000970 0.865321 0.501218 0.000165 -0.974241 -0.225506 -0.000655 -0.867406 -0.497596 0.002138 
0.977290 0.211812 -0.006364 0.210095 -0.977681 -0.000064 -0.248883 0.968533 0.000944 0.865328 0.501205 0.000143 -0.974241 -0.225507 -0.000634 -0.867418 -0.497576 0.002150 
0.977292 0.211801 -0.006371 0.210084 -0.977683 -0.000041 -0.248883 0.968533 0.000925 0.865328 0.501205 0.000126 -0.974241 -0.225507 -0.000617 -0.867419 -0.497573 0.002162 
0.977293 0.211795 -0.006380 0.210077 -0.977685 -0.000014 -0.248885 0.968533 0.000901 0.865327 0.501207 0.000108 -0.974241 -0.225510 -0.000588 -0.867420 -0.497573 0.002173 
0.977295 0.211787 -0.006386 0.210070 -0.977686 0.000009 -0.248886 0.968532 0.000877 0.865327 0.501207 0.000094 -0.974241 -0.225511 -0.000572 -0.867421 -0.497571 0.002184 
0.977297 0.211776 -0.006398 0.210059 -0.977689 0.000034 -0.248886 0.968532 0.000856 0.865327 0.501207 0.000080 -0.974240 -0.225511 -0.000556 -0.867422 -0.497568 0.002195 
0.977299 0.211766 -0.006408 0.210049 -0.977691 0.000055 -0.248887 0.968532 0.000840 0.865327 0.501207 0.000069 -0.974240 -0.225512 -0.000545 -0.867423 -0.497566 0.002205 
0.977301 0.211757 -0.006419 0.210040 -0.977693 0.000074 -0.248887 0.968532 0.000822 0.865327 0.501208 0.000058 -0.974240 -0.225512 -0.000532 -0.867425 -0.497564 0.002215 
0.977304 0.211745 -0.006431 0.210028 -0.977695 0.000096 -0.248888 0.968532 0.000804 0.865327 0.501208 0.000047 -0.974240 -0.225513 -0.000521 -0.867426 -0.497561 0.002225 
0.977305 0.211740 -0.006445 0.210024 -0.977696 0.000109 -0.248888 0.968532 0.000791 0.865327 0.501208 0.000038 -0.974240 -0.225513 -0.000509 -0.867427 -0.497560 0.002235 
0.977309 0.211722 -0.006461 0.210005 -0.977700 0.000092 -0.248890 0.968532 0.000770 0.865333 0.501197 0.000032 -0.974240 -0.225514 -0.000496 -0.867436 -0.497544 0.002251 
0.977310 0.211714 -0.006469 0.209998 -0.977702 0.000104 -0.248890 0.968531 0.000760 0.865333 0.501197 0.000025 -0.974240 -0.225515 -0.000488 -0.867437 -0.497542 0.002257 
0.977312 0.211707 -0.006473 0.209991 -0.977703 0.000115 -0.248891 0.968531 0.000752 0.865333 0.501197 0.000019 -0.974240 -0.225515 -0.000481 -0.867438 -0.497540 0.002262 
0.977313 0.211700 -0.006490 0.209984 -0.977705 0.000130 -0.248891 0.968531 0.000738 0.865333 0.501197 0.000012 -0.974239 -0.225516 -0.000472 -0.867439 -0.497539 0.002271 
0.977324 0.211648 -0.006504 0.209932 -0.977716 0.000134 -0.249145 0.968466 0.000316 0.865350 0.501168 0.000046 -0.974180 -0.225772 -0.000440 -0.867500 -0.497432 0.002326 
0.977341 0.211572 -0.006408 0.209856 -0.977732 0.000139 -0.249162 0.968460 0.001857 0.865279 0.501291 -0.000006 -0.974175 -0.225787 -0.001579 -0.867441 -0.497534 0.002399 
0.977348 0.211539 -0.006488 0.209823 -0.977739 0.000157 -0.249175 0.968457 0.001794 0.865274 0.501300 -0.000023 -0.974173 -0.225799 -0.001424 -0.867442 -0.497533 0.002400 
0.977352 0.211516 -0.006680 0.209800 -0.977744 0.000152 -0.249306 0.968424 0.001545 0.865279 0.501290 -0.000008 -0.974142 -0.225931 -0.001333 -0.867470 -0.497484 0.002479 
0.977353 0.211507 -0.006843 0.209792 -0.977746 0.000207 -0.249305 0.968424 0.001493 0.865277 0.501293 -0.000029 -0.974142 -0.225932 -0.001258 -0.867469 -0.497485 0.002530 
0.977342 0.211506 -0.008189 0.209787 -0.977747 -0.000519 -0.249306 0.968424 0.001454 0.865308 0.501240 0.000490 -0.974142 -0.225932 -0.001195 -0.867499 -0.497431 0.002640 
0.977340 0.211470 -0.009374 0.209746 -0.977755 -0.001200 -0.249294 0.968427 0.001395 0.865342 0.501181 0.000911 -0.974145 -0.225920 -0.000986 -0.867535 -0.497368 0.002733 
0.977345 0.211442 -0.009420 0.209719 -0.977761 -0.001065 -0.249304 0.968424 0.001343 0.865334 0.501195 0.000805 -0.974143 -0.225930 -0.000876 -0.867533 -0.497372 0.002798 
0.977349 0.211421 -0.009467 0.209700 -0.977765 -0.000940 -0.249304 0.968424 0.001260 0.865334 0.501195 0.000720 -0.974143 -0.225931 -0.000819 -0.867535 -0.497368 0.002870 
0.977352 0.211407 -0.009512 0.209688 -0.977768 -0.000830 -0.249304 0.968424 0.001178 0.865334 0.501196 0.000644 -0.974143 -0.225931 -0.000767 -0.867537 -0.497364 0.002938 
0.977354 0.211397 -0.009552 0.209679 -0.977770 -0.000736 -0.249304 0.968425 0.001105 0.865334 0.501196 0.000576 -0.974143 -0.225931 -0.000720 -0.867538 -0.497362 0.003000 
0.977359 0.211373 -0.009579 0.209655 -0.977775 -0.000643 -0.249373 0.968407 0.001053 0.865322 0.501215 0.000500 -0.974127 -0.226000 -0.000620 -0.867540 -0.497359 0.003041 
0.977364 0.211351 -0.009555 0.209633 -0.977780 -0.000590 -0.249372 0.968407 0.000994 0.865322 0.501216 0.000448 -0.974127 -0.226000 -0.000587 -0.867543 -0.497354 0.003075 
0.977364 0.211346 -0.009575 0.209629 -0.977781 -0.000522 -0.249372 0.968407 0.000945 0.865320 0.501219 0.000399 -0.974127 -0.226000 -0.000561 -0.867541 -0.497356 0.003117 
0.977380 0.211253 -0.010025 0.209545 -0.977799 0.000326 -0.249318 0.968420 0.001680 0.865240 0.501358 0.000348 -0.974140 -0.225945 -0.000468 -0.867467 -0.497487 0.002935 
0.977380 0.211251 -0.010022 0.209544 -0.977799 0.000381 -0.249217 0.968446 0.001522 0.865247 0.501346 0.000301 -0.974163 -0.225844 -0.000443 -0.867459 -0.497499 0.002996 
0.977395 0.211150 -0.010704 0.209449 -0.977819 0.000823 -0.249219 0.968446 0.001425 0.865225 0.501384 0.000489 -0.974163 -0.225846 -0.000426 -0.867451 -0.497513 0.002964 
0.977425 0.210994 -0.011021 0.209302 -0.977850 0.001659 -0.249217 0.968447 0.001216 0.865136 0.501537 0.000645 -0.974163 -0.225844 -0.000273 -0.867385 -0.497631 0.002722 
0.977426 0.211008 -0.010727 0.209316 -0.977847 0.001689 -0.249219 0.968446 0.001184 0.865065 0.501659 0.000546 -0.974163 -0.225846 -0.000283 -0.867313 -0.497755 0.002722 
