0.977256 0.212049 -0.002467 0.210327 -0.977631 -0.000301 -0.247640 0.968852 0.000132 0.862997 0.505209 0.000858 -0.974529 -0.224257 -0.000982 -0.864886 -0.501968 0.000412 
0.977366 0.211544 -0.002224 0.209808 -0.977727 -0.005568 -0.247237 0.968948 0.003655 0.863257 0.504764 0.000834 -0.974623 -0.223854 -0.000062 -0.865158 -0.501499 0.000431 
0.976944 0.213488 -0.001945 0.211753 -0.977306 -0.005801 -0.248052 0.968742 0.003160 0.863481 0.504381 -0.000111 -0.974430 -0.224680 0.002314 -0.865230 -0.501375 0.000597 
0.976628 0.214932 -0.001686 0.213192 -0.976978 -0.008007 -0.248830 0.968523 0.006888 0.863525 0.504305 0.000047 -0.974253 -0.225457 -0.000474 -0.865184 -0.501454 0.001000 
0.976490 0.215547 -0.002438 0.213788 -0.976817 -0.011084 -0.248912 0.968498 0.007423 0.863542 0.504277 0.000370 -0.974234 -0.225541 -0.000437 -0.865122 -0.501558 0.001518 
0.976453 0.215706 -0.003264 0.213912 -0.976730 -0.015497 -0.249055 0.968438 0.009958 0.863531 0.504295 0.000716 -0.974200 -0.225687 -0.000614 -0.865104 -0.501588 0.001966 
0.976444 0.215727 -0.004407 0.213882 -0.976660 -0.019763 -0.249250 0.968362 0.012200 0.863584 0.504204 0.001175 -0.974153 -0.225889 -0.000437 -0.865176 -0.501464 0.002319 
0.976492 0.215514 -0.004085 0.213632 -0.976604 -0.024615 -0.249572 0.968212 0.016721 0.863536 0.504286 0.001091 -0.974074 -0.226228 -0.000375 -0.865200 -0.501421 0.002353 
0.976471 0.215579 -0.005521 0.213594 -0.976435 -0.030877 -0.250122 0.967988 0.020955 0.863523 0.504307 0.001401 -0.973938 -0.226812 0.000388 -0.865249 -0.501335 0.002757 
0.976700 0.214550 -0.005036 0.212493 -0.976429 -0.037865 -0.250139 0.967795 0.028332 0.863567 0.504232 0.001264 -0.973924 -0.226874 0.000392 -0.865438 -0.501009 0.002647 
0.977215 0.212199 -0.004696 0.210055 -0.976643 -0.045229 -0.250199 0.967517 0.036209 0.863552 0.504259 0.001171 -0.973895 -0.226997 0.000413 -0.865760 -0.500453 0.002512 
0.977698 0.209970 -0.004363 0.207700 -0.976653 -0.054864 -0.250094 0.967098 0.046634 0.863565 0.504236 0.001064 -0.973896 -0.226995 0.000458 -0.866075 -0.499909 0.002325 
0.977948 0.208769 -0.005821 0.206258 -0.976406 -0.063944 -0.249945 0.966551 0.057502 0.863553 0.504258 0.001018 -0.973899 -0.226982 0.000510 -0.866223 -0.499651 0.002487 
0.978254 0.207269 -0.007658 0.204393 -0.975968 -0.075566 -0.248749 0.965965 0.070966 0.863567 0.504233 0.000951 -0.974131 -0.225984 0.000536 -0.866296 -0.499523 0.002809 
0.978491 0.206008 -0.010736 0.202596 -0.975376 -0.087153 -0.246275 0.965412 0.085607 0.863580 0.504211 0.000869 -0.974633 -0.223806 0.001135 -0.866176 -0.499730 0.003106 
0.979022 0.203212 -0.014869 0.199063 -0.974954 -0.099187 -0.241739 0.964845 0.103130 0.863464 0.504410 0.000749 -0.975513 -0.219905 0.004020 -0.865926 -0.500166 0.002444 
0.979630 0.199831 -0.019822 0.194733 -0.974503 -0.111459 -0.237365 0.963992 0.119901 0.863472 0.504396 0.000683 -0.976241 -0.216512 0.008761 -0.865963 -0.500105 0.001583 
0.980198 0.196312 -0.025943 0.189880 -0.973698 -0.125925 -0.233522 0.962560 0.137644 0.863314 0.504667 0.000683 -0.976669 -0.214183 0.015622 -0.866003 -0.500038 0.000599 
0.980560 0.193432 -0.032960 0.185240 -0.972355 -0.142168 -0.229939 0.960379 0.157479 0.863311 0.504672 0.000624 -0.976910 -0.212492 0.022236 -0.866214 -0.499673 0.000016 
0.980845 0.190307 -0.041545 0.179699 -0.970509 -0.160689 -0.225977 0.957517 0.179151 0.863242 0.504790 0.000571 -0.976974 -0.211158 0.030552 -0.866449 -0.499266 -0.000516 
0.980982 0.187125 -0.051568 0.173392 -0.968158 -0.180570 -0.221180 0.953902 0.202854 0.863224 0.504821 0.000523 -0.976948 -0.209750 0.039730 -0.866753 -0.498736 -0.000997 
0.980882 0.184188 -0.062813 0.166460 -0.965052 -0.202399 -0.215758 0.949283 0.228713 0.863158 0.504935 0.000467 -0.976679 -0.208743 0.050236 -0.867058 -0.498205 -0.001553 
0.980596 0.181078 -0.075112 0.158431 -0.961253 -0.225593 -0.209649 0.943506 0.256599 0.862980 0.505237 0.000388 -0.976167 -0.208128 0.061486 -0.867365 -0.497668 -0.002123 
0.979868 0.179064 -0.088283 0.150347 -0.956264 -0.250910 -0.203179 0.936540 0.285677 0.862968 0.505258 0.000356 -0.975303 -0.208303 0.073449 -0.867800 -0.496908 -0.002467 
0.978815 0.177114 -0.102721 0.140985 -0.950228 -0.277832 -0.196111 0.928089 0.316530 0.862952 0.505285 0.000327 -0.974066 -0.209256 0.086069 -0.868349 -0.495947 -0.002632 
0.977216 0.176246 -0.118264 0.131070 -0.942669 -0.306914 -0.188134 0.917781 0.349691 0.862919 0.505342 0.000294 -0.972373 -0.211085 0.099667 -0.868893 -0.494992 -0.002776 
0.975062 0.175911 -0.135313 0.119599 -0.933329 -0.338515 -0.180020 0.905231 0.384902 0.862804 0.505538 0.000255 -0.970047 -0.214672 0.113689 -0.869516 -0.493899 -0.002409 
0.972174 0.176873 -0.153604 0.107128 -0.921970 -0.372150 -0.170346 0.890316 0.422280 0.862748 0.505635 0.000222 -0.967172 -0.219093 0.128749 -0.870174 -0.492741 -0.002002 
0.968441 0.178435 -0.174020 0.092320 -0.908469 -0.407628 -0.159454 0.872662 0.461557 0.862655 0.505792 0.000196 -0.963546 -0.225029 0.144713 -0.870923 -0.491417 -0.001166 
0.963945 0.180732 -0.195310 0.075484 -0.892624 -0.444438 -0.145867 0.851883 0.503009 0.862622 0.505850 0.000009 -0.959232 -0.231625 0.161940 -0.871825 -0.489817 -0.000496 
0.958329 0.183104 -0.219269 0.054819 -0.874224 -0.482419 -0.129730 0.827211 0.546710 0.862466 0.506114 -0.000216 -0.953904 -0.239788 0.180470 -0.872885 -0.487926 0.000466 
0.951273 0.187137 -0.245072 0.031845 -0.853160 -0.520677 -0.110212 0.798811 0.591400 0.862324 0.506356 -0.000489 -0.947492 -0.249080 0.200545 -0.874007 -0.485911 0.001426 
0.942313 0.191888 -0.274272 0.004175 -0.829004 -0.559227 -0.087419 0.765212 0.637815 0.862074 0.506782 -0.000825 -0.939654 -0.260635 0.221628 -0.875343 -0.483493 0.003000 
0.930977 0.200008 -0.305416 -0.026022 -0.800996 -0.598104 -0.060923 0.726843 0.684096 0.862088 0.506757 -0.001086 -0.930265 -0.274249 0.243710 -0.876819 -0.480795 0.004964 
-0.062625 -0.768701 -0.636535 -0.030758 0.681333 0.731328 -0.918317 -0.292469 0.266751 -0.878445 -0.477782 0.007717 0.916927 0.209060 -0.339911 0.861553 0.507666 -0.001544 
-0.104217 -0.733617 -0.671524 0.005456 0.629358 0.777096 -0.903353 -0.314293 0.291845 -0.880747 -0.473479 0.010111 0.900099 0.219194 -0.376530 0.860817 0.508910 -0.002038 
-0.156132 -0.697946 -0.698923 0.051255 0.570042 0.820015 -0.883791 -0.340278 0.321130 -0.885860 -0.463792 0.012215 0.879782 0.225038 -0.418738 0.860812 0.508916 -0.002777 
-0.198378 -0.652168 -0.731657 0.083382 0.514342 0.853522 -0.868163 -0.366949 0.334128 -0.890456 -0.454680 0.018822 0.860344 0.243418 -0.447834 0.864052 0.503392 -0.003169 
-0.233688 -0.595580 -0.768553 0.101657 0.458783 0.882714 -0.858978 -0.391687 0.329756 -0.892295 -0.450343 0.031634 0.836132 0.282009 -0.470484 0.870771 0.491675 -0.003544 
-0.250730 -0.523542 -0.814272 0.080604 0.411935 0.907641 -0.858814 -0.419962 0.293377 -0.887495 -0.458317 0.047943 0.811950 0.345865 -0.470229 0.878496 0.477748 -0.000807 
0.886879 0.448484 -0.110943 0.006829 0.401068 0.916023 -0.225231 -0.440155 -0.869215 -0.873017 -0.433857 0.222733 -0.882503 -0.465913 0.064139 
-0.020070 0.383396 0.923366 -0.213420 -0.398355 -0.892057 0.903969 0.424483 -0.051523 0.889515 0.421941 -0.175296 -0.889524 -0.419542 0.180922 -0.822757 -0.415887 0.387440 -0.886186 -0.434630 -0.160535 
0.917260 0.398280 0.002753 -0.010871 0.342502 0.939454 0.890855 0.423907 -0.163340 -0.237163 -0.391124 -0.889256 -0.907351 -0.406973 -0.105290 -0.825702 -0.397722 0.400042 
0.922785 0.378179 0.073813 -0.026263 0.298019 0.954199 0.896208 0.425096 -0.126907 -0.243391 -0.386937 -0.889405 -0.905402 -0.376797 -0.195630 -0.826581 -0.393575 0.402321 
-0.895000 -0.339802 -0.288980 0.921600 0.356833 0.152723 -0.229997 -0.398065 -0.888057 -0.831656 -0.390121 0.395163 -0.052352 0.261871 0.963682 0.904092 0.419120 -0.083398 
-0.085411 0.220908 0.971548 -0.871781 -0.299811 -0.387442 0.910565 0.332665 0.245368 0.910453 0.412358 -0.032191 -0.203745 -0.398093 -0.894433 -0.842337 -0.391103 0.370819 
-0.150156 -0.380571 -0.912479 -0.850833 -0.417566 0.318941 0.882820 0.316988 0.346623 0.906900 0.417833 0.054291 -0.155305 0.167643 0.973538 -0.828966 -0.266268 -0.491851 
-0.071535 -0.343957 -0.936256 -0.859330 -0.453279 0.236832 0.840861 0.298249 0.451665 0.887727 0.427775 0.170147 -0.260045 0.116437 0.958551 -0.768044 -0.234249 -0.596017 
0.018243 -0.299334 -0.953974 -0.859781 -0.490512 0.142035 0.782855 0.275012 0.558127 0.848837 0.435133 0.300225 -0.379484 0.062131 0.923110 -0.686908 -0.197451 -0.699408 
-0.852846 -0.521276 0.030418 0.124048 -0.250622 -0.960104 -0.503054 0.010320 0.864193 -0.586348 -0.153429 -0.795397 0.789712 0.433836 0.433752 0.706248 0.243514 0.664767 
-0.832430 -0.551094 -0.057922 0.712903 0.429075 0.554675 -0.612044 -0.045539 0.789511 -0.482651 -0.103602 -0.869663 0.198698 -0.191202 -0.961229 0.632652 0.206338 0.746442 
-0.806870 -0.570739 -0.152373 -0.578370 -0.073906 -0.812420 0.630812 0.421214 0.651656 0.279692 -0.133966 -0.950697 0.553395 0.159114 0.817580 
-0.770628 -0.587242 -0.247546 -0.477488 -0.011902 -0.878558 0.540621 0.390861 0.744954 0.362234 -0.076345 -0.928955 0.460110 0.104139 0.881733 
-0.722384 -0.593977 -0.354053 0.435357 0.336449 0.835025 -0.224124 0.050543 -0.973249 -0.437416 0.026398 0.898872 0.302938 -0.013847 0.952910 0.835362 0.188072 -0.516527 
-0.662075 -0.594477 -0.456349 0.185430 -0.089651 0.978559 -0.525847 -0.036517 0.849795 0.322560 0.265513 0.908547 0.892403 0.229305 -0.388634 
0.020625 0.209578 -0.977574 0.937919 0.250038 -0.240392 0.188617 0.199532 0.961567 -0.620870 -0.086671 0.779107 -0.588569 -0.585738 -0.557223 
0.234738 0.442477 -0.865513 0.962495 0.260651 -0.075261 -0.716621 -0.124310 0.686296 -0.497255 -0.575166 -0.649555 
0.350726 0.513374 -0.783223 -0.804105 -0.166508 0.570693 -0.362177 -0.426283 0.828922 0.962130 0.251794 0.104430 
-0.476412 -0.496778 0.725427 -0.879757 -0.202235 0.430266 0.289441 0.049678 -0.955906 0.929945 0.219707 0.294841 0.243870 0.537534 0.807208 0.314108 0.326023 -0.891653 
-0.574309 -0.559209 0.597875 -0.932810 -0.231891 0.275848 0.857432 0.171163 0.485298 0.451305 0.135267 -0.882058 0.104643 0.498785 0.860386 0.443219 0.398162 -0.803134 
-0.051249 0.465543 0.883540 0.560602 0.463470 -0.686237 -0.648713 -0.612380 0.451843 -0.961636 -0.253442 0.104993 0.766495 0.113250 0.632186 0.589234 0.209490 -0.780332 
-0.187717 0.416468 0.889560 0.652596 0.530433 -0.541073 -0.695824 -0.659548 0.284297 -0.962490 -0.266417 -0.051331 0.661801 0.065658 0.746799 0.695996 0.271619 -0.664690 
-0.296719 0.394183 0.869815 0.708425 0.577570 -0.405644 -0.709391 -0.691373 0.136991 -0.945995 -0.276072 -0.169935 0.558917 0.038568 0.828326 0.771180 0.309313 -0.556423 
-0.698333 -0.714894 0.035455 0.730788 0.610150 -0.306049 -0.404138 0.385548 0.829473 -0.913841 -0.294884 -0.279173 0.464323 -0.004891 0.885652 0.824318 0.342808 -0.450536 
-0.677253 -0.735172 -0.029166 0.737884 0.631857 -0.237244 -0.493813 0.400574 0.771809 -0.875455 -0.318098 -0.363859 0.381506 -0.038194 0.923577 0.858073 0.367504 -0.358680 
-0.646788 -0.759560 -0.068804 -0.562829 0.435927 0.702276 -0.836823 -0.358107 -0.414110 0.734110 0.651586 -0.191099 0.303811 -0.038951 0.951936 0.876378 0.390007 -0.282589 
-0.618480 -0.774182 -0.134626 -0.596841 0.457536 0.659122 -0.816072 -0.355474 -0.455702 0.736237 0.667428 -0.111781 0.246020 -0.046184 0.968164 0.875859 0.429180 -0.220626 
-0.620995 -0.777023 -0.102956 -0.627693 0.482958 0.610535 -0.793304 -0.370455 -0.483147 0.734227 0.664881 -0.137274 0.248171 -0.113337 0.962063 0.879875 0.433557 -0.194547 
-0.615917 -0.782822 -0.088528 -0.636268 0.512933 0.576249 -0.786192 -0.387521 -0.481383 0.730297 0.667133 -0.146971 0.254585 -0.138709 0.957051 0.879843 0.435791 -0.189637 
-0.600747 -0.793725 -0.095412 -0.648881 0.519222 0.556203 -0.775811 -0.404188 -0.484510 0.720153 0.680155 -0.137000 0.252399 -0.152039 0.955604 0.875283 0.449483 -0.178449 
-0.583860 -0.803017 -0.119459 -0.659679 0.503407 0.558037 -0.767030 -0.413646 -0.490472 0.706956 0.697614 -0.116391 0.244258 -0.165640 0.955459 0.872593 0.460812 -0.161967 
-0.571689 -0.810025 -0.130503 0.693823 0.711762 -0.109565 -0.672275 0.484503 0.559735 -0.756255 -0.424819 -0.497602 0.245626 -0.185955 0.951361 0.871381 0.466235 -0.152708 
-0.557273 -0.817634 -0.144645 0.679509 0.727053 -0.098289 -0.679853 0.464460 0.567518 -0.749367 -0.433557 -0.500478 0.250049 -0.191966 0.949012 0.868132 0.472461 -0.152078 
-0.539158 -0.827944 -0.154330 0.661717 0.744459 -0.088949 -0.686881 0.441336 0.577423 -0.742096 -0.447250 -0.499261 0.259267 -0.182247 0.948455 0.860334 0.483577 -0.161178 
-0.521291 -0.840610 -0.147071 0.642796 0.760424 -0.092571 -0.700184 0.419058 0.578042 -0.728270 -0.464803 -0.503568 0.272697 -0.167302 0.947442 0.850730 0.495128 -0.176370 
-0.504662 -0.854800 -0.120966 0.623813 0.773167 -0.114322 -0.716841 0.403774 0.568423 -0.710081 -0.492132 -0.503578 0.286847 -0.146467 0.946713 0.840625 0.505097 -0.195515 
-0.488808 -0.869435 -0.071769 0.603879 0.781936 -0.154617 -0.741787 0.389629 0.545841 -0.681977 -0.528800 -0.505251 0.304398 -0.122200 0.944674 0.828423 0.515401 -0.219265 
-0.474707 -0.878238 -0.057893 0.589055 0.792333 -0.158814 -0.753653 0.370611 0.542821 -0.667219 -0.539159 -0.513933 0.319853 -0.104372 0.941701 0.817149 0.524800 -0.238439 
-0.464825 -0.884799 -0.032703 0.576956 0.798653 -0.171101 -0.767580 0.352552 0.535283 -0.650320 -0.546511 -0.527645 0.340438 -0.093493 0.935607 0.804828 0.534183 -0.258652 
-0.460852 -0.887477 0.000491 0.568459 0.799552 -0.193833 -0.780178 0.339656 0.525315 -0.634792 -0.553651 -0.538990 0.361991 -0.097203 0.927100 0.795347 0.541111 -0.273170 
-0.458821 -0.887083 0.050662 0.559675 0.796972 -0.227154 -0.797147 0.324275 0.509316 -0.613871 -0.558302 -0.558087 0.392383 -0.107112 0.913544 0.784393 0.547010 -0.292417 
-0.457979 -0.882809 0.104414 0.551832 0.791176 -0.263670 -0.811161 0.313655 0.493597 -0.596154 -0.560649 -0.574694 0.423041 -0.120320 0.898087 0.774909 0.550097 -0.311301 
-0.453957 -0.875712 0.164477 0.541659 0.784683 -0.301460 -0.826626 0.301125 0.475408 -0.575754 -0.559843 -0.595889 0.457402 -0.131319 0.879510 0.762728 0.553541 -0.334423 
-0.449552 -0.867043 0.214799 0.534566 0.777138 -0.332107 -0.838773 0.293641 0.458513 -0.559404 -0.555889 -0.614861 0.483027 -0.132785 0.865478 0.752272 0.554731 -0.355472 
-0.441872 -0.857482 0.263578 0.526765 0.770214 -0.359567 -0.851953 0.283935 0.439951 -0.540561 -0.547635 -0.638663 0.506725 -0.124006 0.853142 0.740087 0.554894 -0.379954 
-0.434302 -0.847477 0.305229 0.520376 0.762876 -0.383705 -0.863279 0.276543 0.422224 -0.523295 -0.539698 -0.659460 0.523121 -0.109376 0.845211 0.730614 0.551901 -0.402005 
-0.423792 -0.834723 0.351621 0.512035 0.754328 -0.410865 -0.877290 0.266950 0.398873 -0.500041 -0.530974 -0.684124 0.538108 -0.088137 0.838255 0.720500 0.546845 -0.426428 
-0.413848 -0.822513 0.390131 0.504411 0.746055 -0.434708 -0.888231 0.259623 0.379001 -0.480367 -0.523461 -0.703730 0.548065 -0.065394 0.833875 0.713136 0.539245 -0.447941 
-0.401060 -0.807190 0.433121 0.494481 0.736542 -0.461514 -0.901119 0.251726 0.353014 -0.455123 -0.513198 -0.727662 0.558059 -0.039637 0.828854 0.705262 0.529726 -0.471164 
-0.388572 -0.791928 0.471022 0.485188 0.726395 -0.486768 -0.911844 0.247537 0.327516 -0.431911 -0.505921 -0.746657 0.564760 -0.011992 0.825168 0.697906 0.520596 -0.491840 
-0.374977 -0.774845 0.508929 0.475304 0.715438 -0.512088 -0.923379 0.246140 0.294595 -0.403636 -0.497399 -0.767901 0.570523 0.017454 0.821096 0.689643 0.512174 -0.511928 
-0.367397 -0.764539 0.529621 0.472384 0.706981 -0.526338 -0.931014 0.249198 0.266671 -0.381826 -0.494187 -0.781018 0.566887 0.048276 0.822380 0.682994 0.510319 -0.522583 
-0.369476 -0.763133 0.530204 -0.938776 0.253644 0.233161 -0.356499 -0.497836 -0.790612 0.335662 0.503637 0.796041 0.398196 0.579419 -0.711135 0.544680 0.079645 0.834854 0.680738 0.520641 -0.515295 
-0.375680 -0.765992 0.521652 -0.946042 0.259937 0.193488 -0.326266 -0.495812 -0.804811 0.305257 0.501753 0.809359 0.418415 0.581558 -0.697653 0.519430 0.098092 0.848864 0.677968 0.540300 -0.498432 
-0.954036 0.260653 0.147905 -0.382799 -0.774417 0.503729 -0.286936 -0.491276 -0.822384 0.265738 0.497232 0.825920 0.442339 0.589026 -0.676303 0.480533 0.116492 0.869205 0.675315 0.568253 -0.470146 
-0.961793 0.255754 0.097694 -0.389296 -0.783297 0.484659 -0.237561 -0.475818 -0.846854 0.216176 0.481660 0.849277 0.464058 0.599432 -0.652175 0.441879 0.124307 0.888420 0.672946 0.595864 -0.438280 
-0.970254 0.241351 0.018895 -0.423573 -0.860125 0.284202 0.131331 0.451575 0.882515 0.495493 0.614757 -0.613646 0.380858 0.103735 0.918796 0.677748 0.634206 -0.372075 
-0.973445 0.225178 -0.041235 -0.429826 -0.878511 0.208492 0.055701 0.400460 0.914620 0.535164 0.646711 -0.543474 0.296288 0.082346 0.951542 0.687181 0.665895 -0.290457 
-0.967365 0.221489 -0.123072 -0.433990 -0.895342 0.100072 -0.043957 0.324992 0.944695 0.581535 0.684412 -0.439770 0.183986 0.029917 0.982474 0.694397 0.699320 -0.169598 
-0.944455 0.249178 -0.214280 -0.433688 -0.900934 -0.015242 -0.155041 0.231233 0.960465 0.623478 0.715520 -0.315128 0.685281 0.727278 -0.038177 
-0.931435 0.263616 -0.250868 -0.423629 -0.904080 0.056369 -0.204187 0.186410 0.961020 0.657925 0.753014 0.010212 0.665790 0.745586 0.028734 
-0.422601 -0.906311 0.003138 -0.243950 0.143996 0.959038 -0.917964 0.283099 -0.277845 0.649755 0.756684 0.072445 0.653897 0.753717 0.065800 
-0.434076 -0.900852 0.006645 0.656770 0.750179 0.076717 -0.288684 0.121319 0.949707 -0.896790 0.311480 -0.314243 
-0.440658 -0.897655 0.005984 0.657568 0.748925 0.081946 -0.308611 0.126570 0.942730 -0.880759 0.334605 -0.335116 
-0.443489 -0.896261 0.005750 0.655889 0.750074 0.084846 0.184121 -0.009744 -0.982855 -0.320448 0.132625 0.937936 -0.869096 0.351078 -0.348449 
-0.446166 -0.894946 0.002869 0.653978 0.751554 0.086479 0.205767 -0.038910 -0.977827 -0.316502 0.140459 0.938135 -0.865409 0.360658 -0.347841 
-0.447536 -0.894257 -0.004009 0.647742 0.756799 0.087664 0.236491 -0.089870 -0.967468 -0.300830 0.147670 0.942175 -0.866093 0.369786 -0.336364 
-0.440559 -0.897697 -0.006953 0.632421 0.769933 0.085127 0.269055 -0.134571 -0.953677 -0.292560 0.150846 0.944274 -0.863726 0.380651 -0.330277 
-0.435215 -0.900261 -0.010877 0.621044 0.779006 0.086334 0.285956 -0.155391 -0.945560 -0.855255 0.403080 -0.325678 -0.279377 0.131222 0.951173 
-0.436670 -0.899483 -0.015825 0.617093 0.781889 0.088575 0.301189 -0.176680 -0.937053 -0.845357 0.424388 -0.324447 -0.282658 0.122044 0.951425 
-0.437205 -0.899013 -0.025047 0.613224 0.784266 0.094257 0.322938 -0.182651 -0.928628 -0.839392 0.440443 -0.318481 -0.280584 0.113683 0.953073 
-0.437566 -0.898207 -0.041951 0.609305 0.785916 0.105281 0.339776 -0.188525 -0.921418 -0.836790 0.455849 -0.303288 -0.272120 0.098001 0.957260 
-0.438490 -0.896383 -0.064997 0.605764 0.786370 0.121133 0.352118 -0.191676 -0.916119 -0.833066 0.475891 -0.282008 -0.261632 0.074535 0.962285 
-0.441317 -0.893211 -0.086102 0.603709 0.785571 0.135698 0.366168 -0.197763 -0.909291 -0.826863 0.497335 -0.262594 -0.253212 0.052959 0.965960 
-0.818741 0.516817 -0.250125 0.371582 -0.200626 -0.906463 0.604256 0.783088 0.147132 -0.252207 0.033773 0.967084 -0.445080 -0.889738 -0.101342 
-0.812018 0.531517 -0.241071 0.373610 -0.199917 -0.905786 0.604218 0.781562 0.155184 -0.254431 0.016100 0.966957 -0.446805 -0.887625 -0.111750 
-0.808943 0.538466 -0.235938 0.377672 -0.201860 -0.903668 0.602083 0.782856 0.156949 -0.255149 0.007015 0.966876 -0.445747 -0.887744 -0.114982 
-0.810404 0.538125 -0.231659 0.376817 -0.208304 -0.902562 0.595703 0.788586 0.152542 -0.256034 -0.002787 0.966664 -0.439645 -0.891180 -0.111848 
-0.809582 0.538534 -0.233577 0.375087 -0.216974 -0.901239 0.590960 0.793732 0.144068 -0.260958 -0.006936 0.965325 -0.435016 -0.894505 -0.103059 
-0.807607 0.539617 -0.237874 0.585569 0.799603 0.133208 0.373044 -0.228819 -0.899155 -0.270002 -0.012940 0.962773 -0.429728 -0.898327 -0.091340 
-0.805040 0.540210 -0.245120 0.581226 0.804673 0.121150 0.371064 -0.240011 -0.897054 -0.279890 -0.014758 0.959919 -0.425256 -0.901737 -0.077642 
-0.802662 0.539029 -0.255305 0.575978 0.810306 0.107955 0.366867 -0.250998 -0.895773 -0.295310 -0.020625 0.955179 -0.419140 -0.905815 -0.061821 
-0.799220 0.536621 -0.270713 0.573418 0.813838 0.094124 0.360956 -0.260013 -0.895603 -0.314221 -0.022639 0.949080 -0.414979 -0.908780 -0.043723 
-0.792408 0.532158 -0.298158 0.571220 0.816883 0.080064 0.358691 -0.266342 -0.894652 -0.345362 -0.022324 0.938204 -0.410639 -0.911530 -0.022111 
-0.785406 0.526578 -0.325350 0.566260 0.821454 0.067541 0.361095 -0.268606 -0.893007 -0.372434 -0.016255 0.927916 -0.403902 -0.914799 -0.002295 
-0.775703 0.516805 -0.362212 0.559806 0.827358 0.045794 0.356357 -0.274003 -0.893270 -0.409818 -0.010578 0.912106 -0.388592 -0.910053 0.144218 -0.394838 -0.918749 -0.002044 
-0.769513 0.513574 -0.379593 0.551952 0.833436 0.027088 -0.430465 -0.012861 0.902516 -0.388539 -0.921125 0.023792 0.345944 -0.276936 -0.896454 -0.363358 -0.917252 0.163158 
-0.764731 0.518543 -0.382491 0.546267 0.837562 0.009065 -0.423875 0.008332 0.905683 -0.385660 -0.921652 0.042703 0.331565 -0.279058 -0.901216 -0.338828 -0.923248 0.181133 
-0.761349 0.523803 -0.382072 0.543217 0.839530 -0.010253 -0.403238 0.046268 0.913925 -0.384859 -0.920908 0.061739 0.314188 -0.282080 -0.906486 -0.319503 -0.926785 0.197453 
-0.757687 0.528722 -0.382573 0.540551 0.840738 -0.031042 -0.389416 0.072406 0.918212 -0.383719 -0.919794 0.082082 0.294560 -0.290350 -0.910457 -0.301411 -0.928192 0.218200 
-0.755890 0.537711 -0.373493 0.539455 0.840408 -0.051984 -0.341257 0.133213 0.930482 -0.386449 -0.917069 0.098195 0.277327 -0.298599 -0.913197 -0.285712 -0.928664 0.236540 
-0.752511 0.543791 -0.371508 0.538400 0.839474 -0.073542 -0.322772 0.157895 0.933214 -0.386486 -0.914750 0.117730 0.256770 -0.312348 -0.914608 -0.273918 -0.926214 0.259031 
0.540223 0.836201 -0.094484 -0.391527 -0.910147 0.135420 -0.747905 0.551588 -0.369308 -0.285566 0.232150 0.929816 0.237409 -0.321075 -0.916814 -0.265008 -0.924305 0.274647 
0.541305 0.832671 -0.116824 -0.392719 -0.906198 0.156774 -0.745320 0.555929 -0.368023 -0.265117 0.256673 0.929425 0.213843 -0.334698 -0.917741 -0.257104 -0.920182 0.295235 
0.543198 0.828440 -0.136467 -0.394849 -0.901824 0.175519 -0.743787 0.559503 -0.365702 -0.238621 0.286187 0.927985 0.193141 -0.345779 -0.918223 -0.252180 -0.916171 0.311506 
0.544954 0.823619 -0.157087 -0.397932 -0.896644 0.194113 -0.741939 0.565143 -0.360750 -0.199769 0.324738 0.924466 0.172191 -0.357658 -0.917840 -0.246340 -0.911768 0.328628 
0.548495 0.817224 -0.176912 -0.405401 -0.889126 0.212381 -0.738173 0.575105 -0.352640 -0.128739 0.390611 0.911509 0.152526 -0.364392 -0.918670 -0.241874 -0.908838 0.339869 
0.550913 0.810504 -0.198942 -0.409767 -0.881623 0.234163 -0.733661 0.582940 -0.349175 -0.080300 0.433541 0.897549 0.128708 -0.373783 -0.918543 -0.236116 -0.904711 0.354607 
0.553298 0.803835 -0.218426 -0.412712 -0.874726 0.254015 -0.729592 0.588570 -0.348254 -0.048921 0.460722 0.886195 0.106424 -0.382467 -0.917820 -0.232332 -0.900405 0.367822 
0.554067 0.797721 -0.238015 -0.413872 -0.868385 0.273161 -0.726837 0.592549 -0.347267 -0.022486 0.482576 0.875565 0.085513 -0.393517 -0.915332 -0.226990 -0.895296 0.383302 
