0.000608 0.000132 1.000000 0.000018 -0.000084 1.000000 0.000041 -0.000161 1.000000 0.000010 0.000006 1.000000 0.000562 0.000129 1.000000 0.000008 0.000005 1.000000 
0.000568 0.000124 1.000000 0.000005 -0.000024 1.000000 0.000004 -0.000016 1.000000 0.000005 0.000003 1.000000 0.000547 0.000126 1.000000 0.000013 0.000008 1.000000 
0.000510 0.000113 1.000000 0.000019 -0.000087 1.000000 -0.000008 0.000031 1.000000 0.000002 0.000001 1.000000 0.000520 0.000120 1.000000 0.000023 0.000013 1.000000 
0.000462 0.000101 1.000000 0.000012 -0.000057 1.000000 -0.000014 0.000054 1.000000 0.000006 0.000003 1.000000 0.000491 0.000113 1.000000 0.000019 0.000011 1.000000 
0.001355 0.000294 0.999999 -0.000207 0.000962 1.000000 -0.000018 0.000070 1.000000 -0.000085 -0.000050 1.000000 0.000457 0.000105 1.000000 0.000016 0.000009 1.000000 
0.001788 0.000381 0.999998 -0.000289 0.001369 0.999999 -0.000002 0.000008 1.000000 -0.000261 -0.000152 1.000000 0.000160 0.000037 1.000000 -0.000027 -0.000015 1.000000 
0.001608 0.000341 0.999999 -0.000262 0.001244 0.999999 -0.000004 0.000015 1.000000 -0.000234 -0.000136 1.000000 0.000148 0.000034 1.000000 -0.000026 -0.000015 1.000000 
0.002365 0.000498 0.999997 -0.000207 0.000991 0.999999 0.000143 -0.000567 1.000000 -0.000415 -0.000240 1.000000 0.000070 0.000016 1.000000 -0.000013 -0.000007 1.000000 
0.002104 0.000445 0.999998 -0.000182 0.000868 1.000000 0.000128 -0.000504 1.000000 -0.000400 -0.000232 1.000000 -0.000169 -0.000038 1.000000 0.000034 0.000020 1.000000 
0.001891 0.000400 0.999998 -0.000167 0.000795 1.000000 0.000118 -0.000466 1.000000 -0.000357 -0.000207 1.000000 -0.000144 -0.000033 1.000000 0.000025 0.000014 1.000000 
0.002865 0.000610 0.999996 -0.000197 0.000936 1.000000 0.000142 -0.000563 1.000000 -0.000550 -0.000318 1.000000 -0.000028 -0.000006 1.000000 0.000052 0.000030 1.000000 
0.002562 0.000548 0.999997 -0.000171 0.000805 1.000000 0.000129 -0.000511 1.000000 -0.000500 -0.000289 1.000000 -0.000022 -0.000005 1.000000 0.000043 0.000024 1.000000 
0.002297 0.000497 0.999997 -0.000149 0.000696 1.000000 0.000114 -0.000453 1.000000 -0.000455 -0.000264 1.000000 -0.000018 -0.000004 1.000000 0.000037 0.000021 1.000000 
0.002061 0.000449 0.999998 -0.000130 0.000601 1.000000 0.000126 -0.000497 1.000000 -0.000410 -0.000237 1.000000 -0.000036 -0.000008 1.000000 0.000025 0.000014 1.000000 
0.001870 0.000411 0.999998 -0.000116 0.000531 1.000000 0.000320 -0.001266 0.999999 -0.000299 -0.000173 1.000000 -0.000035 -0.000008 1.000000 -0.000066 -0.000038 1.000000 
0.001657 0.000365 0.999999 -0.000106 0.000487 1.000000 -0.000155 0.000611 1.000000 0.000086 0.000050 1.000000 0.001638 0.000373 0.999999 0.000117 0.000067 1.000000 
0.002092 0.000461 0.999998 0.000066 -0.000300 1.000000 -0.000047 0.000187 1.000000 -0.000253 -0.000147 1.000000 0.000560 0.000128 1.000000 0.000326 0.000188 1.000000 
0.003060 0.000675 0.999995 0.000146 -0.000666 1.000000 -0.000027 0.000106 1.000000 -0.000611 -0.000353 1.000000 0.000109 0.000025 1.000000 0.000471 0.000271 1.000000 
0.002746 0.000606 0.999996 0.000105 -0.000482 1.000000 -0.000010 0.000039 1.000000 -0.000534 -0.000309 1.000000 0.000087 0.000020 1.000000 0.000405 0.000233 1.000000 
0.003512 0.000774 0.999994 -0.000008 0.000036 1.000000 0.000001 -0.000006 1.000000 -0.000765 -0.000443 1.000000 -0.000346 -0.000079 1.000000 0.000436 0.000251 1.000000 
0.003959 0.000872 0.999992 -0.000081 0.000371 1.000000 0.000016 -0.000061 1.000000 -0.000863 -0.000499 1.000000 -0.000320 -0.000073 1.000000 0.000390 0.000224 1.000000 
0.003585 0.000790 0.999993 -0.000079 0.000362 1.000000 0.000019 -0.000077 1.000000 -0.000777 -0.000450 1.000000 -0.000293 -0.000067 1.000000 0.000350 0.000201 1.000000 
0.003252 0.000716 0.999994 -0.000078 0.000358 1.000000 0.000023 -0.000091 1.000000 -0.000698 -0.000404 1.000000 -0.000268 -0.000061 1.000000 0.000314 0.000181 1.000000 
0.002960 0.000651 0.999995 -0.000079 0.000362 1.000000 0.000028 -0.000109 1.000000 -0.000627 -0.000363 1.000000 -0.000249 -0.000057 1.000000 0.000283 0.000163 1.000000 
0.002701 0.000594 0.999996 -0.000083 0.000379 1.000000 0.000026 -0.000104 1.000000 -0.000557 -0.000322 1.000000 -0.000209 -0.000048 1.000000 0.000257 0.000148 1.000000 
0.002466 0.000542 0.999997 -0.000084 0.000384 1.000000 0.000032 -0.000126 1.000000 -0.000499 -0.000289 1.000000 -0.000198 -0.000045 1.000000 0.000233 0.000134 1.000000 
0.002256 0.000496 0.999997 -0.000086 0.000396 1.000000 0.000038 -0.000151 1.000000 -0.000445 -0.000258 1.000000 -0.000191 -0.000044 1.000000 0.000211 0.000121 1.000000 
0.003299 0.000725 0.999994 0.000151 -0.000691 1.000000 0.000182 -0.000716 1.000000 -0.000789 -0.000457 1.000000 -0.000162 -0.000037 1.000000 0.000289 0.000166 1.000000 
0.003724 0.000818 0.999993 0.000038 -0.000173 1.000000 0.000298 -0.001173 0.999999 -0.000827 -0.000478 1.000000 -0.000130 -0.000030 1.000000 0.000177 0.000102 1.000000 
0.003354 0.000737 0.999994 0.000018 -0.000084 1.000000 0.000284 -0.001118 0.999999 -0.000739 -0.000428 1.000000 -0.000136 -0.000031 1.000000 0.000144 0.000083 1.000000 
0.003034 0.000667 0.999995 0.000004 -0.000017 1.000000 0.000274 -0.001078 0.999999 -0.000661 -0.000382 1.000000 -0.000146 -0.000033 1.000000 0.000120 0.000069 1.000000 
0.002781 0.000611 0.999996 -0.000013 0.000057 1.000000 0.000465 -0.001830 0.999998 -0.000306 -0.000177 1.000000 0.000770 0.000176 1.000000 -0.000058 -0.000034 1.000000 
0.002550 0.000560 0.999997 -0.000029 0.000135 1.000000 0.000444 -0.001747 0.999998 -0.000265 -0.000153 1.000000 0.000661 0.000151 1.000000 -0.000054 -0.000031 1.000000 
0.003403 0.000747 0.999994 -0.000257 0.001182 0.999999 0.000411 -0.001619 0.999999 -0.000377 -0.000218 1.000000 0.000559 0.000128 1.000000 -0.000053 -0.000030 1.000000 
0.003728 0.000818 0.999993 -0.000387 0.001781 0.999998 0.000135 -0.000530 1.000000 -0.000747 -0.000433 1.000000 -0.001304 -0.000298 0.999999 0.000363 0.000209 1.000000 
0.003414 0.000749 0.999994 -0.000364 0.001673 0.999999 0.000056 -0.000221 1.000000 -0.000694 -0.000401 1.000000 -0.001178 -0.000270 0.999999 0.000363 0.000209 1.000000 
0.003129 0.000686 0.999995 -0.000343 0.001578 0.999999 0.000062 -0.000244 1.000000 -0.000620 -0.000359 1.000000 -0.001084 -0.000248 0.999999 0.000332 0.000191 1.000000 
0.004106 0.000900 0.999991 -0.000419 0.001925 0.999998 0.000216 -0.000847 1.000000 -0.000766 -0.000443 1.000000 -0.000993 -0.000227 0.999999 0.000271 0.000156 1.000000 
0.003934 0.000862 0.999992 -0.000391 0.001797 0.999998 0.000212 -0.000831 1.000000 -0.000684 -0.000396 1.000000 -0.000928 -0.000213 1.000000 0.000309 0.000178 1.000000 
0.003862 0.000847 0.999992 -0.000348 0.001600 0.999999 0.000203 -0.000797 1.000000 -0.000615 -0.000356 1.000000 -0.000855 -0.000196 1.000000 0.000380 0.000218 1.000000 
0.003905 0.000856 0.999992 -0.000326 0.001500 0.999999 0.000196 -0.000769 1.000000 -0.000546 -0.000316 1.000000 -0.000791 -0.000181 1.000000 0.000469 0.000270 1.000000 
0.003962 0.000869 0.999992 -0.000307 0.001412 0.999999 0.000133 -0.000524 1.000000 -0.000501 -0.000290 1.000000 -0.000719 -0.000165 1.000000 0.000578 0.000332 1.000000 
0.004012 0.000880 0.999992 -0.000291 0.001339 0.999999 0.000133 -0.000522 1.000000 -0.000442 -0.000256 1.000000 -0.000669 -0.000153 1.000000 0.000652 0.000375 1.000000 
0.003835 0.000840 0.999992 -0.000230 0.001061 0.999999 0.000173 -0.000679 1.000000 -0.000436 -0.000252 1.000000 -0.001008 -0.000231 0.999999 0.000734 0.000422 1.000000 
0.003906 0.000856 0.999992 -0.000223 0.001024 0.999999 0.000170 -0.000668 1.000000 -0.000384 -0.000222 1.000000 -0.000935 -0.000215 1.000000 0.000796 0.000458 1.000000 
0.003971 0.000870 0.999992 -0.000217 0.001000 0.999999 0.000168 -0.000659 1.000000 -0.000335 -0.000194 1.000000 -0.000869 -0.000199 1.000000 0.000851 0.000489 1.000000 
0.004031 0.000883 0.999991 -0.000210 0.000967 1.000000 0.000167 -0.000655 1.000000 -0.000291 -0.000169 1.000000 -0.000801 -0.000184 1.000000 0.000901 0.000518 0.999999 
0.004020 0.000881 0.999992 -0.000199 0.000914 1.000000 0.000007 -0.000027 1.000000 -0.000366 -0.000212 1.000000 -0.001193 -0.000274 0.999999 0.001084 0.000623 0.999999 
0.004111 0.000901 0.999991 -0.000187 0.000862 1.000000 0.000018 -0.000072 1.000000 -0.000319 -0.000185 1.000000 -0.001087 -0.000250 0.999999 0.001128 0.000648 0.999999 
0.004009 0.000878 0.999992 -0.000189 0.000870 1.000000 0.000034 -0.000132 1.000000 -0.000229 -0.000132 1.000000 -0.000910 -0.000209 1.000000 0.001118 0.000642 0.999999 
0.004007 0.000877 0.999992 -0.000177 0.000815 1.000000 0.000030 -0.000117 1.000000 -0.000189 -0.000110 1.000000 -0.000820 -0.000188 1.000000 0.001143 0.000657 0.999999 
0.004062 0.000889 0.999991 -0.000167 0.000767 1.000000 0.000041 -0.000159 1.000000 -0.000163 -0.000094 1.000000 -0.000759 -0.000174 1.000000 0.001169 0.000672 0.999999 
0.004103 0.000899 0.999991 -0.000158 0.000729 1.000000 0.000050 -0.000197 1.000000 -0.000142 -0.000082 1.000000 -0.000714 -0.000164 1.000000 0.001189 0.000684 0.999999 
0.004141 0.000907 0.999991 -0.000150 0.000690 1.000000 0.000060 -0.000234 1.000000 -0.000122 -0.000071 1.000000 -0.000674 -0.000155 1.000000 0.001208 0.000694 0.999999 
0.004180 0.000915 0.999991 -0.000140 0.000645 1.000000 0.000046 -0.000182 1.000000 -0.000112 -0.000065 1.000000 -0.000629 -0.000145 1.000000 0.001236 0.000710 0.999999 
0.004101 0.000898 0.999991 -0.000140 0.000647 1.000000 0.000055 -0.000215 1.000000 -0.000075 -0.000044 1.000000 -0.000593 -0.000136 1.000000 0.001230 0.000707 0.999999 
0.004127 0.000904 0.999991 -0.000134 0.000616 1.000000 0.000062 -0.000244 1.000000 -0.000063 -0.000036 1.000000 -0.000563 -0.000129 1.000000 0.001242 0.000714 0.999999 
0.004152 0.000909 0.999991 -0.000126 0.000582 1.000000 0.000071 -0.000277 1.000000 -0.000052 -0.000030 1.000000 -0.000537 -0.000123 1.000000 0.001253 0.000720 0.999999 
0.004173 0.000914 0.999991 -0.000120 0.000552 1.000000 0.000078 -0.000307 1.000000 -0.000043 -0.000025 1.000000 -0.000515 -0.000118 1.000000 0.001262 0.000725 0.999999 
0.004194 0.000918 0.999991 -0.000114 0.000524 1.000000 0.000085 -0.000333 1.000000 -0.000034 -0.000020 1.000000 -0.000493 -0.000113 1.000000 0.001271 0.000731 0.999999 
0.004212 0.000922 0.999991 -0.000108 0.000498 1.000000 0.000092 -0.000358 1.000000 -0.000026 -0.000015 1.000000 -0.000475 -0.000109 1.000000 0.001279 0.000735 0.999999 
0.004228 0.000926 0.999991 -0.000103 0.000477 1.000000 0.000096 -0.000377 1.000000 -0.000018 -0.000011 1.000000 -0.000456 -0.000105 1.000000 0.001286 0.000739 0.999999 
0.004145 0.000907 0.999991 -0.000104 0.000480 1.000000 0.000100 -0.000393 1.000000 0.000005 0.000003 1.000000 -0.000436 -0.000100 1.000000 0.001274 0.000732 0.999999 
0.004155 0.000909 0.999991 -0.000099 0.000457 1.000000 0.000105 -0.000411 1.000000 0.000011 0.000006 1.000000 -0.000419 -0.000096 1.000000 0.001279 0.000735 0.999999 
0.004167 0.000912 0.999991 -0.000095 0.000435 1.000000 0.000110 -0.000429 1.000000 0.000015 0.000009 1.000000 -0.000407 -0.000094 1.000000 0.001283 0.000737 0.999999 
0.004177 0.000914 0.999991 -0.000090 0.000415 1.000000 0.000114 -0.000447 1.000000 0.000018 0.000010 1.000000 -0.000396 -0.000091 1.000000 0.001286 0.000739 0.999999 
0.004186 0.000916 0.999991 -0.000087 0.000400 1.000000 0.000118 -0.000461 1.000000 0.000021 0.000012 1.000000 -0.000386 -0.000089 1.000000 0.001289 0.000741 0.999999 
0.004196 0.000918 0.999991 -0.000082 0.000380 1.000000 0.000027 -0.000105 1.000000 -0.000006 -0.000003 1.000000 -0.000348 -0.000080 1.000000 0.001330 0.000764 0.999999 
0.004173 0.000913 0.999991 -0.000076 0.000348 1.000000 0.000034 -0.000133 1.000000 0.000007 0.000004 1.000000 -0.000323 -0.000074 1.000000 0.001329 0.000764 0.999999 
0.004161 0.000910 0.999991 -0.000070 0.000321 1.000000 0.000041 -0.000161 1.000000 0.000016 0.000009 1.000000 -0.000305 -0.000070 1.000000 0.001328 0.000763 0.999999 
0.004127 0.000903 0.999991 -0.000066 0.000303 1.000000 0.000046 -0.000181 1.000000 0.000025 0.000014 1.000000 -0.000293 -0.000067 1.000000 0.001322 0.000760 0.999999 
0.004136 0.000905 0.999991 -0.000061 0.000281 1.000000 0.000052 -0.000202 1.000000 0.000026 0.000015 1.000000 -0.000284 -0.000065 1.000000 0.001323 0.000760 0.999999 
0.004120 0.000901 0.999991 -0.000059 0.000271 1.000000 0.000056 -0.000220 1.000000 0.000032 0.000018 1.000000 -0.000274 -0.000063 1.000000 0.001320 0.000758 0.999999 
0.004114 0.000900 0.999991 -0.000048 0.000222 1.000000 0.000060 -0.000235 1.000000 0.000029 0.000017 1.000000 -0.000267 -0.000062 1.000000 0.001320 0.000758 0.999999 
0.004029 0.000881 0.999991 -0.000050 0.000228 1.000000 0.000065 -0.000252 1.000000 0.000046 0.000027 1.000000 -0.000263 -0.000061 1.000000 0.001304 0.000750 0.999999 
0.003995 0.000873 0.999992 -0.000029 0.000132 1.000000 0.000068 -0.000264 1.000000 0.000039 0.000022 1.000000 -0.000259 -0.000060 1.000000 0.001302 0.000748 0.999999 
0.003995 0.000873 0.999992 -0.000027 0.000123 1.000000 0.000070 -0.000274 1.000000 0.000037 0.000021 1.000000 -0.000258 -0.000060 1.000000 0.001300 0.000747 0.999999 
0.003995 0.000873 0.999992 -0.000025 0.000114 1.000000 0.000073 -0.000284 1.000000 0.000035 0.000020 1.000000 -0.000258 -0.000060 1.000000 0.001297 0.000745 0.999999 
0.003997 0.000874 0.999992 -0.000024 0.000111 1.000000 0.000022 -0.000086 1.000000 0.000018 0.000011 1.000000 -0.000239 -0.000055 1.000000 0.001317 0.000756 0.999999 
0.003992 0.000873 0.999992 -0.000020 0.000094 1.000000 0.000032 -0.000126 1.000000 0.000034 0.000020 1.000000 -0.000162 -0.000037 1.000000 0.001302 0.000748 0.999999 
0.003992 0.000873 0.999992 -0.000019 0.000086 1.000000 0.000035 -0.000138 1.000000 0.000033 0.000019 1.000000 -0.000161 -0.000037 1.000000 0.001300 0.000747 0.999999 
0.003992 0.000873 0.999992 -0.000017 0.000076 1.000000 0.000039 -0.000152 1.000000 0.000031 0.000018 1.000000 -0.000162 -0.000037 1.000000 0.001297 0.000745 0.999999 
0.004903 0.001071 0.999987 -0.000028 0.000128 1.000000 -0.000287 0.001121 0.999999 -0.000329 -0.000190 1.000000 -0.000169 -0.000039 1.000000 0.001471 0.000845 0.999999 
0.004318 0.000942 0.999990 -0.000015 0.000068 1.000000 0.000155 -0.000603 1.000000 -0.000276 -0.000160 1.000000 -0.001597 -0.000369 0.999999 0.001454 0.000835 0.999999 
0.004278 0.000933 0.999990 -0.000019 0.000089 1.000000 0.000274 -0.001070 0.999999 -0.000108 -0.000063 1.000000 -0.001138 -0.000263 0.999999 0.001367 0.000785 0.999999 
0.004316 0.000941 0.999990 -0.000022 0.000100 1.000000 0.000270 -0.001051 0.999999 -0.000097 -0.000056 1.000000 -0.001079 -0.000249 0.999999 0.001374 0.000789 0.999999 
0.004368 0.000952 0.999990 -0.000026 0.000119 1.000000 0.000262 -0.001020 0.999999 -0.000085 -0.000049 1.000000 -0.001018 -0.000235 0.999999 0.001385 0.000796 0.999999 
0.004418 0.000963 0.999990 -0.000031 0.000145 1.000000 0.000253 -0.000986 0.999999 -0.000071 -0.000041 1.000000 -0.000960 -0.000222 1.000000 0.001399 0.000803 0.999999 
0.004478 0.000976 0.999989 -0.000035 0.000160 1.000000 0.000249 -0.000969 0.999999 -0.000061 -0.000036 1.000000 -0.000917 -0.000212 1.000000 0.001414 0.000812 0.999999 
0.004531 0.000988 0.999989 -0.000038 0.000174 1.000000 0.000250 -0.000974 0.999999 -0.000036 -0.000021 1.000000 -0.000797 -0.000184 1.000000 0.001414 0.000812 0.999999 
0.004528 0.000987 0.999989 -0.000042 0.000193 1.000000 0.000482 -0.001881 0.999998 0.000092 0.000053 1.000000 -0.000632 -0.000146 1.000000 0.001302 0.000748 0.999999 
0.004552 0.000992 0.999989 -0.000051 0.000237 1.000000 0.000416 -0.001621 0.999999 -0.000123 -0.000071 1.000000 -0.002469 -0.000571 0.999997 0.001719 0.000987 0.999998 
0.004971 0.001082 0.999987 0.000061 -0.000283 1.000000 0.000398 -0.001552 0.999999 -0.000243 -0.000141 1.000000 -0.002155 -0.000498 0.999998 0.001749 0.001005 0.999998 
0.004965 0.001080 0.999987 0.000045 -0.000209 1.000000 0.000386 -0.001504 0.999999 -0.000200 -0.000116 1.000000 -0.001920 -0.000444 0.999998 0.001712 0.000983 0.999998 
0.004962 0.001079 0.999987 0.000030 -0.000141 1.000000 0.000370 -0.001443 0.999999 -0.000175 -0.000102 1.000000 -0.001782 -0.000412 0.999998 0.001691 0.000971 0.999998 
0.004981 0.001083 0.999987 0.000019 -0.000088 1.000000 0.000355 -0.001385 0.999999 -0.000154 -0.000089 1.000000 -0.001657 -0.000383 0.999999 0.001680 0.000965 0.999998 
0.005462 0.001187 0.999984 -0.000120 0.000555 1.000000 0.000338 -0.001317 0.999999 -0.000217 -0.000126 1.000000 -0.001544 -0.000357 0.999999 0.001615 0.000927 0.999998 
0.005503 0.001195 0.999984 -0.000122 0.000567 1.000000 0.000328 -0.001279 0.999999 -0.000187 -0.000109 1.000000 -0.001447 -0.000334 0.999999 0.001633 0.000937 0.999998 
0.005564 0.001209 0.999984 -0.000120 0.000558 1.000000 0.000320 -0.001247 0.999999 -0.000164 -0.000095 1.000000 -0.001360 -0.000314 0.999999 0.001656 0.000951 0.999998 
0.006216 0.001350 0.999980 0.000067 -0.000313 1.000000 0.000312 -0.001214 0.999999 -0.000421 -0.000244 1.000000 -0.001276 -0.000295 0.999999 0.001760 0.001010 0.999998 
0.006218 0.001349 0.999980 0.000062 -0.000287 1.000000 0.000312 -0.001215 0.999999 -0.000344 -0.000199 1.000000 -0.001007 -0.000233 0.999999 0.001748 0.001003 0.999998 
0.006217 0.001349 0.999980 0.000054 -0.000253 1.000000 0.000305 -0.001187 0.999999 -0.000305 -0.000177 1.000000 -0.000949 -0.000220 1.000000 0.001767 0.001014 0.999998 
0.006234 0.001352 0.999980 0.000044 -0.000204 1.000000 0.000297 -0.001154 0.999999 -0.000253 -0.000146 1.000000 -0.000797 -0.000184 1.000000 0.001775 0.001018 0.999998 
0.006250 0.001355 0.999980 0.000034 -0.000160 1.000000 0.000286 -0.001111 0.999999 -0.000225 -0.000131 1.000000 -0.000764 -0.000177 1.000000 0.001797 0.001031 0.999998 
0.006223 0.001349 0.999980 0.000038 -0.000175 1.000000 0.000274 -0.001067 0.999999 -0.000204 -0.000118 1.000000 -0.000729 -0.000169 1.000000 0.001811 0.001039 0.999998 
0.006224 0.001349 0.999980 0.000026 -0.000122 1.000000 0.000262 -0.001018 0.999999 -0.000178 -0.000103 1.000000 -0.000694 -0.000161 1.000000 0.001827 0.001048 0.999998 
0.006224 0.001349 0.999980 0.000019 -0.000090 1.000000 0.000251 -0.000977 0.999999 -0.000157 -0.000091 1.000000 -0.000665 -0.000154 1.000000 0.001840 0.001056 0.999998 
0.006223 0.001349 0.999980 0.000020 -0.000093 1.000000 0.000241 -0.000939 1.000000 -0.000143 -0.000083 1.000000 -0.000639 -0.000148 1.000000 0.001855 0.001064 0.999998 
0.006219 0.001348 0.999980 0.000014 -0.000063 1.000000 0.000235 -0.000914 1.000000 -0.000124 -0.000072 1.000000 -0.000617 -0.000143 1.000000 0.001865 0.001070 0.999998 
0.006227 0.001349 0.999980 0.000009 -0.000040 1.000000 0.000230 -0.000896 1.000000 -0.000109 -0.000063 1.000000 -0.000601 -0.000139 1.000000 0.001875 0.001076 0.999998 
0.006235 0.001351 0.999980 0.000003 -0.000014 1.000000 0.000224 -0.000873 1.000000 -0.000093 -0.000054 1.000000 -0.000573 -0.000133 1.000000 0.001885 0.001081 0.999998 
0.006241 0.001353 0.999980 -0.000002 0.000009 1.000000 0.000218 -0.000850 1.000000 -0.000081 -0.000047 1.000000 -0.000557 -0.000129 1.000000 0.001894 0.001087 0.999998 
0.006253 0.001355 0.999980 -0.000007 0.000034 1.000000 0.000213 -0.000829 1.000000 -0.000069 -0.000040 1.000000 -0.000542 -0.000125 1.000000 0.001904 0.001092 0.999998 
0.006263 0.001357 0.999979 -0.000011 0.000053 1.000000 0.000209 -0.000813 1.000000 -0.000059 -0.000034 1.000000 -0.000531 -0.000123 1.000000 0.001913 0.001097 0.999998 
0.006273 0.001359 0.999979 -0.000016 0.000072 1.000000 0.000205 -0.000796 1.000000 -0.000050 -0.000029 1.000000 -0.000519 -0.000120 1.000000 0.001922 0.001102 0.999998 
0.006285 0.001362 0.999979 -0.000020 0.000094 1.000000 0.000200 -0.000779 1.000000 -0.000041 -0.000024 1.000000 -0.000507 -0.000117 1.000000 0.001930 0.001107 0.999998 
0.006299 0.001365 0.999979 -0.000023 0.000107 1.000000 0.000197 -0.000766 1.000000 -0.000033 -0.000019 1.000000 -0.000496 -0.000115 1.000000 0.001939 0.001112 0.999998 
0.006314 0.001368 0.999979 -0.000019 0.000090 1.000000 0.000192 -0.000745 1.000000 -0.000028 -0.000016 1.000000 -0.000483 -0.000112 1.000000 0.001952 0.001120 0.999997 
0.006322 0.001370 0.999979 -0.000022 0.000102 1.000000 0.000189 -0.000736 1.000000 -0.000022 -0.000013 1.000000 -0.000475 -0.000110 1.000000 0.001958 0.001123 0.999997 
0.006326 0.001370 0.999979 -0.000024 0.000112 1.000000 0.000187 -0.000728 1.000000 -0.000017 -0.000010 1.000000 -0.000469 -0.000109 1.000000 0.001962 0.001126 0.999997 
0.006343 0.001374 0.999979 -0.000027 0.000127 1.000000 0.000184 -0.000715 1.000000 -0.000011 -0.000006 1.000000 -0.000460 -0.000106 1.000000 0.001970 0.001130 0.999997 
0.006356 0.001377 0.999979 -0.000028 0.000131 1.000000 0.000079 -0.000306 1.000000 -0.000040 -0.000023 1.000000 -0.000428 -0.000099 1.000000 0.002018 0.001157 0.999997 
0.006263 0.001356 0.999979 -0.000029 0.000136 1.000000 0.000463 -0.001798 0.999998 0.000005 0.000003 1.000000 -0.001538 -0.000357 0.999999 0.002081 0.001193 0.999997 
0.006341 0.001372 0.999979 -0.000033 0.000154 1.000000 0.000447 -0.001737 0.999998 0.000020 0.000011 1.000000 -0.001387 -0.000322 0.999999 0.002082 0.001194 0.999997 
0.006529 0.001413 0.999978 -0.000032 0.000149 1.000000 0.000385 -0.001496 0.999999 0.000007 0.000004 1.000000 -0.001299 -0.000301 0.999999 0.002151 0.001233 0.999997 
0.006688 0.001447 0.999977 -0.000043 0.000202 1.000000 0.000372 -0.001446 0.999999 0.000025 0.000014 1.000000 -0.001225 -0.000284 0.999999 0.002195 0.001259 0.999997 
0.008004 0.001732 0.999966 0.000109 -0.000508 1.000000 0.000362 -0.001408 0.999999 -0.000424 -0.000246 1.000000 -0.001164 -0.000270 0.999999 0.002290 0.001313 0.999997 
0.009162 0.001982 0.999956 0.000252 -0.001173 0.999999 0.000348 -0.001351 0.999999 -0.000788 -0.000456 1.000000 -0.000961 -0.000223 1.000000 0.002371 0.001359 0.999996 
0.009207 0.001992 0.999956 0.000223 -0.001041 0.999999 0.000335 -0.001301 0.999999 -0.000696 -0.000403 1.000000 -0.000854 -0.000198 1.000000 0.002427 0.001392 0.999996 
0.009253 0.002002 0.999955 0.000197 -0.000919 1.000000 0.000314 -0.001221 0.999999 -0.000623 -0.000361 1.000000 -0.000797 -0.000185 1.000000 0.002490 0.001427 0.999996 
0.009297 0.002011 0.999955 0.000174 -0.000812 1.000000 0.000294 -0.001141 0.999999 -0.000557 -0.000323 1.000000 -0.000747 -0.000173 1.000000 0.002549 0.001461 0.999996 
0.009336 0.002019 0.999954 0.000154 -0.000719 1.000000 0.000276 -0.001070 0.999999 -0.000498 -0.000288 1.000000 -0.000701 -0.000163 1.000000 0.002602 0.001492 0.999996 
0.009362 0.002025 0.999954 0.000135 -0.000628 1.000000 0.000263 -0.001019 0.999999 -0.000433 -0.000251 1.000000 -0.000604 -0.000140 1.000000 0.002638 0.001512 0.999995 
0.009339 0.002020 0.999954 0.000124 -0.000577 1.000000 0.000248 -0.000963 1.000000 -0.000387 -0.000224 1.000000 -0.000572 -0.000133 1.000000 0.002668 0.001529 0.999995 
0.009359 0.002024 0.999954 0.000109 -0.000510 1.000000 0.000236 -0.000916 1.000000 -0.000345 -0.000200 1.000000 -0.000546 -0.000127 1.000000 0.002704 0.001550 0.999995 
0.009799 0.002118 0.999950 -0.000068 0.000319 1.000000 0.000419 -0.001627 0.999999 -0.000301 -0.000174 1.000000 -0.000456 -0.000106 1.000000 0.002546 0.001460 0.999996 
0.009796 0.002117 0.999950 -0.000080 0.000372 1.000000 0.000379 -0.001474 0.999999 -0.000260 -0.000151 1.000000 -0.000432 -0.000100 1.000000 0.002599 0.001491 0.999996 
0.010462 0.002260 0.999943 -0.000172 0.000805 1.000000 0.000355 -0.001380 0.999999 -0.000423 -0.000245 1.000000 -0.000415 -0.000096 1.000000 0.002571 0.001475 0.999996 
0.010773 0.002325 0.999939 -0.000347 0.001622 0.999999 0.000303 -0.001178 0.999999 -0.000558 -0.000323 1.000000 -0.000266 -0.000062 1.000000 0.002361 0.001355 0.999996 
0.010485 0.002264 0.999942 -0.000354 0.001652 0.999999 0.000295 -0.001146 0.999999 -0.000472 -0.000274 1.000000 -0.000276 -0.000064 1.000000 0.002361 0.001355 0.999996 
