0.199236 -0.026226 0.004694 -0.282233 0.050657 0.004992 0.482464 0.227973 0.004837 0.209170 0.066184 0.004841 0.129822 0.285835 0.005049 0.110325 0.235598 0.004985 
0.199323 -0.026080 0.004725 -0.282613 0.050447 0.004994 0.482555 0.228091 0.004861 0.209149 0.066288 0.004863 0.129814 0.285792 0.005047 0.110372 0.235638 0.004986 
0.199941 -0.025120 0.004747 -0.283080 0.049193 0.005001 0.482593 0.228823 0.004872 0.209352 0.066508 0.004873 0.129904 0.285530 0.005042 0.110662 0.235567 0.004986 
0.199821 -0.025526 0.004769 -0.284132 0.050343 0.004996 0.482521 0.229146 0.004880 0.209373 0.066811 0.004882 0.130064 0.285640 0.005037 0.110879 0.235959 0.004984 
0.198843 -0.026037 0.004491 -0.285531 0.050550 0.004950 0.482512 0.229341 0.004888 0.209233 0.067135 0.004857 0.130086 0.285817 0.005032 0.110931 0.236336 0.004981 
0.197826 -0.026908 0.004259 -0.286964 0.051804 0.004847 0.482554 0.229340 0.004887 0.208937 0.067402 0.004792 0.130150 0.286089 0.004940 0.110811 0.236738 0.004917 
0.197666 -0.026947 0.004328 -0.287934 0.052125 0.004856 0.482568 0.229296 0.004895 0.208606 0.067506 0.004809 0.130026 0.286160 0.004943 0.110685 0.236884 0.004921 
0.196853 -0.027368 0.003986 -0.288624 0.052779 0.004914 0.482602 0.229251 0.004870 0.208545 0.067640 0.004716 0.130127 0.286551 0.004972 0.110549 0.237095 0.004962 
0.197270 -0.027097 0.004087 -0.288688 0.052365 0.004916 0.482683 0.229042 0.004896 0.208606 0.067661 0.004748 0.130446 0.286606 0.004909 0.110601 0.237069 0.004934 
0.197718 -0.026956 0.004174 -0.288715 0.052167 0.004918 0.482747 0.228792 0.004901 0.208753 0.067749 0.004769 0.130707 0.286712 0.004917 0.110782 0.237185 0.004938 
0.197525 -0.026704 0.003762 -0.288837 0.051356 0.004939 0.482757 0.228700 0.004869 0.209174 0.068010 0.004667 0.131007 0.286811 0.004938 0.111038 0.237300 0.004950 
0.198303 -0.026247 0.003880 -0.288925 0.050811 0.004941 0.482812 0.228553 0.004877 0.209464 0.068176 0.004694 0.131421 0.286906 0.004941 0.111373 0.237437 0.004951 
0.199161 -0.025507 0.003984 -0.289096 0.049752 0.004943 0.482843 0.228431 0.004886 0.209748 0.068342 0.004719 0.131815 0.286995 0.004943 0.111687 0.237516 0.004951 
0.199835 -0.025030 0.004078 -0.289187 0.049087 0.004945 0.482861 0.228430 0.004890 0.209974 0.068491 0.004740 0.132147 0.287036 0.004947 0.111957 0.237607 0.004956 
0.200454 -0.024447 0.004158 -0.289297 0.048162 0.004949 0.482761 0.228888 0.004847 0.210082 0.068596 0.004735 0.132391 0.287182 0.005011 0.112170 0.237717 0.005004 
0.200927 -0.024227 0.004242 -0.289298 0.047868 0.004941 0.483040 0.227391 0.004605 0.210005 0.068492 0.004636 0.131444 0.286808 0.005067 0.112285 0.237664 0.004899 
0.200857 -0.024070 0.003981 -0.289469 0.048105 0.005028 0.483064 0.227736 0.004693 0.210376 0.068758 0.004601 0.132404 0.286971 0.004854 0.112293 0.237636 0.004846 
0.200244 -0.024186 0.003504 -0.289577 0.048268 0.005075 0.483120 0.227689 0.004713 0.210687 0.068964 0.004491 0.132851 0.287078 0.004734 0.112260 0.237626 0.004802 
0.200546 -0.024118 0.003658 -0.289527 0.048029 0.005048 0.483134 0.227635 0.004734 0.210662 0.068950 0.004539 0.132936 0.287097 0.004757 0.112340 0.237673 0.004817 
0.199996 -0.024268 0.003321 -0.289498 0.047560 0.004980 0.483189 0.227600 0.004753 0.210821 0.069043 0.004475 0.133270 0.287164 0.004638 0.112317 0.237651 0.004752 
0.199671 -0.024357 0.003156 -0.289482 0.047247 0.004965 0.483201 0.227586 0.004770 0.210876 0.069085 0.004456 0.133255 0.287149 0.004671 0.112343 0.237667 0.004775 
0.199935 -0.024335 0.003329 -0.289479 0.047278 0.004963 0.483210 0.227554 0.004787 0.210802 0.069045 0.004505 0.133240 0.287146 0.004700 0.112366 0.237688 0.004793 
0.200208 -0.024305 0.003483 -0.289477 0.047305 0.004962 0.483215 0.227531 0.004803 0.210769 0.069028 0.004549 0.133262 0.287151 0.004726 0.112419 0.237726 0.004811 
0.200493 -0.024268 0.003622 -0.289477 0.047331 0.004961 0.483218 0.227523 0.004817 0.210777 0.069035 0.004589 0.133328 0.287165 0.004750 0.112505 0.237781 0.004826 
0.200782 -0.024216 0.003746 -0.289474 0.047340 0.004961 0.483217 0.227522 0.004828 0.210811 0.069057 0.004625 0.133400 0.287171 0.004773 0.112615 0.237843 0.004840 
0.201024 -0.024163 0.003858 -0.289471 0.047323 0.004961 0.483217 0.227523 0.004840 0.210822 0.069064 0.004658 0.133459 0.287184 0.004791 0.112687 0.237884 0.004854 
0.201251 -0.024112 0.003960 -0.289467 0.047299 0.004961 0.483217 0.227525 0.004851 0.210839 0.069074 0.004688 0.133526 0.287199 0.004808 0.112760 0.237926 0.004866 
0.200517 -0.024206 0.003404 -0.289701 0.048103 0.005094 0.483103 0.227948 0.004802 0.211097 0.069312 0.004514 0.133552 0.287223 0.004848 0.112737 0.237975 0.004916 
0.200241 -0.024300 0.003229 -0.289660 0.047734 0.005027 0.483005 0.228299 0.004762 0.211152 0.069374 0.004460 0.133556 0.287239 0.004883 0.112838 0.238065 0.004927 
0.200541 -0.024234 0.003403 -0.289643 0.047647 0.005010 0.483021 0.228239 0.004780 0.211103 0.069347 0.004510 0.133587 0.287246 0.004891 0.112879 0.238089 0.004931 
0.200798 -0.024177 0.003555 -0.289635 0.047602 0.004999 0.483027 0.228213 0.004796 0.211064 0.069324 0.004555 0.133615 0.287252 0.004898 0.112916 0.238111 0.004935 
0.201020 -0.024134 0.003685 -0.289623 0.047575 0.004996 0.482808 0.228784 0.004615 0.210828 0.069232 0.004500 0.132960 0.287136 0.005126 0.113050 0.238246 0.005028 
0.201234 -0.024086 0.003804 -0.289613 0.047523 0.004992 0.482822 0.228727 0.004647 0.210836 0.069237 0.004547 0.133084 0.287164 0.005110 0.113085 0.238266 0.005026 
0.200609 -0.024300 0.003540 -0.289493 0.046808 0.004944 0.482832 0.228665 0.004677 0.210940 0.069284 0.004537 0.133167 0.287148 0.005089 0.113107 0.238264 0.005016 
0.200335 -0.024431 0.003447 -0.289410 0.046444 0.004898 0.483091 0.227937 0.004924 0.211210 0.069395 0.004652 0.134521 0.287351 0.004566 0.112833 0.238027 0.004773 
0.200552 -0.024389 0.003584 -0.289428 0.046533 0.004907 0.483132 0.227790 0.004944 0.211160 0.069363 0.004692 0.134399 0.287233 0.004585 0.112848 0.237995 0.004778 
0.200763 -0.024344 0.003710 -0.289441 0.046587 0.004914 0.483132 0.227791 0.004946 0.211101 0.069329 0.004720 0.134329 0.287216 0.004621 0.112866 0.238005 0.004799 
0.200013 -0.024557 0.003303 -0.289437 0.046377 0.004907 0.483002 0.228236 0.004889 0.211187 0.069412 0.004610 0.134236 0.287230 0.004678 0.112876 0.238058 0.004836 
0.200167 -0.024525 0.003412 -0.289455 0.046484 0.004958 0.482989 0.228239 0.004897 0.211152 0.069393 0.004648 0.134215 0.287211 0.004705 0.112877 0.238055 0.004862 
0.200271 -0.024475 0.003484 -0.289471 0.046655 0.005031 0.482964 0.228246 0.004903 0.211145 0.069405 0.004679 0.134214 0.287183 0.004731 0.112883 0.238058 0.004891 
0.200302 -0.024472 0.003528 -0.289488 0.046749 0.005113 0.482965 0.228243 0.004909 0.211152 0.069407 0.004710 0.134227 0.287186 0.004754 0.112873 0.238052 0.004923 
0.200315 -0.024470 0.003562 -0.289505 0.046830 0.005190 0.482998 0.228144 0.004926 0.211170 0.069417 0.004743 0.134215 0.287115 0.004761 0.112863 0.238015 0.004940 
0.200333 -0.024465 0.003594 -0.289516 0.046884 0.005259 0.482998 0.228142 0.004930 0.211174 0.069419 0.004768 0.134233 0.287119 0.004781 0.112855 0.238010 0.004967 
0.200494 -0.024388 0.003668 -0.289505 0.047142 0.005299 0.482956 0.228272 0.004955 0.211195 0.069462 0.004795 0.134531 0.287171 0.004715 0.112842 0.238016 0.004953 
0.200494 -0.024388 0.003688 -0.289509 0.047163 0.005359 0.482960 0.228257 0.004956 0.211200 0.069464 0.004816 0.134530 0.287171 0.004739 0.112840 0.238014 0.004980 
0.200494 -0.024388 0.003707 -0.289511 0.047176 0.005413 0.482964 0.228245 0.004958 0.211203 0.069466 0.004835 0.134529 0.287170 0.004762 0.112838 0.238013 0.005004 
0.200494 -0.024387 0.003723 -0.289514 0.047191 0.005463 0.482966 0.228232 0.004958 0.211206 0.069468 0.004851 0.134522 0.287168 0.004784 0.112837 0.238012 0.005027 
0.200538 -0.024375 0.003751 -0.289501 0.047231 0.005496 0.483074 0.227801 0.005035 0.211293 0.069508 0.004902 0.134846 0.287171 0.004644 0.112755 0.237928 0.004962 
0.200530 -0.024377 0.003752 -0.289500 0.047229 0.005549 0.483076 0.227794 0.005026 0.211298 0.069510 0.004910 0.134826 0.287166 0.004676 0.112762 0.237931 0.004990 
0.200658 -0.024394 0.003821 -0.289457 0.047226 0.005568 0.483052 0.227805 0.005006 0.211278 0.069485 0.004922 0.134747 0.287134 0.004723 0.112805 0.237951 0.005014 
0.200704 -0.024408 0.003844 -0.289441 0.047245 0.005600 0.483049 0.227776 0.005001 0.211282 0.069479 0.004932 0.134719 0.287097 0.004746 0.112820 0.237946 0.005031 
0.200701 -0.024409 0.003844 -0.289440 0.047243 0.005635 0.483051 0.227770 0.004997 0.211285 0.069481 0.004937 0.134711 0.287095 0.004767 0.112823 0.237947 0.005051 
0.200700 -0.024410 0.003847 -0.289439 0.047242 0.005665 0.483052 0.227767 0.004995 0.211286 0.069481 0.004943 0.134708 0.287093 0.004786 0.112825 0.237948 0.005068 
0.200699 -0.024410 0.003849 -0.289438 0.047242 0.005691 0.483052 0.227765 0.004993 0.211287 0.069482 0.004949 0.134705 0.287092 0.004803 0.112827 0.237949 0.005084 
0.200697 -0.024411 0.003849 -0.289438 0.047243 0.005718 0.483064 0.227736 0.004996 0.211292 0.069487 0.004955 0.134687 0.287049 0.004813 0.112829 0.237935 0.005094 
0.200775 -0.024428 0.003893 -0.289415 0.047244 0.005724 0.483050 0.227735 0.004994 0.211285 0.069470 0.004966 0.134682 0.287036 0.004828 0.112846 0.237938 0.005103 
0.200775 -0.024428 0.003893 -0.289414 0.047243 0.005743 0.483051 0.227733 0.004993 0.211286 0.069471 0.004970 0.134679 0.287035 0.004840 0.112848 0.237939 0.005114 
0.200775 -0.024428 0.003893 -0.289413 0.047243 0.005760 0.483051 0.227732 0.004991 0.211286 0.069471 0.004972 0.134678 0.287035 0.004852 0.112849 0.237939 0.005125 
0.200775 -0.024428 0.003893 -0.289413 0.047243 0.005776 0.483051 0.227731 0.004990 0.211287 0.069471 0.004974 0.134677 0.287034 0.004862 0.112850 0.237939 0.005135 
0.200776 -0.024428 0.003893 -0.289412 0.047243 0.005791 0.483052 0.227729 0.004989 0.211288 0.069472 0.004976 0.134677 0.287034 0.004872 0.112850 0.237940 0.005143 
0.200776 -0.024428 0.003893 -0.289412 0.047243 0.005804 0.483052 0.227728 0.004988 0.211288 0.069472 0.004978 0.134676 0.287033 0.004881 0.112851 0.237940 0.005151 
0.200776 -0.024429 0.003893 -0.289411 0.047243 0.005815 0.483053 0.227726 0.004987 0.211289 0.069472 0.004980 0.134675 0.287032 0.004889 0.112852 0.237940 0.005158 
0.200845 -0.024447 0.003930 -0.289391 0.047255 0.005812 0.483039 0.227724 0.004986 0.211283 0.069458 0.004987 0.134669 0.287019 0.004896 0.112867 0.237943 0.005162 
0.200846 -0.024451 0.003930 -0.289390 0.047258 0.005821 0.483025 0.227721 0.004984 0.211282 0.069457 0.004988 0.134665 0.287006 0.004903 0.112868 0.237941 0.005167 
0.200847 -0.024451 0.003929 -0.289389 0.047258 0.005829 0.483025 0.227719 0.004984 0.211282 0.069457 0.004989 0.134665 0.287006 0.004909 0.112868 0.237941 0.005173 
0.200847 -0.024451 0.003927 -0.289389 0.047257 0.005837 0.483026 0.227717 0.004983 0.211283 0.069457 0.004989 0.134664 0.287005 0.004915 0.112869 0.237941 0.005177 
0.200847 -0.024451 0.003927 -0.289389 0.047257 0.005843 0.483026 0.227717 0.004983 0.211283 0.069458 0.004990 0.134664 0.287005 0.004919 0.112869 0.237941 0.005182 
0.200842 -0.024456 0.003925 -0.289387 0.047266 0.005850 0.483068 0.227528 0.005002 0.211303 0.069464 0.005000 0.134623 0.286888 0.004901 0.112869 0.237892 0.005166 
0.200870 -0.024468 0.003935 -0.289379 0.047280 0.005855 0.483054 0.227524 0.004997 0.211302 0.069457 0.004999 0.134617 0.286877 0.004908 0.112875 0.237892 0.005170 
0.200888 -0.024476 0.003941 -0.289372 0.047285 0.005859 0.483039 0.227521 0.004993 0.211300 0.069452 0.004999 0.134613 0.286866 0.004915 0.112879 0.237890 0.005174 
0.200918 -0.024487 0.003954 -0.289363 0.047295 0.005859 0.483024 0.227519 0.004992 0.211298 0.069445 0.005000 0.134610 0.286855 0.004920 0.112884 0.237890 0.005177 
0.200918 -0.024487 0.003950 -0.289362 0.047295 0.005864 0.483024 0.227518 0.004990 0.211298 0.069445 0.004999 0.134610 0.286855 0.004924 0.112885 0.237890 0.005181 
0.200933 -0.024492 0.003957 -0.289357 0.047298 0.005865 0.483008 0.227518 0.004988 0.211294 0.069440 0.005000 0.134606 0.286844 0.004928 0.112888 0.237890 0.005183 
0.200936 -0.024488 0.003955 -0.289356 0.047335 0.005869 0.482992 0.227519 0.004987 0.211293 0.069445 0.004997 0.134604 0.286833 0.004931 0.112889 0.237892 0.005185 
0.201000 -0.024478 0.003988 -0.289336 0.047318 0.005860 0.482948 0.227517 0.004986 0.211279 0.069433 0.005002 0.134601 0.286807 0.004934 0.112899 0.237891 0.005185 
0.201015 -0.024463 0.003990 -0.289338 0.047406 0.005864 0.482932 0.227518 0.004985 0.211275 0.069444 0.004999 0.134599 0.286796 0.004936 0.112901 0.237898 0.005186 
0.201015 -0.024463 0.003989 -0.289337 0.047407 0.005864 0.482932 0.227519 0.004985 0.211275 0.069444 0.004998 0.134599 0.286796 0.004937 0.112902 0.237898 0.005187 
0.201015 -0.024464 0.003987 -0.289337 0.047407 0.005864 0.482932 0.227519 0.004984 0.211274 0.069444 0.004997 0.134599 0.286795 0.004938 0.112902 0.237898 0.005187 
0.201009 -0.024475 0.003985 -0.289334 0.047416 0.005864 0.482944 0.227423 0.004995 0.211283 0.069449 0.005001 0.134571 0.286717 0.004927 0.112902 0.237870 0.005177 
0.201013 -0.024479 0.003986 -0.289330 0.047422 0.005865 0.482928 0.227465 0.004983 0.211268 0.069448 0.004995 0.134507 0.286686 0.004947 0.112912 0.237876 0.005186 
0.201012 -0.024480 0.003984 -0.289330 0.047424 0.005865 0.482927 0.227466 0.004982 0.211267 0.069448 0.004994 0.134507 0.286686 0.004948 0.112912 0.237877 0.005186 
0.201012 -0.024482 0.003982 -0.289329 0.047425 0.005864 0.482926 0.227468 0.004981 0.211266 0.069447 0.004992 0.134507 0.286686 0.004949 0.112912 0.237876 0.005187 
0.200318 -0.024681 0.003575 -0.289351 0.047443 0.005877 0.483120 0.226513 0.005057 0.211540 0.069536 0.004937 0.134543 0.286530 0.004842 0.112851 0.237732 0.005111 
0.200742 -0.024625 0.003738 -0.289172 0.047587 0.005774 0.482810 0.227825 0.005034 0.211506 0.069565 0.004934 0.135566 0.286852 0.004591 0.112814 0.237796 0.005014 
0.200781 -0.024650 0.003764 -0.289134 0.047630 0.005778 0.482676 0.228117 0.004934 0.211398 0.069515 0.004893 0.135256 0.286811 0.004707 0.112878 0.237870 0.005065 
0.200763 -0.024658 0.003769 -0.289131 0.047632 0.005799 0.482679 0.228104 0.004940 0.211401 0.069517 0.004903 0.135224 0.286804 0.004730 0.112885 0.237874 0.005083 
0.200736 -0.024665 0.003770 -0.289130 0.047633 0.005821 0.482682 0.228093 0.004945 0.211405 0.069520 0.004913 0.135192 0.286796 0.004751 0.112889 0.237877 0.005099 
0.200710 -0.024671 0.003772 -0.289127 0.047630 0.005842 0.482668 0.228081 0.004950 0.211409 0.069522 0.004923 0.135161 0.286781 0.004771 0.112894 0.237879 0.005114 
0.200680 -0.024679 0.003768 -0.289125 0.047632 0.005863 0.482669 0.228078 0.004955 0.211417 0.069527 0.004931 0.135144 0.286777 0.004787 0.112898 0.237882 0.005128 
0.200652 -0.024686 0.003765 -0.289124 0.047633 0.005883 0.482655 0.228091 0.004947 0.211411 0.069527 0.004933 0.135066 0.286760 0.004820 0.112908 0.237892 0.005148 
0.200664 -0.024685 0.003775 -0.289104 0.047652 0.005888 0.482443 0.228765 0.004869 0.211320 0.069532 0.004899 0.134937 0.286831 0.004922 0.112951 0.238009 0.005212 
0.200638 -0.024708 0.003781 -0.289090 0.047664 0.005897 0.482581 0.228641 0.005031 0.211490 0.069592 0.004983 0.136297 0.287072 0.004443 0.112691 0.237789 0.005006 
0.200312 -0.024767 0.003560 -0.289158 0.048141 0.005966 0.482555 0.228588 0.005000 0.211574 0.069676 0.004909 0.136082 0.287016 0.004506 0.112683 0.237813 0.005039 
0.200315 -0.024808 0.003581 -0.289135 0.048175 0.005972 0.482549 0.228589 0.004989 0.211557 0.069675 0.004914 0.135916 0.286959 0.004565 0.112729 0.237846 0.005067 
0.200316 -0.024838 0.003600 -0.289118 0.048196 0.005977 0.482558 0.228557 0.004990 0.211552 0.069672 0.004923 0.135826 0.286938 0.004603 0.112759 0.237868 0.005086 
0.200301 -0.024856 0.003611 -0.289110 0.048207 0.005988 0.482564 0.228534 0.004990 0.211548 0.069670 0.004932 0.135740 0.286919 0.004637 0.112779 0.237882 0.005104 
0.199942 -0.024980 0.003448 -0.288998 0.047829 0.005935 0.482552 0.228512 0.004991 0.211617 0.069703 0.004910 0.135669 0.286893 0.004665 0.112846 0.237922 0.005109 
0.199933 -0.024985 0.003459 -0.288996 0.047831 0.005963 0.482559 0.228488 0.004992 0.211615 0.069702 0.004922 0.135620 0.286881 0.004693 0.112853 0.237926 0.005129 
0.199915 -0.024990 0.003461 -0.288994 0.047830 0.005996 0.482568 0.228453 0.004993 0.211619 0.069704 0.004932 0.135584 0.286873 0.004718 0.112857 0.237929 0.005149 
0.199443 -0.025028 0.003118 -0.289125 0.048476 0.006114 0.482560 0.228408 0.004994 0.211805 0.069853 0.004839 0.135554 0.286858 0.004742 0.112806 0.237920 0.005181 
0.199452 -0.025062 0.003147 -0.289105 0.048535 0.006139 0.482508 0.228447 0.004968 0.211769 0.069846 0.004841 0.135371 0.286776 0.004805 0.112841 0.237945 0.005212 
0.199462 -0.025068 0.003175 -0.289083 0.048579 0.006161 0.482489 0.228441 0.004969 0.211761 0.069849 0.004856 0.135352 0.286769 0.004821 0.112852 0.237961 0.005225 
0.199462 -0.025080 0.003197 -0.289077 0.048591 0.006181 0.482472 0.228469 0.004958 0.211743 0.069847 0.004864 0.135249 0.286728 0.004855 0.112868 0.237973 0.005244 
0.199462 -0.025082 0.003216 -0.289075 0.048594 0.006200 0.482473 0.228466 0.004962 0.211742 0.069847 0.004878 0.135238 0.286726 0.004864 0.112872 0.237975 0.005253 
0.199486 -0.025062 0.003241 -0.289064 0.048658 0.006215 0.482455 0.228458 0.004965 0.211739 0.069857 0.004889 0.135228 0.286717 0.004873 0.112881 0.237988 0.005260 
0.199493 -0.025065 0.003262 -0.289054 0.048659 0.006227 0.482438 0.228446 0.004967 0.211736 0.069855 0.004901 0.135214 0.286708 0.004880 0.112887 0.237992 0.005266 
0.199499 -0.025065 0.003279 -0.289048 0.048671 0.006238 0.482420 0.228438 0.004970 0.211735 0.069855 0.004912 0.135202 0.286699 0.004887 0.112891 0.237995 0.005271 
0.199505 -0.025062 0.003292 -0.289047 0.048700 0.006251 0.482402 0.228428 0.004972 0.211735 0.069857 0.004919 0.135190 0.286690 0.004892 0.112892 0.237997 0.005276 
0.199511 -0.025057 0.003308 -0.289036 0.048715 0.006260 0.482402 0.228428 0.004974 0.211731 0.069860 0.004928 0.135185 0.286688 0.004898 0.112898 0.238005 0.005281 
0.199512 -0.025060 0.003318 -0.289033 0.048716 0.006270 0.482402 0.228427 0.004976 0.211730 0.069859 0.004935 0.135180 0.286687 0.004903 0.112900 0.238006 0.005286 
0.199511 -0.025061 0.003328 -0.289032 0.048718 0.006279 0.482400 0.228427 0.004977 0.211728 0.069859 0.004942 0.135165 0.286683 0.004910 0.112902 0.238009 0.005291 
0.199511 -0.025063 0.003337 -0.289031 0.048720 0.006287 0.482401 0.228425 0.004979 0.211728 0.069858 0.004948 0.135159 0.286682 0.004913 0.112904 0.238010 0.005295 
0.199507 -0.025067 0.003344 -0.289028 0.048721 0.006295 0.482401 0.228424 0.004980 0.211728 0.069859 0.004954 0.135154 0.286681 0.004917 0.112905 0.238011 0.005299 
0.199504 -0.025070 0.003350 -0.289027 0.048724 0.006302 0.482401 0.228424 0.004982 0.211728 0.069859 0.004959 0.135151 0.286680 0.004920 0.112906 0.238012 0.005302 
0.199500 -0.025073 0.003355 -0.289025 0.048725 0.006309 0.482401 0.228422 0.004983 0.211729 0.069859 0.004964 0.135147 0.286679 0.004923 0.112907 0.238013 0.005305 
0.199495 -0.025077 0.003360 -0.289023 0.048728 0.006315 0.482401 0.228421 0.004984 0.211729 0.069860 0.004968 0.135144 0.286678 0.004925 0.112909 0.238015 0.005308 
0.199489 -0.025079 0.003363 -0.289021 0.048728 0.006322 0.482402 0.228419 0.004985 0.211730 0.069860 0.004972 0.135141 0.286677 0.004928 0.112909 0.238015 0.005311 
0.199480 -0.025074 0.003363 -0.289015 0.048764 0.006332 0.482383 0.228410 0.004986 0.211732 0.069866 0.004974 0.135139 0.286671 0.004930 0.112908 0.238018 0.005314 
0.199477 -0.025076 0.003366 -0.289013 0.048765 0.006337 0.482382 0.228410 0.004987 0.211732 0.069867 0.004977 0.135137 0.286670 0.004932 0.112908 0.238019 0.005316 
0.199476 -0.025078 0.003370 -0.289012 0.048767 0.006341 0.482382 0.228409 0.004987 0.211732 0.069867 0.004980 0.135136 0.286670 0.004934 0.112909 0.238020 0.005317 
0.199467 -0.025081 0.003370 -0.289010 0.048768 0.006346 0.482383 0.228407 0.004988 0.211734 0.069868 0.004983 0.135133 0.286669 0.004936 0.112909 0.238020 0.005320 
0.199451 -0.025098 0.003370 -0.289004 0.048786 0.006352 0.482429 0.228181 0.005011 0.211757 0.069869 0.004996 0.135098 0.286548 0.004912 0.112908 0.237965 0.005300 
0.199515 -0.025102 0.003397 -0.288962 0.048813 0.006333 0.482163 0.229278 0.004986 0.211718 0.069886 0.004984 0.135903 0.286817 0.004729 0.112821 0.237982 0.005249 
0.199467 -0.025121 0.003382 -0.288955 0.048815 0.006352 0.482167 0.229233 0.004980 0.211717 0.069889 0.004983 0.135803 0.286794 0.004764 0.112830 0.237993 0.005268 
0.199354 -0.025140 0.003338 -0.288944 0.048848 0.006397 0.482167 0.229103 0.004992 0.211754 0.069913 0.004991 0.135763 0.286729 0.004771 0.112822 0.237970 0.005277 
0.199270 -0.025157 0.003312 -0.288923 0.048833 0.006436 0.482153 0.229076 0.004993 0.211776 0.069926 0.004998 0.135745 0.286720 0.004789 0.112824 0.237972 0.005295 
0.198318 -0.025312 0.002673 -0.289015 0.049381 0.006538 0.482138 0.229058 0.004993 0.212130 0.070157 0.004837 0.135740 0.286715 0.004805 0.112791 0.237966 0.005320 
0.197466 -0.025450 0.002103 -0.289116 0.049925 0.006626 0.482099 0.229032 0.004963 0.212411 0.070353 0.004675 0.135620 0.286686 0.004833 0.112760 0.237972 0.005340 
0.197467 -0.025458 0.002151 -0.289096 0.049898 0.006672 0.482088 0.229048 0.004958 0.212390 0.070342 0.004703 0.135576 0.286677 0.004857 0.112762 0.237977 0.005361 
0.197469 -0.025463 0.002193 -0.289087 0.049880 0.006714 0.482088 0.229049 0.004960 0.212385 0.070339 0.004732 0.135574 0.286676 0.004866 0.112764 0.237980 0.005375 
0.197470 -0.025465 0.002231 -0.289081 0.049869 0.006753 0.482088 0.229050 0.004962 0.212382 0.070338 0.004759 0.135572 0.286676 0.004875 0.112767 0.237982 0.005387 
0.197471 -0.025467 0.002265 -0.289076 0.049860 0.006788 0.482087 0.229050 0.004964 0.212380 0.070337 0.004782 0.135571 0.286676 0.004882 0.112769 0.237984 0.005399 
0.197475 -0.025473 0.002298 -0.289068 0.049854 0.006818 0.482073 0.229080 0.004958 0.212365 0.070335 0.004800 0.135518 0.286652 0.004901 0.112777 0.237990 0.005413 
0.197510 -0.025461 0.002338 -0.289042 0.049873 0.006837 0.482053 0.229073 0.004961 0.212361 0.070334 0.004819 0.135519 0.286647 0.004906 0.112785 0.237997 0.005419 
0.197516 -0.025462 0.002365 -0.289034 0.049862 0.006862 0.482053 0.229071 0.004963 0.212358 0.070331 0.004836 0.135521 0.286648 0.004910 0.112784 0.237997 0.005427 
0.197200 -0.025569 0.002209 -0.288826 0.049349 0.006759 0.481857 0.229603 0.004885 0.212361 0.070343 0.004772 0.135469 0.286699 0.004960 0.112892 0.238111 0.005439 
0.197219 -0.025568 0.002251 -0.288809 0.049345 0.006790 0.481865 0.229481 0.004897 0.212357 0.070327 0.004799 0.135479 0.286712 0.004958 0.112873 0.238100 0.005444 
0.196733 -0.025703 0.001983 -0.288668 0.049117 0.006751 0.481813 0.229424 0.004904 0.212515 0.070404 0.004748 0.135495 0.286695 0.004958 0.112921 0.238124 0.005437 
0.196518 -0.025828 0.001797 -0.288279 0.048655 0.006559 0.481784 0.229269 0.004883 0.212688 0.070431 0.004679 0.135420 0.286650 0.004959 0.113104 0.238199 0.005385 
0.196761 -0.025802 0.001937 -0.288094 0.048666 0.006560 0.481789 0.229247 0.004892 0.212676 0.070374 0.004719 0.135449 0.286656 0.004960 0.113120 0.238184 0.005388 
