0.212049 -0.977259 0.000000 -0.977631 -0.210327 -0.000000 0.968852 0.247640 0.000000 0.505209 -0.862997 0.000000 -0.224258 0.974530 0.000000 -0.501968 0.864886 0.000000 
0.211545 -0.977368 0.000000 -0.977742 -0.209811 -0.000000 0.968955 0.247239 0.000000 0.504764 -0.863257 0.000000 -0.223854 0.974623 0.000000 -0.501500 0.865158 0.000000 
0.213489 -0.976946 0.000000 -0.977322 -0.211757 -0.000000 0.968746 0.248053 0.000000 0.504381 -0.863481 0.000000 -0.224681 0.974432 0.000000 -0.501375 0.865230 0.000000 
0.214932 -0.976629 0.000000 -0.977009 -0.213199 -0.000000 0.968546 0.248836 0.000000 0.504305 -0.863525 0.000000 -0.225458 0.974253 0.000000 -0.501454 0.865184 0.000000 
0.215547 -0.976493 0.000000 -0.976877 -0.213801 -0.000000 0.968524 0.248919 0.000000 0.504277 -0.863542 0.000000 -0.225541 0.974234 0.000000 -0.501559 0.865123 0.000000 
0.215707 -0.976458 0.000000 -0.976847 -0.213938 -0.000000 0.968486 0.249068 0.000000 0.504295 -0.863532 0.000000 -0.225687 0.974200 0.000000 -0.501589 0.865106 0.000000 
0.215729 -0.976453 0.000000 -0.976850 -0.213924 -0.000000 0.968434 0.249268 0.000000 0.504204 -0.863585 0.000000 -0.225889 0.974153 0.000000 -0.501465 0.865178 0.000000 
0.215516 -0.976500 0.000000 -0.976900 -0.213697 -0.000000 0.968347 0.249607 0.000000 0.504286 -0.863536 0.000000 -0.226228 0.974074 0.000000 -0.501422 0.865203 0.000000 
0.215583 -0.976486 0.000000 -0.976900 -0.213696 -0.000000 0.968200 0.250177 0.000000 0.504308 -0.863524 0.000000 -0.226812 0.973938 0.000000 -0.501337 0.865252 0.000000 
0.214553 -0.976712 0.000000 -0.977130 -0.212645 -0.000000 0.968184 0.250239 0.000000 0.504233 -0.863568 0.000000 -0.226874 0.973924 0.000000 -0.501011 0.865441 0.000000 
0.212201 -0.977226 0.000000 -0.977643 -0.210270 -0.000000 0.968152 0.250363 0.000000 0.504259 -0.863552 0.000000 -0.226997 0.973896 0.000000 -0.500455 0.865763 0.000000 
0.209972 -0.977707 0.000000 -0.978126 -0.208013 -0.000000 0.968151 0.250366 0.000000 0.504237 -0.863566 0.000000 -0.226995 0.973896 0.000000 -0.499910 0.866077 0.000000 
0.208772 -0.977964 0.000000 -0.978408 -0.206681 -0.000000 0.968153 0.250359 0.000000 0.504258 -0.863553 0.000000 -0.226982 0.973899 0.000000 -0.499653 0.866226 0.000000 
0.207275 -0.978283 0.000000 -0.978766 -0.204979 -0.000000 0.968406 0.249378 0.000000 0.504234 -0.863567 0.000000 -0.225984 0.974131 0.000000 -0.499525 0.866300 0.000000 
0.206020 -0.978548 0.000000 -0.979102 -0.203370 -0.000000 0.968969 0.247182 0.000000 0.504211 -0.863580 0.000000 -0.223806 0.974634 0.000000 -0.499732 0.866180 0.000000 
0.203235 -0.979130 0.000000 -0.979786 -0.200049 -0.000000 0.970018 0.243035 0.000000 0.504411 -0.863464 0.000000 -0.219906 0.975521 0.000000 -0.500167 0.865929 0.000000 
0.199871 -0.979822 0.000000 -0.980613 -0.195954 -0.000000 0.970997 0.239090 0.000000 0.504396 -0.863472 0.000000 -0.216520 0.976278 0.000000 -0.500106 0.865964 0.000000 
0.196378 -0.980528 0.000000 -0.981511 -0.191404 -0.000000 0.971810 0.235766 0.000000 0.504667 -0.863314 0.000000 -0.214209 0.976788 0.000000 -0.500038 0.866003 0.000000 
0.193537 -0.981093 0.000000 -0.982333 -0.187141 -0.000000 0.972514 0.232845 0.000000 0.504672 -0.863311 0.000000 -0.212544 0.977151 0.000000 -0.499673 0.866214 0.000000 
0.190471 -0.981693 0.000000 -0.983286 -0.182065 -0.000000 0.973263 0.229693 0.000000 0.504790 -0.863242 0.000000 -0.211256 0.977431 0.000000 -0.499266 0.866449 0.000000 
0.187374 -0.982289 0.000000 -0.984338 -0.176290 -0.000000 0.974156 0.225876 0.000000 0.504821 -0.863224 0.000000 -0.209915 0.977720 0.000000 -0.498736 0.866754 0.000000 
0.184553 -0.982823 0.000000 -0.985448 -0.169978 -0.000000 0.975130 0.221633 0.000000 0.504935 -0.863158 0.000000 -0.209007 0.977914 0.000000 -0.498205 0.867059 0.000000 
0.181591 -0.983374 0.000000 -0.986688 -0.162623 -0.000000 0.976191 0.216912 0.000000 0.505237 -0.862980 0.000000 -0.208522 0.978018 0.000000 -0.497669 0.867367 0.000000 
0.179766 -0.983709 0.000000 -0.987865 -0.155315 -0.000000 0.977267 0.212014 0.000000 0.505258 -0.862968 0.000000 -0.208867 0.977944 0.000000 -0.496910 0.867802 0.000000 
0.178055 -0.984020 0.000000 -0.989172 -0.146763 -0.000000 0.978396 0.206741 0.000000 0.505285 -0.862952 0.000000 -0.210035 0.977694 0.000000 -0.495948 0.868352 0.000000 
0.177492 -0.984122 0.000000 -0.990472 -0.137717 -0.000000 0.979630 0.200812 0.000000 0.505342 -0.862919 0.000000 -0.212141 0.977239 0.000000 -0.494994 0.868896 0.000000 
0.177544 -0.984113 0.000000 -0.991890 -0.127103 -0.000000 0.980794 0.195047 0.000000 0.505538 -0.862804 0.000000 -0.216073 0.976377 0.000000 -0.493900 0.869519 0.000000 
0.178997 -0.983850 0.000000 -0.993317 -0.115418 -0.000000 0.982184 0.187923 0.000000 0.505635 -0.862748 0.000000 -0.220932 0.975289 0.000000 -0.492742 0.870175 0.000000 
0.181200 -0.983446 0.000000 -0.994876 -0.101101 -0.000000 0.983713 0.179745 0.000000 0.505792 -0.862655 0.000000 -0.227423 0.973796 0.000000 -0.491418 0.870924 0.000000 
0.184281 -0.982874 0.000000 -0.996444 -0.084263 -0.000000 0.985655 0.168772 0.000000 0.505850 -0.862622 0.000000 -0.234723 0.972062 0.000000 -0.489817 0.871825 0.000000 
0.187671 -0.982232 0.000000 -0.998040 -0.062582 -0.000000 0.987925 0.154935 0.000000 0.506114 -0.862466 0.000000 -0.243791 0.969828 0.000000 -0.487926 0.872885 0.000000 
0.193023 -0.981194 0.000000 -0.999304 -0.037300 -0.000000 0.990616 0.136676 0.000000 0.506356 -0.862324 0.000000 -0.254245 0.967140 0.000000 -0.485912 0.874008 0.000000 
0.199540 -0.979890 0.000000 -0.999987 -0.005037 -0.000000 0.993538 0.113503 0.000000 0.506782 -0.862074 0.000000 -0.267282 0.963618 0.000000 -0.483495 0.875347 0.000000 
0.210044 -0.977692 0.000000 -0.999473 0.032470 0.000000 0.996506 0.083526 0.000000 0.506757 -0.862089 0.000000 -0.282775 0.959186 0.000000 -0.480801 0.876830 0.000000 
-0.996698 0.081199 0.000000 0.998983 0.045097 0.000000 -0.303464 0.952843 0.000000 -0.477796 0.878471 0.000000 0.222296 -0.974979 0.000000 0.507667 -0.861554 0.000000 
-0.990060 0.140646 0.000000 0.999962 -0.008669 0.000000 -0.328598 0.944470 0.000000 -0.473503 0.880792 0.000000 0.236608 -0.971605 0.000000 0.508911 -0.860819 0.000000 
-0.975880 0.218307 0.000000 0.995982 -0.089553 0.000000 -0.359309 0.933219 0.000000 -0.463827 0.885926 0.000000 0.247810 -0.968809 0.000000 0.508918 -0.860815 0.000000 
-0.956718 0.291016 0.000000 0.987113 -0.160024 0.000000 -0.389325 0.921101 0.000000 -0.454761 0.890614 0.000000 0.272244 -0.962228 0.000000 0.503394 -0.864057 0.000000 
-0.930905 0.365260 0.000000 0.976320 -0.216332 0.000000 -0.414894 0.909870 0.000000 -0.450568 0.892742 0.000000 0.319590 -0.947556 0.000000 0.491679 -0.870777 0.000000 
-0.901906 0.431932 0.000000 0.981389 -0.192031 0.000000 -0.439292 0.898344 0.000000 -0.458845 0.888516 0.000000 0.391895 -0.920010 0.000000 0.477749 -0.878497 0.000000 
0.451269 -0.892388 0.000000 0.999855 -0.017025 0.000000 -0.890219 0.455533 0.000000 -0.445037 0.895512 0.000000 -0.466875 0.884323 0.000000 
0.998633 0.052275 0.000000 -0.881466 0.472247 0.000000 0.425047 -0.905171 0.000000 0.428577 -0.903505 0.000000 -0.426581 0.904449 0.000000 -0.451122 0.892462 0.000000 -0.440341 0.897830 0.000000 
0.398281 -0.917263 0.000000 0.999497 0.031723 0.000000 0.429677 -0.902983 0.000000 -0.855084 0.518490 0.000000 -0.409248 0.912423 0.000000 -0.433959 0.900933 0.000000 
0.379213 -0.925309 0.000000 0.996139 0.087786 0.000000 0.428561 -0.903513 0.000000 -0.846466 0.532444 0.000000 -0.384222 0.923241 0.000000 -0.429902 0.902875 0.000000 
-0.354946 0.934887 0.000000 0.361069 -0.932539 0.000000 -0.865861 0.500284 0.000000 -0.424686 0.905341 0.000000 0.980596 0.196038 0.000000 0.420585 -0.907253 0.000000 
0.932713 0.360621 0.000000 -0.325212 0.945641 0.000000 0.343155 -0.939279 0.000000 0.412572 -0.910925 0.000000 -0.890185 0.455599 0.000000 -0.421127 0.907002 0.000000 
-0.930213 0.367020 0.000000 -0.440575 0.897716 0.000000 0.337939 -0.941168 0.000000 0.418451 -0.908240 0.000000 0.733586 0.679597 0.000000 -0.305817 0.952090 0.000000 
-0.979050 0.203618 0.000000 -0.466552 0.884494 0.000000 0.334289 -0.942470 0.000000 0.434105 -0.900863 0.000000 0.408664 0.912685 0.000000 -0.291727 0.956502 0.000000 
-0.998148 -0.060831 -0.000000 -0.495536 0.868587 0.000000 0.331437 -0.943477 0.000000 0.456177 -0.889889 0.000000 0.161573 0.986861 0.000000 -0.276262 0.961082 0.000000 
-0.521518 0.853241 0.000000 -0.896227 -0.443597 -0.000000 0.020511 0.999790 0.000000 -0.253146 0.967428 0.000000 0.481488 -0.876453 0.000000 0.325967 -0.945381 0.000000 
-0.552021 0.833830 0.000000 0.515673 -0.856785 0.000000 -0.074200 0.997243 0.000000 -0.209871 0.977729 0.000000 -0.693384 -0.720568 -0.000000 0.310073 -0.950713 0.000000 
-0.577482 0.816403 0.000000 -0.126753 0.991934 0.000000 0.555314 -0.831641 0.000000 -0.431981 -0.901883 -0.000000 0.276329 -0.961063 0.000000 
-0.606107 0.795383 0.000000 -0.024919 0.999689 0.000000 0.585897 -0.810386 0.000000 -0.206230 -0.978504 -0.000000 0.220752 -0.975330 0.000000 
-0.635116 0.772417 0.000000 0.611489 -0.791253 0.000000 0.219990 0.975502 0.000000 0.060240 0.998184 0.000000 -0.045663 -0.998957 -0.000000 0.219641 -0.975581 0.000000 
-0.668101 0.744071 0.000000 -0.435272 -0.900299 -0.000000 -0.069277 0.997597 0.000000 0.635529 -0.772077 0.000000 0.248868 -0.968537 0.000000 
0.995193 -0.097937 0.000000 0.257591 -0.966254 0.000000 0.726704 -0.686951 0.000000 -0.138255 0.990397 0.000000 -0.705400 0.708810 0.000000 
0.883387 -0.468644 0.000000 0.261392 -0.965233 0.000000 -0.170914 0.985286 0.000000 -0.756484 0.654012 0.000000 
0.825705 -0.564103 0.000000 -0.202770 0.979226 0.000000 -0.762084 0.647479 0.000000 0.253178 -0.967420 0.000000 
-0.721747 0.692157 0.000000 -0.224033 0.974582 0.000000 0.169162 -0.985588 0.000000 0.229928 -0.973208 0.000000 0.910662 -0.413152 0.000000 0.720144 -0.693825 0.000000 
-0.697625 0.716463 0.000000 -0.241252 0.970463 0.000000 0.195760 -0.980652 0.000000 0.287105 -0.957899 0.000000 0.978694 -0.205325 0.000000 0.668282 -0.743908 0.000000 
0.993995 0.109422 0.000000 0.637179 -0.770716 0.000000 -0.686449 0.727178 0.000000 -0.254851 0.966980 0.000000 0.146164 -0.989260 0.000000 0.334988 -0.942223 0.000000 
0.911670 0.410923 0.000000 0.630735 -0.775998 0.000000 -0.687935 0.725772 0.000000 -0.266768 0.963761 0.000000 0.098726 -0.995115 0.000000 0.363555 -0.931573 0.000000 
0.798946 0.601403 0.000000 0.631893 -0.775055 0.000000 -0.697954 0.716143 0.000000 -0.280147 0.959957 0.000000 0.068842 -0.997628 0.000000 0.372263 -0.928127 0.000000 
-0.715344 0.698773 0.000000 0.640903 -0.767622 0.000000 0.690270 0.723552 0.000000 -0.307094 0.951679 0.000000 -0.010533 -0.999945 -0.000000 0.383988 -0.923338 0.000000 
-0.735485 0.677541 0.000000 0.650426 -0.759569 0.000000 0.629978 0.776613 0.000000 -0.341507 0.939879 0.000000 -0.099615 -0.995026 -0.000000 0.393701 -0.919239 0.000000 
-0.761364 0.648324 0.000000 0.612339 0.790595 0.000000 -0.393426 0.919356 0.000000 0.663820 -0.747893 0.000000 -0.127166 -0.991881 -0.000000 0.406579 -0.913616 0.000000 
-0.781295 0.624162 0.000000 0.608396 0.793633 0.000000 -0.399350 0.916799 0.000000 0.671637 -0.740880 0.000000 -0.184501 -0.982832 -0.000000 0.440023 -0.897987 0.000000 
-0.781174 0.624313 0.000000 0.609804 0.792553 0.000000 -0.423116 0.906076 0.000000 0.671236 -0.741244 0.000000 -0.415417 -0.909631 -0.000000 0.442002 -0.897014 0.000000 
-0.785907 0.618344 0.000000 0.627615 0.778524 0.000000 -0.442118 0.896957 0.000000 0.674457 -0.738314 0.000000 -0.478438 -0.878121 -0.000000 0.443845 -0.896104 0.000000 
-0.797363 0.603500 0.000000 0.624781 0.780800 0.000000 -0.462042 0.886858 0.000000 0.686629 -0.727008 0.000000 -0.515991 -0.856594 -0.000000 0.456816 -0.889561 0.000000 
-0.808809 0.588071 0.000000 0.606649 0.794970 0.000000 -0.474660 0.880169 0.000000 0.702388 -0.711794 0.000000 -0.561255 -0.827643 -0.000000 0.466978 -0.884269 0.000000 
-0.817012 0.576620 0.000000 0.716073 -0.698025 0.000000 0.584674 0.811268 0.000000 -0.489758 0.871858 0.000000 -0.603600 -0.797287 -0.000000 0.471768 -0.881723 0.000000 
-0.826324 0.563196 0.000000 0.730591 -0.682816 0.000000 0.564103 0.825705 0.000000 -0.500788 0.865570 0.000000 -0.608956 -0.793204 -0.000000 0.478021 -0.878348 0.000000 
-0.837983 0.545696 0.000000 0.747421 -0.664350 0.000000 0.540558 0.841307 0.000000 -0.516185 0.856477 0.000000 -0.575070 -0.818104 -0.000000 0.489983 -0.871732 0.000000 
-0.849852 0.527022 0.000000 0.763703 -0.645568 0.000000 0.513547 0.858061 0.000000 -0.537994 0.842949 0.000000 -0.522938 -0.852371 -0.000000 0.503013 -0.864279 0.000000 
-0.861124 0.508395 0.000000 0.778270 -0.627930 0.000000 0.490770 0.871289 0.000000 -0.569631 0.821901 0.000000 -0.454756 -0.890616 -0.000000 0.515037 -0.857168 0.000000 
-0.871682 0.490071 0.000000 0.791454 -0.611229 0.000000 0.465012 0.885304 0.000000 -0.612765 0.790265 0.000000 -0.372547 -0.928013 -0.000000 0.528256 -0.849085 0.000000 
-0.879713 0.475505 0.000000 0.802519 -0.596627 0.000000 0.441283 0.897368 0.000000 -0.628514 0.777798 0.000000 -0.310214 -0.950667 -0.000000 0.540386 -0.841418 0.000000 
-0.885272 0.465073 0.000000 0.810607 -0.585591 0.000000 0.417383 0.908731 0.000000 -0.643359 0.765565 0.000000 -0.264821 -0.964298 -0.000000 0.553002 -0.833180 0.000000 
-0.887477 0.460852 0.000000 0.815009 -0.579449 0.000000 0.399170 0.916877 0.000000 -0.657299 0.753630 0.000000 -0.259337 -0.965787 -0.000000 0.562505 -0.826794 0.000000 
-0.888224 0.459411 0.000000 0.818365 -0.574698 0.000000 0.376810 0.926291 0.000000 -0.672829 0.739798 0.000000 -0.263342 -0.964703 -0.000000 0.572012 -0.820245 0.000000 
-0.887662 0.460496 0.000000 0.820200 -0.572076 0.000000 0.360652 0.932701 0.000000 -0.685082 0.728466 0.000000 -0.273568 -0.961853 -0.000000 0.578860 -0.815427 0.000000 
-0.887803 0.460225 0.000000 0.822969 -0.568087 0.000000 0.342279 0.939598 0.000000 -0.697132 0.716943 0.000000 -0.275949 -0.961172 -0.000000 0.587359 -0.809326 0.000000 
-0.887765 0.460296 0.000000 0.823901 -0.566733 0.000000 0.330421 0.943834 0.000000 -0.704875 0.709332 0.000000 -0.265067 -0.964230 -0.000000 0.593494 -0.804838 0.000000 
-0.888916 0.458070 0.000000 0.825419 -0.564520 0.000000 0.316179 0.948700 0.000000 -0.711688 0.702496 0.000000 -0.237707 -0.971337 -0.000000 0.599881 -0.800089 0.000000 
-0.889946 0.456066 0.000000 0.826110 -0.563509 0.000000 0.305070 0.952330 0.000000 -0.717932 0.696113 0.000000 -0.204658 -0.978833 -0.000000 0.602751 -0.797929 0.000000 
-0.891663 0.452700 0.000000 0.827389 -0.561629 0.000000 0.291110 0.956690 0.000000 -0.727994 0.685583 0.000000 -0.161637 -0.986850 -0.000000 0.604568 -0.796554 0.000000 
-0.893299 0.449463 0.000000 0.828424 -0.560101 0.000000 0.280554 0.959838 0.000000 -0.736784 0.676128 0.000000 -0.118478 -0.992957 -0.000000 0.603140 -0.797635 0.000000 
-0.895549 0.444962 0.000000 0.830250 -0.557392 0.000000 0.269048 0.963127 0.000000 -0.748171 0.663506 0.000000 -0.070848 -0.997487 -0.000000 0.600566 -0.799576 0.000000 
-0.897754 0.440498 0.000000 0.831561 -0.555433 0.000000 0.261986 0.965072 0.000000 -0.760544 0.649286 0.000000 -0.021230 -0.999775 -0.000000 0.597915 -0.801559 0.000000 
-0.900136 0.435610 0.000000 0.832939 -0.553366 0.000000 0.257570 0.966260 0.000000 -0.776496 0.630122 0.000000 0.030579 -0.999532 0.000000 0.596225 -0.802818 0.000000 
-0.901331 0.433132 0.000000 0.831473 -0.555566 0.000000 0.258561 0.965995 0.000000 -0.791321 0.611401 0.000000 0.084853 -0.996393 0.000000 0.598553 -0.801083 0.000000 
-0.900058 0.435769 0.000000 0.260833 0.965384 0.000000 -0.813036 0.582214 0.000000 0.832124 -0.554590 0.000000 0.824145 -0.566379 0.000000 0.144685 -0.989478 0.000000 0.607506 -0.794315 0.000000 
-0.897831 0.440340 0.000000 0.264944 0.964264 0.000000 -0.835360 0.549703 0.000000 0.854318 -0.519751 0.000000 0.811737 -0.584023 0.000000 0.185565 -0.982632 0.000000 0.623235 -0.782034 0.000000 
0.263551 0.964645 0.000000 -0.896460 0.443125 0.000000 -0.863505 0.504340 0.000000 0.881949 -0.471344 0.000000 0.799629 -0.600495 0.000000 0.235597 -0.971851 0.000000 0.643848 -0.765153 0.000000 
0.256983 0.966416 0.000000 -0.895501 0.445060 0.000000 -0.894689 0.446690 0.000000 0.912326 -0.409465 0.000000 0.790736 -0.612158 0.000000 0.270803 -0.962635 0.000000 0.662927 -0.748684 0.000000 
0.241394 0.970427 0.000000 -0.897118 0.441791 0.000000 0.960216 -0.279258 0.000000 0.778586 -0.627538 0.000000 0.262799 -0.964851 0.000000 0.683262 -0.730173 0.000000 
0.225370 0.974273 0.000000 -0.898250 0.439484 0.000000 0.990465 -0.137766 0.000000 0.770420 -0.637536 0.000000 0.267777 -0.963481 0.000000 0.695897 -0.718142 0.000000 
0.223186 0.974776 0.000000 -0.899860 0.436180 0.000000 0.990977 0.134035 0.000000 0.762058 -0.647509 0.000000 0.160496 -0.987036 0.000000 0.709600 -0.704605 0.000000 
0.255103 0.966914 0.000000 -0.901039 0.433738 0.000000 0.830579 0.556901 0.000000 0.753934 -0.656950 0.000000 0.727808 -0.685781 0.000000 
0.272325 0.962205 0.000000 -0.905520 0.424303 0.000000 0.674227 0.738524 0.000000 0.753054 -0.657959 0.000000 0.745894 -0.666065 0.000000 
-0.906315 0.422603 0.000000 0.508320 0.861168 0.000000 0.294703 0.955589 0.000000 0.758677 -0.651467 0.000000 0.755354 -0.655318 0.000000 
-0.900872 0.434085 0.000000 0.752396 -0.658711 0.000000 0.387426 0.921901 0.000000 0.328100 0.944643 0.000000 
-0.897671 0.440665 0.000000 0.751452 -0.659787 0.000000 0.379456 0.925210 0.000000 0.355141 0.934813 0.000000 
-0.896276 0.443496 0.000000 0.752789 -0.658262 0.000000 -0.052850 -0.998602 -0.000000 0.382414 0.923991 0.000000 0.374552 0.927206 0.000000 
-0.894949 0.446168 0.000000 0.754381 -0.656437 0.000000 -0.185807 -0.982586 -0.000000 0.405635 0.914035 0.000000 0.384680 0.923050 0.000000 
-0.894264 0.447540 0.000000 0.759724 -0.650245 0.000000 -0.355229 -0.934779 -0.000000 0.440649 0.897679 0.000000 0.392666 0.919681 0.000000 
-0.897719 0.440569 0.000000 0.772738 -0.634725 0.000000 -0.447330 -0.894369 -0.000000 0.458278 0.888809 0.000000 0.403282 0.915076 0.000000 
-0.900314 0.435241 0.000000 0.781926 -0.623372 0.000000 -0.477466 -0.878650 -0.000000 0.426323 0.904571 0.000000 0.425135 0.905130 0.000000 
-0.899595 0.436724 0.000000 0.784974 -0.619528 0.000000 -0.505977 -0.862547 -0.000000 0.448658 0.893703 0.000000 0.396401 0.918077 0.000000 
-0.899295 0.437343 0.000000 0.787773 -0.615966 0.000000 -0.492303 -0.870424 -0.000000 0.464637 0.885501 0.000000 0.375515 0.926816 0.000000 
-0.898999 0.437952 0.000000 0.790308 -0.612710 0.000000 -0.485172 -0.874419 -0.000000 0.478381 0.878152 0.000000 0.338836 0.940845 0.000000 
-0.898282 0.439419 0.000000 0.792203 -0.610257 0.000000 -0.478105 -0.878303 -0.000000 0.496024 0.868309 0.000000 0.273983 0.961735 0.000000 
-0.896541 0.442962 0.000000 0.792905 -0.609345 0.000000 -0.475209 -0.879873 -0.000000 0.515423 0.856936 0.000000 0.204721 0.978820 0.000000 
0.533784 0.845621 0.000000 -0.475098 -0.879933 -0.000000 0.791704 -0.610904 0.000000 0.132725 0.991153 0.000000 -0.894342 0.447383 0.000000 
0.547669 0.836695 0.000000 -0.471797 -0.881707 -0.000000 0.791146 -0.611627 0.000000 0.063152 0.998004 0.000000 -0.893219 0.449621 0.000000 
0.554109 0.832444 0.000000 -0.471380 -0.881930 -0.000000 0.792680 -0.609638 0.000000 0.027483 0.999622 0.000000 -0.893671 0.448723 0.000000 
0.553173 0.833066 0.000000 -0.483799 -0.875179 -0.000000 0.797925 -0.602757 0.000000 -0.010884 0.999941 0.000000 -0.896808 0.442421 0.000000 
0.553854 0.832614 0.000000 -0.500723 -0.865608 -0.000000 0.802100 -0.597190 0.000000 -0.026568 0.999647 0.000000 -0.899294 0.437345 0.000000 
0.555564 0.831474 0.000000 0.806793 -0.590835 0.000000 -0.522858 -0.852420 -0.000000 -0.047870 0.998854 0.000000 -0.902098 0.431532 0.000000 
0.557209 0.830372 0.000000 0.810644 -0.585539 0.000000 -0.543109 -0.839662 -0.000000 -0.052654 0.998613 0.000000 -0.904467 0.426543 0.000000 
0.557505 0.830174 0.000000 0.815069 -0.579363 0.000000 -0.564659 -0.825324 -0.000000 -0.069671 0.997570 0.000000 -0.907550 0.419943 0.000000 
0.557435 0.830220 0.000000 0.817467 -0.575975 0.000000 -0.584489 -0.811401 -0.000000 -0.071861 0.997415 0.000000 -0.909649 0.415377 0.000000 
0.557516 0.830166 0.000000 0.819513 -0.573060 0.000000 -0.596158 -0.802867 -0.000000 -0.064505 0.997917 0.000000 -0.911753 0.410739 0.000000 
0.556876 0.830596 0.000000 0.823335 -0.567556 0.000000 -0.596845 -0.802356 -0.000000 -0.043604 0.999049 0.000000 -0.914802 0.403904 0.000000 
0.554455 0.832214 0.000000 0.828226 -0.560394 0.000000 -0.609546 -0.792751 -0.000000 -0.025803 0.999667 0.000000 -0.919668 0.392698 0.000000 -0.918751 0.394839 0.000000 
0.555123 0.831768 0.000000 0.833742 -0.552154 0.000000 -0.029863 0.999554 0.000000 -0.921386 0.388649 0.000000 -0.624944 -0.780669 -0.000000 -0.929710 0.368293 0.000000 
0.561218 0.827668 0.000000 0.837597 -0.546289 0.000000 0.019652 0.999807 0.000000 -0.922494 0.386012 0.000000 -0.643927 -0.765087 -0.000000 -0.938776 0.344527 0.000000 
0.566805 0.823852 0.000000 0.839574 -0.543245 0.000000 0.113993 0.993482 0.000000 -0.922668 0.385595 0.000000 -0.668062 -0.744105 -0.000000 -0.945397 0.325920 0.000000 
0.572257 0.820074 0.000000 0.841143 -0.540812 0.000000 0.182802 0.983150 0.000000 -0.922909 0.385019 0.000000 -0.701999 -0.712178 -0.000000 -0.951110 0.308853 0.000000 
0.579659 0.814859 0.000000 0.841546 -0.540185 0.000000 0.363635 0.931541 0.000000 -0.921522 0.388326 0.000000 -0.732724 -0.680526 -0.000000 -0.955788 0.294056 0.000000 
0.585710 0.810521 0.000000 0.841754 -0.539862 0.000000 0.439423 0.898280 0.000000 -0.921156 0.389193 0.000000 -0.772486 -0.635032 -0.000000 -0.958943 0.283598 0.000000 
0.839958 -0.542651 0.000000 -0.918609 0.395168 0.000000 0.593548 0.804799 0.000000 0.630802 0.775944 0.000000 -0.804065 -0.594542 -0.000000 -0.961270 0.275607 0.000000 
0.838412 -0.545037 0.000000 -0.917543 0.397635 0.000000 0.597891 0.801577 0.000000 0.695572 0.718456 0.000000 -0.842687 -0.538404 -0.000000 -0.963112 0.269099 0.000000 
0.836264 -0.548328 0.000000 -0.916045 0.401075 0.000000 0.601143 0.799142 0.000000 0.768047 0.640394 0.000000 -0.873039 -0.487651 -0.000000 -0.964143 0.265384 0.000000 
0.833973 -0.551805 0.000000 -0.914029 0.405648 0.000000 0.605945 0.795506 0.000000 0.851739 0.523966 0.000000 -0.901017 -0.433785 -0.000000 -0.965386 0.260826 0.000000 
0.830321 -0.557285 0.000000 -0.909883 0.414865 0.000000 0.614586 0.788850 0.000000 0.949746 0.313022 0.000000 -0.922450 -0.386116 -0.000000 -0.966363 0.257183 0.000000 
0.827036 -0.562149 0.000000 -0.906835 0.421485 0.000000 0.622096 0.782941 0.000000 0.983276 0.182120 0.000000 -0.945515 -0.325578 -0.000000 -0.967590 0.252527 0.000000 
0.823725 -0.566989 0.000000 -0.904389 0.426708 0.000000 0.627874 0.778315 0.000000 0.994410 0.105589 0.000000 -0.963398 -0.268073 -0.000000 -0.968285 0.249847 0.000000 
0.821324 -0.570461 0.000000 -0.902717 0.430235 0.000000 0.631872 0.775073 0.000000 0.998916 0.046545 0.000000 -0.977194 -0.212348 -0.000000 -0.969331 0.245760 0.000000 
