0.002411 0.000523 0.999997 0.000063 -0.000295 1.000000 0.000033 -0.000128 1.000000 -0.000740 -0.000433 1.000000 -0.000957 -0.000220 1.000000 0.000357 0.000207 1.000000 
0.002174 0.000471 0.999998 0.001168 -0.005444 0.999984 0.000904 -0.003541 0.999993 -0.000720 -0.000421 1.000000 -0.000061 -0.000014 1.000000 0.000373 0.000216 1.000000 
0.001900 0.000415 0.999998 0.001228 -0.005669 0.999983 0.000784 -0.003061 0.999995 0.000096 0.000056 1.000000 0.002255 0.000520 0.999997 0.000517 0.000299 1.000000 
0.001647 0.000362 0.999999 0.001707 -0.007823 0.999968 0.001714 -0.006671 0.999976 -0.000040 -0.000024 1.000000 -0.000462 -0.000107 1.000000 0.000866 0.000502 0.999999 
0.002381 0.000526 0.999997 0.002370 -0.010828 0.999939 0.001848 -0.007189 0.999972 -0.000319 -0.000186 1.000000 -0.000426 -0.000099 1.000000 0.001314 0.000762 0.999999 
0.003187 0.000704 0.999995 0.003315 -0.015138 0.999880 0.002480 -0.009644 0.999950 -0.000618 -0.000361 1.000000 -0.000598 -0.000139 1.000000 0.001701 0.000986 0.999998 
0.004303 0.000951 0.999990 0.004228 -0.019306 0.999805 0.003041 -0.011815 0.999926 -0.001015 -0.000593 0.999999 -0.000425 -0.000099 1.000000 0.002007 0.001163 0.999997 
0.003989 0.000880 0.999992 0.005260 -0.024046 0.999697 0.004174 -0.016192 0.999860 -0.000942 -0.000550 0.999999 -0.000366 -0.000085 1.000000 0.002036 0.001180 0.999997 
0.005391 0.001190 0.999985 0.006598 -0.030164 0.999523 0.005242 -0.020289 0.999780 -0.001209 -0.000706 0.999999 0.000378 0.000088 1.000000 0.002385 0.001382 0.999996 
0.004919 0.001081 0.999987 0.008052 -0.036999 0.999283 0.007090 -0.027431 0.999599 -0.001091 -0.000637 0.999999 0.000382 0.000089 1.000000 0.002291 0.001326 0.999996 
0.004589 0.000996 0.999989 0.009510 -0.044218 0.998977 0.009065 -0.035056 0.999344 -0.001011 -0.000590 0.999999 0.000403 0.000094 1.000000 0.002175 0.001257 0.999997 
0.004266 0.000916 0.999990 0.011412 -0.053664 0.998494 0.011676 -0.045149 0.998912 -0.000919 -0.000537 0.999999 0.000446 0.000104 1.000000 0.002014 0.001162 0.999997 
0.005693 0.001215 0.999983 0.013216 -0.062564 0.997953 0.014396 -0.055670 0.998345 -0.000880 -0.000514 0.999999 0.000497 0.000116 1.000000 0.002154 0.001243 0.999997 
0.007492 0.001587 0.999971 0.015490 -0.073962 0.997141 0.017697 -0.068724 0.997479 -0.000822 -0.000480 1.000000 0.000522 0.000121 1.000000 0.002433 0.001403 0.999996 
0.010505 0.002212 0.999942 0.017724 -0.085331 0.996195 0.021161 -0.082951 0.996329 -0.000750 -0.000438 1.000000 0.001106 0.000254 0.999999 0.002691 0.001552 0.999995 
0.014558 0.003022 0.999889 0.019842 -0.097182 0.995069 0.025064 -0.100038 0.994668 -0.000646 -0.000378 1.000000 0.003922 0.000884 0.999992 0.002116 0.001222 0.999997 
0.019422 0.003962 0.999804 0.021841 -0.109298 0.993769 0.028667 -0.116424 0.992786 -0.000590 -0.000344 1.000000 0.008553 0.001897 0.999962 0.001371 0.000792 0.999999 
0.025437 0.005095 0.999663 0.024103 -0.123597 0.992040 0.032452 -0.133764 0.990482 -0.000589 -0.000345 1.000000 0.015260 0.003346 0.999878 0.000519 0.000300 1.000000 
0.032337 0.006379 0.999457 0.026605 -0.139657 0.989842 0.036668 -0.153151 0.987522 -0.000539 -0.000315 1.000000 0.021728 0.004726 0.999753 0.000014 0.000008 1.000000 
0.040785 0.007913 0.999137 0.029256 -0.158003 0.987005 0.041150 -0.174361 0.983822 -0.000493 -0.000288 1.000000 0.029863 0.006454 0.999533 -0.000447 -0.000257 1.000000 
0.050654 0.009662 0.998670 0.031833 -0.177742 0.983562 0.045820 -0.197612 0.979209 -0.000451 -0.000264 1.000000 0.038845 0.008340 0.999210 -0.000864 -0.000497 1.000000 
0.061734 0.011592 0.998025 0.034403 -0.199454 0.979303 0.050690 -0.223025 0.973494 -0.000403 -0.000236 1.000000 0.049127 0.010500 0.998737 -0.001346 -0.000773 0.999999 
0.073863 0.013640 0.997175 0.036687 -0.222590 0.974222 0.055659 -0.250490 0.966518 -0.000334 -0.000196 1.000000 0.060135 0.012821 0.998108 -0.001842 -0.001057 0.999998 
0.086845 0.015870 0.996095 0.038970 -0.247865 0.968010 0.060568 -0.279182 0.958326 -0.000307 -0.000180 1.000000 0.071829 0.015341 0.997299 -0.002141 -0.001226 0.999997 
0.101079 0.018290 0.994710 0.040776 -0.274824 0.960630 0.065440 -0.309691 0.948583 -0.000282 -0.000165 1.000000 0.084149 0.018077 0.996289 -0.002285 -0.001305 0.999997 
0.116386 0.020991 0.992982 0.042267 -0.303990 0.951737 0.070222 -0.342568 0.936865 -0.000254 -0.000149 1.000000 0.097399 0.021144 0.995021 -0.002412 -0.001374 0.999996 
0.133163 0.024024 0.990803 0.043026 -0.335769 0.940961 0.075074 -0.377510 0.922957 -0.000220 -0.000129 1.000000 0.111003 0.024565 0.993516 -0.002095 -0.001190 0.999997 
0.151123 0.027495 0.988133 0.042953 -0.369663 0.928172 0.079356 -0.414756 0.906466 -0.000192 -0.000112 1.000000 0.125568 0.028445 0.991677 -0.001742 -0.000986 0.999998 
0.171139 0.031532 0.984742 0.041211 -0.405539 0.913148 0.082963 -0.454040 0.887110 -0.000169 -0.000099 1.000000 0.140921 0.032911 0.989474 -0.001015 -0.000573 0.999999 
0.191965 0.035992 0.980742 0.037450 -0.442858 0.895809 0.084894 -0.495793 0.864281 -0.000008 -0.000005 1.000000 0.157416 0.038011 0.986801 -0.000432 -0.000243 1.000000 
0.215373 0.041150 0.975665 0.030191 -0.481473 0.875941 0.084704 -0.540109 0.837322 0.000186 0.000109 1.000000 0.175025 0.043997 0.983580 0.000407 0.000227 1.000000 
0.240463 0.047304 0.969505 0.019421 -0.520314 0.853754 0.080830 -0.585851 0.806378 0.000421 0.000247 1.000000 0.193955 0.050987 0.979685 0.001246 0.000693 0.999999 
0.268757 0.054728 0.961652 0.002817 -0.559219 0.829015 0.072394 -0.633693 0.770190 0.000711 0.000418 1.000000 0.213565 0.059237 0.975131 0.002626 0.001451 0.999995 
0.298603 0.064151 0.952219 -0.019420 -0.597788 0.801419 0.057140 -0.681705 0.729392 0.000936 0.000550 0.999999 0.233763 0.068915 0.969848 0.004352 0.002387 0.999988 
-0.051686 -0.634434 0.771247 0.032981 -0.730583 0.682026 0.254172 0.080950 0.963765 0.006779 0.003687 0.999970 0.331406 0.075561 0.940458 0.001330 0.000784 0.999999 
-0.094447 -0.664849 0.740983 -0.006737 -0.777067 0.629382 0.275639 0.095900 0.956466 0.008905 0.004787 0.999949 0.365839 0.089090 0.926404 0.001754 0.001037 0.999998 
-0.152580 -0.682066 0.715196 -0.073435 -0.816720 0.572342 0.299685 0.115385 0.947035 0.010821 0.005666 0.999925 0.405677 0.103768 0.908107 0.002390 0.001413 0.999996 
-0.212924 -0.699990 0.681672 -0.136584 -0.842523 0.521057 0.307766 0.130084 0.942528 0.016763 0.008559 0.999823 0.430919 0.121920 0.894117 0.002739 0.001595 0.999995 
-0.280722 -0.715450 0.639786 -0.190959 -0.861811 0.469911 0.300035 0.136814 0.944066 0.028241 0.014253 0.999500 0.445810 0.150362 0.882409 0.003086 0.001742 0.999994 
-0.351710 -0.734396 0.580484 -0.174295 -0.890749 0.419746 0.263553 0.128878 0.955997 0.042598 0.021998 0.998850 0.432615 0.184280 0.882545 0.000709 0.000385 1.000000 
0.099004 0.050065 0.993827 -0.015596 -0.915890 0.401126 -0.395956 -0.773791 0.494435 0.199460 0.099124 0.974879 0.056720 0.029945 0.997941 
0.048269 -0.922103 0.383921 -0.421271 -0.786318 0.451924 0.046637 0.021900 0.998672 0.158381 0.075128 0.984516 0.163635 0.077178 0.983497 0.345775 0.174783 0.921895 -0.144133 -0.070690 0.987030 
-0.002525 -0.001096 0.999996 0.029802 -0.938981 0.342675 0.147493 0.070183 0.986570 -0.461070 -0.760388 0.457410 -0.096069 -0.043090 0.994442 0.360411 0.173602 0.916497 
-0.068300 -0.027991 0.997272 0.083765 -0.950515 0.299174 0.114662 0.054387 0.991915 -0.473558 -0.752850 0.457121 -0.180614 -0.075165 0.980678 0.363246 0.172959 0.915499 
-0.270163 -0.102572 0.957335 -0.142420 -0.055143 0.988269 -0.444281 -0.768935 0.459733 0.357757 0.167820 0.918611 0.188918 -0.944983 0.267053 0.075663 0.035076 0.996516 
0.350360 -0.906175 0.236845 -0.366381 -0.126001 0.921894 -0.230469 -0.084199 0.969430 0.029324 0.013281 0.999482 -0.407502 -0.796211 0.447203 0.336333 0.156162 0.928705 
-0.334898 -0.848800 0.409123 0.286318 0.140517 0.947775 -0.326230 -0.117137 0.938005 -0.049309 -0.022718 0.998525 0.661613 -0.714174 0.228525 -0.468286 -0.150416 0.870680 
-0.190639 -0.916642 0.351317 0.209477 0.110495 0.971551 -0.425681 -0.150987 0.892188 -0.153279 -0.073862 0.985419 0.874855 -0.391725 0.284923 -0.570091 -0.173874 0.802972 
0.058031 -0.952207 0.299890 0.123370 0.070384 0.989862 -0.526580 -0.184984 0.829755 -0.267167 -0.136956 0.953868 0.910981 -0.149150 0.384536 -0.672188 -0.193220 0.714723 
0.025954 0.015864 0.999537 0.425899 -0.860471 0.279642 0.864011 -0.017725 0.503160 -0.769489 -0.201352 0.606089 -0.380163 -0.208847 0.901032 -0.628458 -0.216692 0.747051 
-0.048297 -0.031974 0.998321 -0.475238 -0.286031 0.832067 0.787335 0.058582 0.613736 -0.850295 -0.182517 0.493645 0.692631 -0.666501 0.275752 -0.709652 -0.231451 0.665450 
-0.124398 -0.087993 0.988323 -0.805867 -0.102977 0.583073 -0.541944 -0.361874 0.758514 0.857418 -0.410683 0.310121 -0.785746 -0.225921 0.575815 
-0.196894 -0.150039 0.968876 -0.878285 -0.021893 0.477636 -0.603700 -0.436466 0.667116 0.908986 -0.191578 0.370191 -0.859981 -0.194644 0.471748 
-0.273476 -0.224865 0.935226 -0.660716 -0.510608 0.550212 -0.949407 0.214105 0.229753 0.897239 -0.054148 0.438212 -0.951916 0.043512 0.303254 0.503914 0.113450 0.856271 
-0.339556 -0.304887 0.889801 -0.880996 0.425940 0.205964 0.847753 0.058872 0.527113 -0.701469 -0.577408 0.417782 0.376406 0.096718 0.921392 
0.095740 0.972875 0.210590 0.232280 0.061923 0.970676 -0.660549 -0.698774 0.274571 0.771625 0.107716 0.626890 -0.394965 -0.393065 0.830363 
0.405617 0.764583 0.500887 0.072644 0.019673 0.997164 0.676197 0.117297 0.727323 -0.424817 -0.491378 0.760315 
0.441818 0.646711 0.621741 0.558837 0.115719 0.821164 0.536709 0.631708 0.559365 -0.101028 -0.026440 0.994532 
0.502109 0.523574 0.688300 0.419330 0.096394 0.902702 0.942130 0.161703 0.293674 -0.286941 -0.067792 0.955546 -0.333500 -0.735094 0.590267 0.618651 0.642119 0.452719 
0.428355 0.417092 0.801590 0.267700 0.066549 0.961201 -0.475908 -0.095002 0.874349 0.844923 0.253244 0.471141 -0.176659 -0.842054 0.509644 0.597458 0.536720 0.595799 
0.096679 -0.878235 0.468356 0.528893 0.437256 0.727378 0.328570 0.310168 0.892097 0.101526 0.026758 0.994473 -0.625397 -0.092403 0.774816 0.735246 0.261401 0.625366 
0.365541 -0.810985 0.456819 0.419872 0.341274 0.840976 0.206335 0.195578 0.958736 -0.049471 -0.013694 0.998682 -0.743151 -0.073728 0.665050 0.619207 0.241651 0.747120 
0.523109 -0.694935 0.493378 0.314396 0.256323 0.914031 0.098105 0.095614 0.990572 -0.163130 -0.047607 0.985455 -0.826361 -0.057023 0.560246 0.516432 0.207136 0.830899 
0.024775 0.025363 0.999371 0.234930 0.196148 0.952016 0.600167 -0.572560 0.558547 -0.265683 -0.085732 0.960241 -0.885603 0.009328 0.464349 0.415997 0.173000 0.892758 
-0.019761 -0.021451 0.999575 0.180203 0.154310 0.971450 0.599397 -0.486223 0.635854 -0.341983 -0.124260 0.931454 -0.918983 0.092002 0.383413 0.329712 0.141213 0.933461 
-0.044607 -0.052385 0.997630 0.555216 -0.430031 0.711905 -0.380715 -0.162922 0.910227 0.142922 0.126856 0.981571 -0.944208 0.121054 0.306297 0.258178 0.114895 0.959241 
-0.084029 -0.105183 0.990896 0.523101 -0.401007 0.752036 -0.417787 -0.181985 0.890132 0.082816 0.075076 0.993733 -0.951543 0.178627 0.250317 0.198119 0.097081 0.975358 
-0.064277 -0.080426 0.994686 0.483881 -0.372306 0.791989 -0.437768 -0.204427 0.875539 0.101753 0.092143 0.990533 -0.875123 0.399658 0.272826 0.174511 0.085990 0.980893 
-0.054741 -0.069575 0.996074 0.448624 -0.361662 0.817274 -0.431780 -0.212828 0.876510 0.108511 0.099126 0.989141 -0.840407 0.457890 0.289920 0.169934 0.084169 0.981854 
-0.057581 -0.076078 0.995438 0.434283 -0.347505 0.831046 -0.429692 -0.223864 0.874785 0.099600 0.094068 0.990571 -0.818565 0.493083 0.294654 0.158742 0.081518 0.983949 
-0.070251 -0.096620 0.992839 0.443623 -0.338532 0.829816 -0.431698 -0.232808 0.871457 0.082846 0.081752 0.993203 -0.790778 0.536256 0.295125 0.143223 0.075635 0.986796 
-0.075251 -0.106623 0.991448 0.076479 0.078457 0.993980 0.454096 -0.327263 0.828671 -0.433839 -0.243705 0.867405 -0.758508 0.574242 0.308077 0.134646 0.072043 0.988271 
-0.081464 -0.119524 0.989484 0.067113 0.071809 0.995158 0.468602 -0.320138 0.823361 -0.433198 -0.250633 0.865750 -0.752761 0.577907 0.315239 0.133577 0.072696 0.988369 
-0.084217 -0.129326 0.988019 0.059093 0.066482 0.996036 0.485789 -0.312131 0.816445 -0.427605 -0.257711 0.866452 -0.775935 0.545428 0.316912 0.140504 0.078975 0.986925 
-0.077510 -0.124989 0.989126 0.059761 0.070696 0.995706 0.495996 -0.296852 0.816007 -0.424482 -0.270917 0.863955 -0.807572 0.495453 0.319927 0.152433 0.088716 0.984324 
-0.061498 -0.104166 0.992657 0.071786 0.088974 0.993444 0.495261 -0.278965 0.822736 -0.413891 -0.286854 0.863950 -0.843158 0.430524 0.322078 0.167589 0.100697 0.980701 
-0.035172 -0.062560 0.997421 0.094507 0.122373 0.987974 0.483235 -0.253823 0.837889 -0.399282 -0.309600 0.862973 -0.876670 0.351936 0.328011 0.186174 0.115828 0.975665 
-0.027528 -0.050929 0.998323 0.094752 0.127451 0.987309 0.487110 -0.239538 0.839848 -0.399736 -0.323014 0.857831 -0.895244 0.292129 0.336451 0.200626 0.128849 0.971158 
-0.015209 -0.028951 0.999465 0.100195 0.138696 0.985253 0.486428 -0.223418 0.844673 -0.403946 -0.339465 0.849465 -0.902204 0.247768 0.353043 0.215504 0.143035 0.965971 
0.000226 0.000435 1.000000 0.112316 0.157975 0.981035 0.481650 -0.209690 0.850908 -0.406199 -0.354277 0.842312 -0.895381 0.240431 0.374815 0.225855 0.153660 0.961966 
0.023275 0.044999 0.998716 0.130545 0.185895 0.973859 0.471775 -0.191915 0.860579 -0.412871 -0.375497 0.829783 -0.881298 0.240575 0.406739 0.239854 0.167266 0.956291 
0.048083 0.092685 0.994534 0.150840 0.216262 0.964613 0.460378 -0.178016 0.869691 -0.418645 -0.393712 0.818369 -0.863827 0.245688 0.439819 0.253843 0.180200 0.950311 
0.075696 0.146023 0.986381 0.171256 0.248092 0.953479 0.446693 -0.162722 0.879765 -0.427218 -0.415413 0.803067 -0.845361 0.242700 0.475880 0.270657 0.196426 0.942423 
0.098871 0.190691 0.976658 0.188216 0.273623 0.943242 0.432760 -0.151502 0.888688 -0.436141 -0.433400 0.788635 -0.834520 0.229410 0.500946 0.286098 0.210971 0.934687 
0.120737 0.234299 0.964638 0.202983 0.296794 0.933119 0.417381 -0.139103 0.898022 -0.448658 -0.454529 0.769487 -0.828689 0.202798 0.521678 0.303997 0.227927 0.925005 
0.139205 0.271638 0.952279 0.216221 0.316982 0.923456 0.402097 -0.128808 0.906491 -0.459059 -0.473448 0.751739 -0.827321 0.172979 0.534433 0.320772 0.242309 0.915637 
0.159179 0.313527 0.936143 0.230753 0.339945 0.911696 0.381597 -0.116116 0.917006 -0.469024 -0.498038 0.729366 -0.827232 0.135493 0.545279 0.339673 0.257805 0.904522 
0.175350 0.348504 0.920759 0.243480 0.360123 0.900571 0.363780 -0.106330 0.925396 -0.475812 -0.518497 0.710468 -0.828002 0.098796 0.551953 0.357294 0.270171 0.894063 
0.192723 0.387882 0.901336 0.257244 0.383172 0.887133 0.339997 -0.094978 0.935618 -0.482808 -0.544415 0.685936 -0.826771 0.058722 0.559465 0.376731 0.282965 0.882046 
0.207484 0.422861 0.882122 0.270367 0.404777 0.873531 0.316076 -0.085805 0.944846 -0.484794 -0.567865 0.665209 -0.824982 0.017518 0.564887 0.394239 0.294079 0.870685 
0.221694 0.458105 0.860809 0.283372 0.426538 0.858933 0.284656 -0.075879 0.955622 -0.483872 -0.596272 0.640568 -0.820712 -0.025109 0.570790 0.410985 0.305224 0.859028 
0.229396 0.477364 0.848234 0.292416 0.437636 0.850275 0.257603 -0.068951 0.963788 -0.477515 -0.618035 0.624509 -0.819414 -0.069782 0.568939 0.418632 0.312793 0.852589 
0.231046 0.477214 0.847870 0.225090 -0.060816 0.972438 -0.460305 -0.642796 0.612317 -0.441476 -0.662404 0.605243 0.402772 0.586078 0.703055 -0.826069 -0.120791 0.550472 0.409306 0.313045 0.857013 
0.229704 0.468355 0.853159 0.186574 -0.051263 0.981103 -0.442407 -0.672307 0.593531 -0.420665 -0.691450 0.587314 0.407445 0.566311 0.716436 -0.834121 -0.157520 0.528611 0.389791 0.310641 0.866929 
0.142676 -0.038980 0.989002 0.223215 0.451573 0.863862 -0.414761 -0.710133 0.568933 -0.389293 -0.728419 0.563788 0.406116 0.540791 0.736624 -0.844738 -0.204782 0.494452 0.359734 0.302703 0.882589 
0.094413 -0.025106 0.995217 0.215703 0.434013 0.874703 -0.378281 -0.757671 0.531826 -0.347749 -0.774818 0.527947 0.399234 0.515698 0.758069 -0.855224 -0.240587 0.459031 0.328133 0.290548 0.898839 
0.018336 -0.004561 0.999821 0.125558 0.254962 0.958765 -0.246449 -0.847405 0.470284 0.385086 0.477776 0.789581 -0.886501 -0.241459 0.394733 0.271679 0.254225 0.928203 
-0.040174 0.009293 0.999149 0.091629 0.187278 0.978024 -0.126004 -0.905899 0.404315 0.346485 0.418704 0.839426 -0.916793 -0.254801 0.307518 0.208590 0.202128 0.956888 
-0.119968 0.027468 0.992398 0.043649 0.090051 0.994980 0.126622 -0.936170 0.327951 0.284755 0.335130 0.898111 -0.969737 -0.157683 0.186402 0.119499 0.120347 0.985513 
-0.207190 0.054663 0.976772 -0.006611 -0.013734 0.999884 0.534884 -0.797742 0.278400 0.207023 0.237586 0.949049 0.026181 0.027786 0.999271 
-0.241386 0.068317 0.968021 0.023917 0.051043 0.998410 0.709736 -0.647946 0.276480 -0.006719 -0.007691 0.999948 -0.019138 -0.021432 0.999587 
0.001326 0.002844 0.999995 0.825893 -0.487498 0.283278 -0.265506 0.081882 0.960626 -0.047195 -0.054962 0.997372 -0.043120 -0.049702 0.997833 
0.002885 0.005987 0.999978 -0.050534 -0.057721 0.997053 0.875535 -0.367941 0.313140 -0.296847 0.103103 0.949343 
0.002637 0.005371 0.999982 -0.054067 -0.061578 0.996637 0.872223 -0.357724 0.333558 -0.313271 0.119013 0.942177 
0.002550 0.005154 0.999983 -0.055851 -0.063871 0.996394 0.981482 -0.051944 0.184379 0.866644 -0.358680 0.346809 -0.323084 0.130512 0.937328 
0.001280 0.002567 0.999996 -0.056768 -0.065238 0.996254 0.960800 -0.181687 0.209413 0.857489 -0.380540 0.346269 -0.321075 0.133808 0.937553 
-0.001794 -0.003585 0.999992 -0.057003 -0.066601 0.996150 0.904370 -0.343673 0.252992 0.845771 -0.415169 0.335120 -0.309348 0.132079 0.941732 
-0.003063 -0.006241 0.999976 -0.054032 -0.065781 0.996370 0.852939 -0.426608 0.300832 0.839280 -0.432740 0.329159 -0.302228 0.133195 0.943884 
-0.004734 -0.009793 0.999941 -0.053818 -0.067507 0.996266 0.830816 -0.451473 0.325449 -0.294599 0.138844 0.945481 0.860935 -0.404377 0.308660 
-0.006911 -0.014236 0.999875 -0.054875 -0.069529 0.996070 0.808253 -0.474127 0.349186 -0.289959 0.145566 0.945904 0.873482 -0.377146 0.307881 
-0.010954 -0.022525 0.999686 -0.058059 -0.074253 0.995548 0.808300 -0.457166 0.371013 -0.282016 0.147978 0.947929 0.883324 -0.357894 0.302740 
-0.018372 -0.037713 0.999120 -0.064507 -0.083204 0.994443 0.805705 -0.447046 0.388574 -0.266333 0.145087 0.952899 0.900634 -0.324354 0.289229 
-0.028561 -0.058385 0.997885 -0.073922 -0.095962 0.992636 0.804630 -0.438001 0.400907 -0.244870 0.139883 0.959412 0.925463 -0.263649 0.272042 
-0.038140 -0.077194 0.996286 -0.082687 -0.107596 0.990750 0.800061 -0.432103 0.416160 -0.225026 0.135347 0.964906 0.945502 -0.197752 0.258691 
-0.211511 0.133513 0.968214 0.797627 -0.430659 0.422284 -0.089884 -0.116485 0.989117 0.958528 -0.128356 0.254458 -0.045339 -0.090635 0.994852 
-0.201703 0.132027 0.970507 0.798639 -0.427347 0.423735 -0.094915 -0.122773 0.987886 0.965027 -0.061065 0.254940 -0.050245 -0.099817 0.993736 
-0.196405 0.130735 0.971768 0.796973 -0.425971 0.428233 -0.095682 -0.124410 0.987607 0.966511 -0.026573 0.255245 -0.051595 -0.102756 0.993368 
-0.192987 0.128147 0.972797 0.789904 -0.436658 0.430560 -0.091946 -0.121717 0.988297 0.966607 0.010521 0.256049 -0.049484 -0.100306 0.993725 
-0.194479 0.129367 0.972338 0.780119 -0.451271 0.433322 -0.086036 -0.115557 0.989568 0.964984 0.025647 0.261051 -0.045072 -0.092681 0.994675 
-0.197786 0.132154 0.971296 -0.078704 -0.107472 0.991088 0.766457 -0.470131 0.437630 0.961669 0.046088 0.270312 -0.039416 -0.082398 0.995820 
-0.203541 0.136583 0.969493 -0.070938 -0.098209 0.992634 0.753222 -0.487198 0.441921 0.958587 0.050544 0.280279 -0.033118 -0.070225 0.996981 
-0.211947 0.142334 0.966861 -0.062545 -0.087991 0.994156 0.739303 -0.505806 0.444513 0.952858 0.066548 0.296029 -0.025961 -0.056106 0.998087 
-0.224752 0.150905 0.962660 -0.054213 -0.076943 0.995560 0.726693 -0.523470 0.444854 0.946626 0.068201 0.315036 -0.018162 -0.039773 0.999044 
-0.247521 0.166228 0.954517 -0.045882 -0.065614 0.996790 0.718287 -0.533354 0.446763 0.936250 0.060519 0.346083 -0.009082 -0.020160 0.999756 
-0.270234 0.181180 0.945594 -0.038333 -0.055609 0.997717 0.716510 -0.532987 0.450043 0.927034 0.040461 0.372789 -0.000927 -0.002099 0.999997 
-0.301438 0.200830 0.932096 -0.025663 -0.037928 0.998951 0.708141 -0.544489 0.449520 0.911802 0.023535 0.409955 0.056634 0.132632 0.989546 -0.000807 -0.001878 0.999998 
-0.315733 0.210721 0.925154 -0.014957 -0.022584 0.999633 0.902113 0.026952 0.430657 0.009247 0.021922 0.999717 0.699834 -0.560233 0.443138 0.060090 0.151690 0.986600 
-0.316575 0.214661 0.923959 -0.004952 -0.007593 0.999959 0.905508 -0.017798 0.423957 0.016484 0.039394 0.999088 0.689509 -0.580318 0.433370 0.062405 0.170044 0.983459 
-0.314770 0.216560 0.924133 0.005570 0.008608 0.999947 0.907968 -0.104181 0.405883 0.023806 0.056965 0.998092 0.674521 -0.605589 0.422236 0.064354 0.186671 0.980312 
-0.313739 0.218930 0.923925 0.016788 0.026111 0.999518 0.902740 -0.167851 0.396090 0.031603 0.075755 0.996626 0.648407 -0.639139 0.413605 0.067392 0.207532 0.975904 
-0.304344 0.216498 0.927633 0.028081 0.043747 0.998648 0.866783 -0.338356 0.366336 0.038132 0.090489 0.995167 0.621454 -0.669122 0.407519 0.069556 0.226082 0.971622 
-0.301115 0.217596 0.928430 0.039703 0.061905 0.997292 0.838287 -0.410076 0.359322 0.045820 0.108448 0.993046 0.580805 -0.706522 0.404342 0.073461 0.248397 0.965869 
0.051272 0.079362 0.995526 0.053514 0.124398 0.990788 -0.297219 0.219202 0.929307 0.721485 -0.586530 0.368024 0.545084 -0.737178 0.399315 0.075695 0.264010 0.961545 
0.063673 0.097946 0.993153 0.062339 0.143847 0.987635 -0.294999 0.220038 0.929817 0.667752 -0.646483 0.369010 0.494115 -0.773368 0.397180 0.079447 0.284344 0.955425 
0.074829 0.114122 0.990645 0.070396 0.160784 0.984476 -0.292248 0.219839 0.930732 0.594276 -0.712736 0.372616 0.447772 -0.801644 0.396064 0.082669 0.300336 0.950244 
0.086681 0.131007 0.987585 0.078741 0.177425 0.980979 -0.286979 0.218594 0.932663 0.484388 -0.787404 0.381264 0.398145 -0.826989 0.396950 0.085715 0.317253 0.944459 
0.098591 0.146894 0.984227 0.088110 0.193242 0.977187 -0.278180 0.216728 0.935759 0.285323 -0.865702 0.411279 0.354713 -0.847427 0.395027 0.087408 0.328437 0.940473 
0.111835 0.164532 0.980011 0.098696 0.212347 0.972197 -0.273383 0.217220 0.937058 0.163462 -0.882539 0.440914 0.299057 -0.868496 0.395322 0.089548 0.343114 0.935015 
0.123845 0.179923 0.975854 0.108390 0.229729 0.967200 -0.271051 0.218660 0.937400 0.093573 -0.881241 0.463312 0.246043 -0.884226 0.396998 0.091899 0.356156 0.929896 
0.135779 0.195488 0.971261 0.117523 0.246587 0.961968 -0.269157 0.219428 0.937766 0.040754 -0.874616 0.483100 0.194369 -0.894457 0.402701 0.094200 0.371546 0.923623 
