0.212278 -0.977209 0.000000 -0.977582 -0.210554 -0.000000 0.968931 0.247331 0.000000 0.505093 -0.863065 0.000000 -0.223947 0.974601 0.000000 -0.501982 0.864878 0.000000 
0.214726 -0.976674 0.000000 -0.977052 -0.213003 -0.000000 0.967569 0.252606 0.000000 0.505613 -0.862761 0.000000 -0.229253 0.973367 0.000000 -0.501782 0.864994 0.000000 
0.223313 -0.974747 0.000000 -0.975140 -0.221591 -0.000000 0.965032 0.262132 0.000000 0.508104 -0.861296 0.000000 -0.238837 0.971060 0.000000 -0.503986 0.863712 0.000000 
0.224532 -0.974467 0.000000 -0.974861 -0.222813 -0.000000 0.964901 0.262616 0.000000 0.508500 -0.861062 0.000000 -0.239325 0.970940 0.000000 -0.504568 0.863372 0.000000 
0.224606 -0.974450 0.000000 -0.974844 -0.222889 -0.000000 0.965684 0.259720 0.000000 0.509216 -0.860639 0.000000 -0.236411 0.971653 0.000000 -0.506046 0.862507 0.000000 
0.222757 -0.974874 0.000000 -0.975265 -0.221041 -0.000000 0.966605 0.256270 0.000000 0.508988 -0.860773 0.000000 -0.232939 0.972491 0.000000 -0.506237 0.862394 0.000000 
0.219248 -0.975669 0.000000 -0.976050 -0.217547 -0.000000 0.967582 0.252556 0.000000 0.508778 -0.860898 0.000000 -0.229203 0.973379 0.000000 -0.506117 0.862465 0.000000 
0.212203 -0.977226 0.000000 -0.977589 -0.210522 -0.000000 0.968597 0.248635 0.000000 0.507899 -0.861417 0.000000 -0.225259 0.974299 0.000000 -0.504550 0.863383 0.000000 
0.207355 -0.978266 0.000000 -0.978618 -0.205686 -0.000000 0.969233 0.246144 0.000000 0.507315 -0.861760 0.000000 -0.222753 0.974875 0.000000 -0.503454 0.864022 0.000000 
0.201930 -0.979400 0.000000 -0.979740 -0.200272 -0.000000 0.969790 0.243941 0.000000 0.506626 -0.862166 0.000000 -0.220537 0.975379 0.000000 -0.502055 0.864836 0.000000 
0.200980 -0.979595 0.000000 -0.979929 -0.199347 -0.000000 0.969905 0.243482 0.000000 0.506362 -0.862321 0.000000 -0.220075 0.975483 0.000000 -0.501687 0.865049 0.000000 
0.202176 -0.979349 0.000000 -0.979681 -0.200563 -0.000000 0.970003 0.243091 0.000000 0.506349 -0.862328 0.000000 -0.219683 0.975571 0.000000 -0.502047 0.864840 0.000000 
0.205941 -0.978564 0.000000 -0.978898 -0.204351 -0.000000 0.970004 0.243089 0.000000 0.506574 -0.862196 0.000000 -0.219681 0.975572 0.000000 -0.503142 0.864203 0.000000 
0.208498 -0.978023 0.000000 -0.978362 -0.206902 -0.000000 0.970014 0.243048 0.000000 0.506736 -0.862101 0.000000 -0.219639 0.975581 0.000000 -0.503907 0.863758 0.000000 
0.211990 -0.977272 0.000000 -0.977619 -0.210383 -0.000000 0.969952 0.243296 0.000000 0.506889 -0.862011 0.000000 -0.219889 0.975525 0.000000 -0.504808 0.863232 0.000000 
0.214355 -0.976756 0.000000 -0.977111 -0.212730 -0.000000 0.969956 0.243280 0.000000 0.507052 -0.861915 0.000000 -0.219872 0.975529 0.000000 -0.505524 0.862812 0.000000 
0.216780 -0.976220 0.000000 -0.976583 -0.215143 -0.000000 0.969873 0.243612 0.000000 0.507315 -0.861761 0.000000 -0.220207 0.975453 0.000000 -0.506270 0.862375 0.000000 
0.217210 -0.976125 0.000000 -0.976490 -0.215561 -0.000000 0.969755 0.244079 0.000000 0.507471 -0.861669 0.000000 -0.220676 0.975347 0.000000 -0.506415 0.862290 0.000000 
0.217382 -0.976087 0.000000 -0.976453 -0.215729 -0.000000 0.969579 0.244778 0.000000 0.507673 -0.861550 0.000000 -0.221380 0.975188 0.000000 -0.506489 0.862247 0.000000 
0.215633 -0.976475 0.000000 -0.976838 -0.213981 -0.000000 0.969526 0.244989 0.000000 0.507720 -0.861522 0.000000 -0.221593 0.975139 0.000000 -0.506080 0.862487 0.000000 
0.214026 -0.976828 0.000000 -0.977188 -0.212378 -0.000000 0.969421 0.245403 0.000000 0.507700 -0.861534 0.000000 -0.222008 0.975045 0.000000 -0.505588 0.862775 0.000000 
0.211770 -0.977319 0.000000 -0.977672 -0.210138 -0.000000 0.969421 0.245403 0.000000 0.507537 -0.861630 0.000000 -0.222008 0.975045 0.000000 -0.504904 0.863176 0.000000 
0.209883 -0.977727 0.000000 -0.978070 -0.208278 -0.000000 0.969555 0.244875 0.000000 0.507734 -0.861514 0.000000 -0.221478 0.975165 0.000000 -0.504793 0.863240 0.000000 
0.207189 -0.978301 0.000000 -0.978630 -0.205630 -0.000000 0.969555 0.244874 0.000000 0.507551 -0.861622 0.000000 -0.221477 0.975166 0.000000 -0.503987 0.863711 0.000000 
0.206185 -0.978513 0.000000 -0.978829 -0.204680 -0.000000 0.969698 0.244307 0.000000 0.507562 -0.861615 0.000000 -0.220905 0.975295 0.000000 -0.503904 0.863760 0.000000 
0.205342 -0.978690 0.000000 -0.978995 -0.203882 -0.000000 0.969703 0.244286 0.000000 0.507508 -0.861647 0.000000 -0.220884 0.975300 0.000000 -0.503660 0.863902 0.000000 
0.205979 -0.978556 0.000000 -0.978854 -0.204558 -0.000000 0.969704 0.244284 0.000000 0.507562 -0.861615 0.000000 -0.220883 0.975300 0.000000 -0.503862 0.863784 0.000000 
0.206882 -0.978366 0.000000 -0.978660 -0.205485 -0.000000 0.969773 0.244010 0.000000 0.507610 -0.861587 0.000000 -0.220607 0.975363 0.000000 -0.504184 0.863596 0.000000 
0.208491 -0.978024 0.000000 -0.978318 -0.207108 -0.000000 0.969799 0.243905 0.000000 0.507722 -0.861521 0.000000 -0.220502 0.975387 0.000000 -0.504694 0.863298 0.000000 
0.210874 -0.977513 0.000000 -0.977810 -0.209494 -0.000000 0.969799 0.243906 0.000000 0.507895 -0.861419 0.000000 -0.220502 0.975387 0.000000 -0.505419 0.862874 0.000000 
0.213312 -0.976984 0.000000 -0.977285 -0.211929 -0.000000 0.969737 0.244150 0.000000 0.508414 -0.861113 0.000000 -0.220740 0.975333 0.000000 -0.506449 0.862270 0.000000 
0.214281 -0.976772 0.000000 -0.977073 -0.212905 -0.000000 0.969714 0.244245 0.000000 0.508577 -0.861017 0.000000 -0.220849 0.975308 0.000000 -0.506809 0.862058 0.000000 
0.215430 -0.976519 0.000000 -0.976822 -0.214054 -0.000000 0.969665 0.244437 0.000000 0.508873 -0.860842 0.000000 -0.221030 0.975267 0.000000 -0.507330 0.861752 0.000000 
0.215938 -0.976407 0.000000 -0.976709 -0.214567 -0.000000 0.969665 0.244439 0.000000 0.508915 -0.860817 0.000000 -0.221032 0.975266 0.000000 -0.507491 0.861657 0.000000 
0.215554 -0.976492 0.000000 -0.976790 -0.214200 -0.000000 0.969637 0.244549 0.000000 0.508898 -0.860827 0.000000 -0.221145 0.975241 0.000000 -0.507358 0.861735 0.000000 
0.214503 -0.976723 0.000000 -0.977014 -0.213175 -0.000000 0.969625 0.244597 0.000000 0.508838 -0.860862 0.000000 -0.221193 0.975230 0.000000 -0.507043 0.861920 0.000000 
0.213343 -0.976977 0.000000 -0.977260 -0.212045 -0.000000 0.969616 0.244632 0.000000 0.508811 -0.860878 0.000000 -0.221229 0.975222 0.000000 -0.506740 0.862099 0.000000 
0.211727 -0.977329 0.000000 -0.977603 -0.210457 -0.000000 0.969576 0.244790 0.000000 0.508706 -0.860940 0.000000 -0.221389 0.975185 0.000000 -0.506221 0.862404 0.000000 
0.210299 -0.977637 0.000000 -0.977904 -0.209057 -0.000000 0.969573 0.244804 0.000000 0.508610 -0.860997 0.000000 -0.221403 0.975182 0.000000 -0.505791 0.862656 0.000000 
0.208948 -0.977927 0.000000 -0.978187 -0.207725 -0.000000 0.969577 0.244788 0.000000 0.508565 -0.861024 0.000000 -0.221387 0.975186 0.000000 -0.505437 0.862864 0.000000 
0.207371 -0.978262 0.000000 -0.978516 -0.206173 -0.000000 0.969579 0.244779 0.000000 0.508447 -0.861094 0.000000 -0.221378 0.975188 0.000000 -0.504955 0.863145 0.000000 
0.205955 -0.978561 0.000000 -0.978811 -0.204765 -0.000000 0.969593 0.244722 0.000000 0.508449 -0.861092 0.000000 -0.221321 0.975201 0.000000 -0.504645 0.863327 0.000000 
0.205228 -0.978714 0.000000 -0.978961 -0.204048 -0.000000 0.969600 0.244694 0.000000 0.508396 -0.861123 0.000000 -0.221292 0.975208 0.000000 -0.504432 0.863451 0.000000 
0.205224 -0.978715 0.000000 -0.978961 -0.204047 -0.000000 0.969600 0.244695 0.000000 0.508396 -0.861123 0.000000 -0.221294 0.975207 0.000000 -0.504431 0.863452 0.000000 
0.205216 -0.978717 0.000000 -0.978962 -0.204044 -0.000000 0.969608 0.244662 0.000000 0.508393 -0.861125 0.000000 -0.221261 0.975215 0.000000 -0.504435 0.863450 0.000000 
0.205212 -0.978718 0.000000 -0.978961 -0.204046 -0.000000 0.969608 0.244663 0.000000 0.508393 -0.861125 0.000000 -0.221262 0.975214 0.000000 -0.504434 0.863450 0.000000 
0.205192 -0.978722 0.000000 -0.978963 -0.204040 -0.000000 0.969606 0.244671 0.000000 0.508415 -0.861112 0.000000 -0.221271 0.975212 0.000000 -0.504451 0.863441 0.000000 
0.205154 -0.978730 0.000000 -0.978966 -0.204022 -0.000000 0.969609 0.244661 0.000000 0.508415 -0.861112 0.000000 -0.221261 0.975215 0.000000 -0.504446 0.863443 0.000000 
0.205011 -0.978760 0.000000 -0.978991 -0.203905 -0.000000 0.969544 0.244915 0.000000 0.508452 -0.861090 0.000000 -0.221517 0.975157 0.000000 -0.504391 0.863475 0.000000 
0.204853 -0.978793 0.000000 -0.979017 -0.203776 -0.000000 0.969154 0.246455 0.000000 0.508713 -0.860936 0.000000 -0.223066 0.974803 0.000000 -0.504244 0.863562 0.000000 
0.205149 -0.978731 0.000000 -0.978952 -0.204089 -0.000000 0.968860 0.247609 0.000000 0.509030 -0.860749 0.000000 -0.224227 0.974537 0.000000 -0.504352 0.863498 0.000000 
0.205102 -0.978741 0.000000 -0.978957 -0.204068 -0.000000 0.968871 0.247567 0.000000 0.509046 -0.860739 0.000000 -0.224185 0.974547 0.000000 -0.504369 0.863488 0.000000 
0.205050 -0.978752 0.000000 -0.978963 -0.204039 -0.000000 0.968866 0.247587 0.000000 0.509085 -0.860716 0.000000 -0.224205 0.974542 0.000000 -0.504393 0.863474 0.000000 
0.204799 -0.978804 0.000000 -0.979012 -0.203803 -0.000000 0.968813 0.247795 0.000000 0.509401 -0.860529 0.000000 -0.224411 0.974495 0.000000 -0.504605 0.863350 0.000000 
0.204352 -0.978897 0.000000 -0.979105 -0.203356 -0.000000 0.968832 0.247719 0.000000 0.509727 -0.860336 0.000000 -0.224337 0.974512 0.000000 -0.504846 0.863210 0.000000 
0.204299 -0.978909 0.000000 -0.979109 -0.203336 -0.000000 0.968832 0.247721 0.000000 0.509727 -0.860336 0.000000 -0.224338 0.974511 0.000000 -0.504835 0.863216 0.000000 
0.203927 -0.978986 0.000000 -0.979180 -0.202993 -0.000000 0.968832 0.247720 0.000000 0.509700 -0.860352 0.000000 -0.224338 0.974511 0.000000 -0.504725 0.863280 0.000000 
0.203351 -0.979106 0.000000 -0.979295 -0.202441 -0.000000 0.968831 0.247721 0.000000 0.509658 -0.860377 0.000000 -0.224339 0.974511 0.000000 -0.504552 0.863381 0.000000 
0.202813 -0.979218 0.000000 -0.979404 -0.201911 -0.000000 0.968824 0.247750 0.000000 0.509707 -0.860348 0.000000 -0.224366 0.974505 0.000000 -0.504472 0.863428 0.000000 
0.202142 -0.979356 0.000000 -0.979541 -0.201244 -0.000000 0.968852 0.247639 0.000000 0.509834 -0.860273 0.000000 -0.224254 0.974531 0.000000 -0.504474 0.863427 0.000000 
0.201908 -0.979404 0.000000 -0.979586 -0.201026 -0.000000 0.968846 0.247665 0.000000 0.509882 -0.860244 0.000000 -0.224280 0.974525 0.000000 -0.504465 0.863432 0.000000 
0.201614 -0.979465 0.000000 -0.979645 -0.200738 -0.000000 0.968833 0.247717 0.000000 0.510034 -0.860154 0.000000 -0.224331 0.974513 0.000000 -0.504539 0.863389 0.000000 
0.201487 -0.979491 0.000000 -0.979667 -0.200631 -0.000000 0.968836 0.247705 0.000000 0.510027 -0.860159 0.000000 -0.224320 0.974515 0.000000 -0.504507 0.863408 0.000000 
0.201341 -0.979521 0.000000 -0.979695 -0.200495 -0.000000 0.968812 0.247795 0.000000 0.510065 -0.860136 0.000000 -0.224412 0.974494 0.000000 -0.504491 0.863417 0.000000 
0.201254 -0.979539 0.000000 -0.979712 -0.200408 -0.000000 0.968829 0.247732 0.000000 0.510221 -0.860044 0.000000 -0.224352 0.974508 0.000000 -0.504643 0.863328 0.000000 
0.201244 -0.979541 0.000000 -0.979714 -0.200399 -0.000000 0.968828 0.247733 0.000000 0.510315 -0.859988 0.000000 -0.224353 0.974508 0.000000 -0.504738 0.863273 0.000000 
0.201236 -0.979543 0.000000 -0.979717 -0.200385 -0.000000 0.968832 0.247719 0.000000 0.510473 -0.859894 0.000000 -0.224339 0.974511 0.000000 -0.504900 0.863178 0.000000 
0.201212 -0.979548 0.000000 -0.979723 -0.200355 -0.000000 0.968842 0.247679 0.000000 0.510625 -0.859804 0.000000 -0.224296 0.974521 0.000000 -0.505058 0.863085 0.000000 
0.201204 -0.979549 0.000000 -0.979726 -0.200342 -0.000000 0.968840 0.247687 0.000000 0.510795 -0.859703 0.000000 -0.224306 0.974519 0.000000 -0.505226 0.862987 0.000000 
0.201186 -0.979553 0.000000 -0.979731 -0.200320 -0.000000 0.968837 0.247700 0.000000 0.510916 -0.859631 0.000000 -0.224316 0.974517 0.000000 -0.505343 0.862918 0.000000 
0.201162 -0.979558 0.000000 -0.979736 -0.200293 -0.000000 0.968835 0.247706 0.000000 0.511105 -0.859518 0.000000 -0.224323 0.974515 0.000000 -0.505528 0.862810 0.000000 
0.200991 -0.979593 0.000000 -0.979778 -0.200087 -0.000000 0.968804 0.247827 0.000000 0.511512 -0.859276 0.000000 -0.224441 0.974488 0.000000 -0.505870 0.862610 0.000000 
0.200899 -0.979612 0.000000 -0.979793 -0.200015 -0.000000 0.968797 0.247854 0.000000 0.511554 -0.859251 0.000000 -0.224469 0.974481 0.000000 -0.505886 0.862600 0.000000 
0.200786 -0.979635 0.000000 -0.979814 -0.199911 -0.000000 0.968797 0.247854 0.000000 0.511683 -0.859174 0.000000 -0.224473 0.974480 0.000000 -0.505990 0.862539 0.000000 
0.200760 -0.979640 0.000000 -0.979817 -0.199898 -0.000000 0.968797 0.247855 0.000000 0.511734 -0.859144 0.000000 -0.224474 0.974480 0.000000 -0.506037 0.862512 0.000000 
0.200690 -0.979655 0.000000 -0.979832 -0.199823 -0.000000 0.968774 0.247945 0.000000 0.511924 -0.859031 0.000000 -0.224566 0.974459 0.000000 -0.506191 0.862421 0.000000 
0.200651 -0.979663 0.000000 -0.979842 -0.199773 -0.000000 0.968756 0.248017 0.000000 0.512075 -0.858941 0.000000 -0.224636 0.974443 0.000000 -0.506319 0.862346 0.000000 
0.200645 -0.979664 0.000000 -0.979842 -0.199776 -0.000000 0.968755 0.248018 0.000000 0.512114 -0.858917 0.000000 -0.224637 0.974442 0.000000 -0.506359 0.862323 0.000000 
0.200641 -0.979665 0.000000 -0.979842 -0.199774 -0.000000 0.968747 0.248049 0.000000 0.512155 -0.858893 0.000000 -0.224669 0.974435 0.000000 -0.506394 0.862302 0.000000 
0.200621 -0.979669 0.000000 -0.979850 -0.199735 -0.000000 0.968740 0.248079 0.000000 0.512725 -0.858553 0.000000 -0.224703 0.974427 0.000000 -0.506956 0.861972 0.000000 
0.200605 -0.979672 0.000000 -0.979853 -0.199721 -0.000000 0.968654 0.248413 0.000000 0.512672 -0.858585 0.000000 -0.225031 0.974351 0.000000 -0.506820 0.862052 0.000000 
0.200593 -0.979675 0.000000 -0.979855 -0.199711 -0.000000 0.968649 0.248432 0.000000 0.512747 -0.858540 0.000000 -0.225053 0.974347 0.000000 -0.506890 0.862011 0.000000 
0.200601 -0.979673 0.000000 -0.979853 -0.199718 -0.000000 0.968642 0.248459 0.000000 0.512808 -0.858503 0.000000 -0.225080 0.974340 0.000000 -0.506949 0.861976 0.000000 
0.200599 -0.979673 0.000000 -0.979852 -0.199724 -0.000000 0.968638 0.248476 0.000000 0.512851 -0.858478 0.000000 -0.225098 0.974336 0.000000 -0.506989 0.861952 0.000000 
0.200608 -0.979672 0.000000 -0.979850 -0.199735 -0.000000 0.968630 0.248509 0.000000 0.512900 -0.858449 0.000000 -0.225132 0.974328 0.000000 -0.507034 0.861926 0.000000 
0.200608 -0.979672 0.000000 -0.979849 -0.199739 -0.000000 0.968629 0.248510 0.000000 0.512927 -0.858432 0.000000 -0.225133 0.974328 0.000000 -0.507063 0.861909 0.000000 
0.200618 -0.979669 0.000000 -0.979848 -0.199744 -0.000000 0.968624 0.248530 0.000000 0.513003 -0.858387 0.000000 -0.225153 0.974323 0.000000 -0.507139 0.861864 0.000000 
0.200714 -0.979650 0.000000 -0.979832 -0.199822 -0.000000 0.968589 0.248668 0.000000 0.513181 -0.858280 0.000000 -0.225294 0.974291 0.000000 -0.507304 0.861767 0.000000 
0.200723 -0.979648 0.000000 -0.979833 -0.199820 -0.000000 0.968538 0.248865 0.000000 0.513229 -0.858252 0.000000 -0.225489 0.974246 0.000000 -0.507309 0.861764 0.000000 
0.200765 -0.979640 0.000000 -0.979823 -0.199866 -0.000000 0.968519 0.248939 0.000000 0.513339 -0.858186 0.000000 -0.225563 0.974229 0.000000 -0.507413 0.861703 0.000000 
0.200765 -0.979640 0.000000 -0.979824 -0.199861 -0.000000 0.968520 0.248936 0.000000 0.513486 -0.858098 0.000000 -0.225563 0.974228 0.000000 -0.507560 0.861616 0.000000 
0.200807 -0.979631 0.000000 -0.979821 -0.199877 -0.000000 0.968481 0.249089 0.000000 0.513733 -0.857950 0.000000 -0.225716 0.974193 0.000000 -0.507783 0.861485 0.000000 
0.200788 -0.979635 0.000000 -0.979813 -0.199914 -0.000000 0.968436 0.249264 0.000000 0.513903 -0.857848 0.000000 -0.225892 0.974152 0.000000 -0.507915 0.861407 0.000000 
0.200789 -0.979635 0.000000 -0.979813 -0.199914 -0.000000 0.968435 0.249267 0.000000 0.513927 -0.857834 0.000000 -0.225895 0.974152 0.000000 -0.507940 0.861393 0.000000 
0.200873 -0.979617 0.000000 -0.979804 -0.199958 -0.000000 0.968424 0.249308 0.000000 0.514260 -0.857634 0.000000 -0.225939 0.974142 0.000000 -0.508285 0.861189 0.000000 
0.200867 -0.979619 0.000000 -0.979806 -0.199952 -0.000000 0.968413 0.249353 0.000000 0.514272 -0.857627 0.000000 -0.225983 0.974131 0.000000 -0.508286 0.861188 0.000000 
0.200864 -0.979619 0.000000 -0.979806 -0.199950 -0.000000 0.968412 0.249355 0.000000 0.514270 -0.857628 0.000000 -0.225985 0.974131 0.000000 -0.508284 0.861189 0.000000 
0.200857 -0.979621 0.000000 -0.979808 -0.199942 -0.000000 0.968363 0.249546 0.000000 0.514308 -0.857606 0.000000 -0.226176 0.974086 0.000000 -0.508275 0.861195 0.000000 
0.200872 -0.979618 0.000000 -0.979805 -0.199956 -0.000000 0.968357 0.249571 0.000000 0.514314 -0.857602 0.000000 -0.226202 0.974080 0.000000 -0.508279 0.861192 0.000000 
0.200906 -0.979611 0.000000 -0.979801 -0.199977 -0.000000 0.968350 0.249595 0.000000 0.514409 -0.857545 0.000000 -0.226226 0.974075 0.000000 -0.508380 0.861133 0.000000 
0.200922 -0.979607 0.000000 -0.979799 -0.199987 -0.000000 0.968344 0.249618 0.000000 0.514453 -0.857519 0.000000 -0.226249 0.974069 0.000000 -0.508424 0.861107 0.000000 
0.200979 -0.979596 0.000000 -0.979790 -0.200027 -0.000000 0.968332 0.249666 0.000000 0.514554 -0.857458 0.000000 -0.226296 0.974059 0.000000 -0.508529 0.861045 0.000000 
0.200986 -0.979594 0.000000 -0.979789 -0.200032 -0.000000 0.968340 0.249634 0.000000 0.514540 -0.857467 0.000000 -0.226264 0.974066 0.000000 -0.508525 0.861047 0.000000 
0.201022 -0.979587 0.000000 -0.979784 -0.200056 -0.000000 0.968332 0.249666 0.000000 0.514621 -0.857418 0.000000 -0.226297 0.974058 0.000000 -0.508609 0.860998 0.000000 
0.201068 -0.979577 0.000000 -0.979778 -0.200086 -0.000000 0.968276 0.249882 0.000000 0.514684 -0.857380 0.000000 -0.226513 0.974008 0.000000 -0.508630 0.860985 0.000000 
0.201067 -0.979577 0.000000 -0.979778 -0.200086 -0.000000 0.968276 0.249883 0.000000 0.514683 -0.857380 0.000000 -0.226514 0.974008 0.000000 -0.508630 0.860985 0.000000 
0.201070 -0.979577 0.000000 -0.979778 -0.200088 -0.000000 0.968275 0.249887 0.000000 0.514691 -0.857376 0.000000 -0.226519 0.974007 0.000000 -0.508637 0.860981 0.000000 
0.201084 -0.979574 0.000000 -0.979776 -0.200097 -0.000000 0.968284 0.249851 0.000000 0.514866 -0.857271 0.000000 -0.226484 0.974015 0.000000 -0.508825 0.860870 0.000000 
0.201093 -0.979572 0.000000 -0.979775 -0.200104 -0.000000 0.968281 0.249863 0.000000 0.514866 -0.857270 0.000000 -0.226496 0.974012 0.000000 -0.508825 0.860870 0.000000 
0.201093 -0.979572 0.000000 -0.979775 -0.200102 -0.000000 0.968280 0.249868 0.000000 0.514865 -0.857271 0.000000 -0.226501 0.974011 0.000000 -0.508824 0.860870 0.000000 
0.201202 -0.979550 0.000000 -0.979756 -0.200195 -0.000000 0.968230 0.250060 0.000000 0.514973 -0.857207 0.000000 -0.226694 0.973966 0.000000 -0.508912 0.860819 0.000000 
0.201212 -0.979548 0.000000 -0.979755 -0.200201 -0.000000 0.968227 0.250072 0.000000 0.514976 -0.857204 0.000000 -0.226705 0.973964 0.000000 -0.508915 0.860817 0.000000 
0.201211 -0.979548 0.000000 -0.979755 -0.200198 -0.000000 0.968226 0.250078 0.000000 0.514980 -0.857202 0.000000 -0.226711 0.973962 0.000000 -0.508918 0.860815 0.000000 
0.201218 -0.979546 0.000000 -0.979755 -0.200198 -0.000000 0.968221 0.250096 0.000000 0.514982 -0.857201 0.000000 -0.226729 0.973958 0.000000 -0.508918 0.860815 0.000000 
0.201223 -0.979545 0.000000 -0.979755 -0.200200 -0.000000 0.968221 0.250095 0.000000 0.514978 -0.857204 0.000000 -0.226728 0.973958 0.000000 -0.508914 0.860817 0.000000 
0.201269 -0.979536 0.000000 -0.979750 -0.200227 -0.000000 0.968231 0.250057 0.000000 0.515175 -0.857085 0.000000 -0.226691 0.973967 0.000000 -0.509135 0.860687 0.000000 
0.201286 -0.979532 0.000000 -0.979746 -0.200244 -0.000000 0.968202 0.250171 0.000000 0.515181 -0.857081 0.000000 -0.226806 0.973940 0.000000 -0.509117 0.860697 0.000000 
0.201286 -0.979533 0.000000 -0.979747 -0.200238 -0.000000 0.968200 0.250176 0.000000 0.515185 -0.857079 0.000000 -0.226809 0.973939 0.000000 -0.509121 0.860695 0.000000 
0.201320 -0.979526 0.000000 -0.979742 -0.200262 -0.000000 0.968195 0.250197 0.000000 0.515195 -0.857073 0.000000 -0.226831 0.973934 0.000000 -0.509133 0.860688 0.000000 
0.201429 -0.979503 0.000000 -0.979723 -0.200357 -0.000000 0.968109 0.250531 0.000000 0.515217 -0.857060 0.000000 -0.227166 0.973856 0.000000 -0.509098 0.860709 0.000000 
0.201461 -0.979497 0.000000 -0.979720 -0.200373 -0.000000 0.968130 0.250446 0.000000 0.515311 -0.857003 0.000000 -0.227081 0.973876 0.000000 -0.509219 0.860637 0.000000 
0.201458 -0.979497 0.000000 -0.979720 -0.200371 -0.000000 0.968130 0.250447 0.000000 0.515311 -0.857003 0.000000 -0.227082 0.973876 0.000000 -0.509218 0.860637 0.000000 
0.201458 -0.979497 0.000000 -0.979720 -0.200370 -0.000000 0.968130 0.250448 0.000000 0.515311 -0.857004 0.000000 -0.227083 0.973875 0.000000 -0.509218 0.860638 0.000000 
0.201475 -0.979494 0.000000 -0.979717 -0.200385 -0.000000 0.968126 0.250465 0.000000 0.515317 -0.857000 0.000000 -0.227099 0.973872 0.000000 -0.509224 0.860634 0.000000 
0.201475 -0.979494 0.000000 -0.979717 -0.200385 -0.000000 0.968125 0.250466 0.000000 0.515317 -0.857000 0.000000 -0.227101 0.973871 0.000000 -0.509224 0.860634 0.000000 
0.201482 -0.979492 0.000000 -0.979716 -0.200392 -0.000000 0.968096 0.250579 0.000000 0.515323 -0.856996 0.000000 -0.227214 0.973845 0.000000 -0.509204 0.860646 0.000000 
0.201482 -0.979492 0.000000 -0.979716 -0.200391 -0.000000 0.968096 0.250580 0.000000 0.515323 -0.856996 0.000000 -0.227215 0.973845 0.000000 -0.509203 0.860646 0.000000 
0.201483 -0.979492 0.000000 -0.979716 -0.200391 -0.000000 0.968096 0.250581 0.000000 0.515323 -0.856996 0.000000 -0.227216 0.973844 0.000000 -0.509203 0.860646 0.000000 
0.201485 -0.979492 0.000000 -0.979715 -0.200394 -0.000000 0.968094 0.250589 0.000000 0.515329 -0.856993 0.000000 -0.227224 0.973842 0.000000 -0.509208 0.860644 0.000000 
0.201510 -0.979486 0.000000 -0.979712 -0.200413 -0.000000 0.968088 0.250611 0.000000 0.515367 -0.856970 0.000000 -0.227247 0.973837 0.000000 -0.509247 0.860621 0.000000 
0.201553 -0.979478 0.000000 -0.979705 -0.200446 -0.000000 0.968094 0.250588 0.000000 0.515489 -0.856896 0.000000 -0.227224 0.973842 0.000000 -0.509385 0.860539 0.000000 
0.201608 -0.979466 0.000000 -0.979696 -0.200490 -0.000000 0.968086 0.250619 0.000000 0.515517 -0.856879 0.000000 -0.227256 0.973835 0.000000 -0.509417 0.860520 0.000000 
0.201802 -0.979426 0.000000 -0.979661 -0.200661 -0.000000 0.968042 0.250787 0.000000 0.515626 -0.856814 0.000000 -0.227424 0.973796 0.000000 -0.509528 0.860454 0.000000 
0.201807 -0.979425 0.000000 -0.979660 -0.200666 -0.000000 0.968039 0.250799 0.000000 0.515627 -0.856813 0.000000 -0.227436 0.973793 0.000000 -0.509528 0.860454 0.000000 
0.201823 -0.979422 0.000000 -0.979656 -0.200683 -0.000000 0.968025 0.250853 0.000000 0.515637 -0.856807 0.000000 -0.227490 0.973780 0.000000 -0.509529 0.860454 0.000000 
0.202030 -0.979379 0.000000 -0.979617 -0.200872 -0.000000 0.967980 0.251028 0.000000 0.515719 -0.856757 0.000000 -0.227667 0.973739 0.000000 -0.509609 0.860406 0.000000 
0.201991 -0.979387 0.000000 -0.979610 -0.200908 -0.000000 0.967969 0.251069 0.000000 0.515802 -0.856708 0.000000 -0.227708 0.973730 0.000000 -0.509681 0.860363 0.000000 
0.202001 -0.979385 0.000000 -0.979608 -0.200917 -0.000000 0.967974 0.251050 0.000000 0.515789 -0.856716 0.000000 -0.227688 0.973734 0.000000 -0.509675 0.860367 0.000000 
0.201999 -0.979386 0.000000 -0.979608 -0.200916 -0.000000 0.967974 0.251052 0.000000 0.515788 -0.856716 0.000000 -0.227690 0.973734 0.000000 -0.509674 0.860367 0.000000 
0.202000 -0.979385 0.000000 -0.979608 -0.200918 -0.000000 0.967962 0.251097 0.000000 0.515789 -0.856715 0.000000 -0.227736 0.973723 0.000000 -0.509666 0.860373 0.000000 
