0.212226 -0.977221 0.000000 -0.977593 -0.210504 -0.000000 0.969072 0.246780 0.000000 0.505524 -0.862812 0.000000 -0.223392 0.974729 0.000000 -0.502539 0.864555 0.000000 
0.212565 -0.977147 0.000000 -0.977520 -0.210844 -0.000000 0.968978 0.247146 0.000000 0.505378 -0.862898 0.000000 -0.223760 0.974644 0.000000 -0.502382 0.864646 0.000000 
0.215712 -0.976457 0.000000 -0.976835 -0.213993 -0.000000 0.968642 0.248459 0.000000 0.505417 -0.862875 0.000000 -0.225081 0.974340 0.000000 -0.502849 0.864374 0.000000 
0.213688 -0.976902 0.000000 -0.977277 -0.211967 -0.000000 0.968695 0.248253 0.000000 0.504726 -0.863280 0.000000 -0.224874 0.974388 0.000000 -0.501722 0.865029 0.000000 
0.211790 -0.977315 0.000000 -0.977686 -0.210070 -0.000000 0.968829 0.247731 0.000000 0.503713 -0.863871 0.000000 -0.224350 0.974509 0.000000 -0.500380 0.865806 0.000000 
0.208339 -0.978057 0.000000 -0.978421 -0.206619 -0.000000 0.969037 0.246914 0.000000 0.502574 -0.864534 0.000000 -0.223528 0.974698 0.000000 -0.498617 0.866823 0.000000 
0.207568 -0.978221 0.000000 -0.978584 -0.205846 -0.000000 0.969116 0.246606 0.000000 0.501853 -0.864953 0.000000 -0.223218 0.974769 0.000000 -0.497785 0.867301 0.000000 
0.206172 -0.978516 0.000000 -0.978877 -0.204451 -0.000000 0.969436 0.245346 0.000000 0.501251 -0.865302 0.000000 -0.221950 0.975058 0.000000 -0.497162 0.867657 0.000000 
0.206869 -0.978369 0.000000 -0.978731 -0.205148 -0.000000 0.969445 0.245310 0.000000 0.501184 -0.865341 0.000000 -0.221914 0.975066 0.000000 -0.497270 0.867596 0.000000 
0.207042 -0.978332 0.000000 -0.978695 -0.205320 -0.000000 0.969486 0.245147 0.000000 0.501152 -0.865359 0.000000 -0.221750 0.975104 0.000000 -0.497320 0.867567 0.000000 
0.208187 -0.978089 0.000000 -0.978454 -0.206467 -0.000000 0.969507 0.245063 0.000000 0.501126 -0.865374 0.000000 -0.221666 0.975123 0.000000 -0.497587 0.867414 0.000000 
0.209288 -0.977854 0.000000 -0.978220 -0.207569 -0.000000 0.969511 0.245047 0.000000 0.501103 -0.865388 0.000000 -0.221650 0.975126 0.000000 -0.497830 0.867275 0.000000 
0.211432 -0.977393 0.000000 -0.977763 -0.209712 -0.000000 0.969511 0.245048 0.000000 0.501101 -0.865389 0.000000 -0.221651 0.975126 0.000000 -0.498339 0.866982 0.000000 
0.212705 -0.977117 0.000000 -0.977489 -0.210985 -0.000000 0.969456 0.245264 0.000000 0.501146 -0.865363 0.000000 -0.221869 0.975077 0.000000 -0.498635 0.866812 0.000000 
0.214439 -0.976737 0.000000 -0.977113 -0.212719 -0.000000 0.969454 0.245272 0.000000 0.501273 -0.865289 0.000000 -0.221875 0.975075 0.000000 -0.499176 0.866501 0.000000 
0.214891 -0.976638 0.000000 -0.977015 -0.213172 -0.000000 0.969438 0.245336 0.000000 0.501142 -0.865365 0.000000 -0.221940 0.975060 0.000000 -0.499134 0.866525 0.000000 
0.215356 -0.976536 0.000000 -0.976914 -0.213635 -0.000000 0.969350 0.245685 0.000000 0.501104 -0.865387 0.000000 -0.222292 0.974980 0.000000 -0.499121 0.866532 0.000000 
0.215314 -0.976545 0.000000 -0.976923 -0.213592 -0.000000 0.969352 0.245677 0.000000 0.501015 -0.865439 0.000000 -0.222284 0.974982 0.000000 -0.499024 0.866588 0.000000 
0.215315 -0.976545 0.000000 -0.976923 -0.213594 -0.000000 0.969351 0.245678 0.000000 0.501012 -0.865440 0.000000 -0.222285 0.974982 0.000000 -0.499022 0.866590 0.000000 
0.215267 -0.976555 0.000000 -0.976933 -0.213547 -0.000000 0.969340 0.245722 0.000000 0.500988 -0.865454 0.000000 -0.222329 0.974972 0.000000 -0.498975 0.866616 0.000000 
0.215222 -0.976565 0.000000 -0.976942 -0.213504 -0.000000 0.969327 0.245774 0.000000 0.500976 -0.865461 0.000000 -0.222381 0.974960 0.000000 -0.498939 0.866637 0.000000 
0.215082 -0.976596 0.000000 -0.976973 -0.213363 -0.000000 0.969327 0.245774 0.000000 0.500968 -0.865466 0.000000 -0.222382 0.974960 0.000000 -0.498898 0.866661 0.000000 
0.214962 -0.976622 0.000000 -0.976999 -0.213244 -0.000000 0.969327 0.245775 0.000000 0.500961 -0.865470 0.000000 -0.222382 0.974960 0.000000 -0.498862 0.866681 0.000000 
0.214862 -0.976644 0.000000 -0.977021 -0.213143 -0.000000 0.969327 0.245775 0.000000 0.500955 -0.865473 0.000000 -0.222382 0.974960 0.000000 -0.498832 0.866699 0.000000 
0.214811 -0.976656 0.000000 -0.977032 -0.213092 -0.000000 0.969319 0.245805 0.000000 0.500950 -0.865476 0.000000 -0.222413 0.974953 0.000000 -0.498807 0.866713 0.000000 
0.214811 -0.976656 0.000000 -0.977032 -0.213091 -0.000000 0.969319 0.245807 0.000000 0.500949 -0.865477 0.000000 -0.222414 0.974952 0.000000 -0.498805 0.866714 0.000000 
0.214811 -0.976656 0.000000 -0.977032 -0.213092 -0.000000 0.969319 0.245808 0.000000 0.500948 -0.865477 0.000000 -0.222415 0.974952 0.000000 -0.498804 0.866715 0.000000 
0.214738 -0.976672 0.000000 -0.977049 -0.213015 -0.000000 0.969295 0.245900 0.000000 0.500874 -0.865520 0.000000 -0.222508 0.974931 0.000000 -0.498689 0.866781 0.000000 
0.214658 -0.976689 0.000000 -0.977066 -0.212937 -0.000000 0.969269 0.246002 0.000000 0.500937 -0.865484 0.000000 -0.222610 0.974908 0.000000 -0.498709 0.866770 0.000000 
0.214658 -0.976689 0.000000 -0.977066 -0.212937 -0.000000 0.969269 0.246003 0.000000 0.500936 -0.865484 0.000000 -0.222611 0.974907 0.000000 -0.498707 0.866770 0.000000 
0.214658 -0.976689 0.000000 -0.977066 -0.212937 -0.000000 0.969268 0.246005 0.000000 0.500935 -0.865485 0.000000 -0.222613 0.974907 0.000000 -0.498706 0.866771 0.000000 
0.214623 -0.976697 0.000000 -0.977073 -0.212904 -0.000000 0.969251 0.246076 0.000000 0.501039 -0.865424 0.000000 -0.222686 0.974890 0.000000 -0.498785 0.866726 0.000000 
0.214623 -0.976697 0.000000 -0.977073 -0.212903 -0.000000 0.969250 0.246078 0.000000 0.501039 -0.865425 0.000000 -0.222688 0.974890 0.000000 -0.498784 0.866726 0.000000 
0.214488 -0.976727 0.000000 -0.977102 -0.212772 -0.000000 0.969227 0.246171 0.000000 0.501067 -0.865408 0.000000 -0.222781 0.974869 0.000000 -0.498757 0.866742 0.000000 
0.214321 -0.976763 0.000000 -0.977138 -0.212607 -0.000000 0.969182 0.246345 0.000000 0.500998 -0.865448 0.000000 -0.222955 0.974829 0.000000 -0.498605 0.866829 0.000000 
0.214301 -0.976768 0.000000 -0.977142 -0.212586 -0.000000 0.969119 0.246594 0.000000 0.500990 -0.865453 0.000000 -0.223206 0.974771 0.000000 -0.498530 0.866872 0.000000 
0.214298 -0.976768 0.000000 -0.977143 -0.212583 -0.000000 0.969119 0.246595 0.000000 0.500990 -0.865453 0.000000 -0.223207 0.974771 0.000000 -0.498529 0.866873 0.000000 
0.214158 -0.976799 0.000000 -0.977173 -0.212445 -0.000000 0.969109 0.246634 0.000000 0.501049 -0.865419 0.000000 -0.223244 0.974762 0.000000 -0.498546 0.866863 0.000000 
0.214147 -0.976801 0.000000 -0.977176 -0.212433 -0.000000 0.969099 0.246674 0.000000 0.501053 -0.865417 0.000000 -0.223286 0.974753 0.000000 -0.498537 0.866868 0.000000 
0.214136 -0.976804 0.000000 -0.977178 -0.212422 -0.000000 0.969079 0.246749 0.000000 0.501030 -0.865430 0.000000 -0.223361 0.974736 0.000000 -0.498492 0.866894 0.000000 
0.214137 -0.976804 0.000000 -0.977178 -0.212422 -0.000000 0.969079 0.246751 0.000000 0.501035 -0.865427 0.000000 -0.223363 0.974735 0.000000 -0.498498 0.866891 0.000000 
0.214136 -0.976804 0.000000 -0.977178 -0.212421 -0.000000 0.969027 0.246954 0.000000 0.501036 -0.865426 0.000000 -0.223567 0.974688 0.000000 -0.498448 0.866920 0.000000 
0.214137 -0.976804 0.000000 -0.977178 -0.212422 -0.000000 0.969027 0.246955 0.000000 0.501037 -0.865426 0.000000 -0.223569 0.974688 0.000000 -0.498448 0.866919 0.000000 
0.214053 -0.976822 0.000000 -0.977197 -0.212337 -0.000000 0.969012 0.247014 0.000000 0.500984 -0.865457 0.000000 -0.223628 0.974675 0.000000 -0.498359 0.866970 0.000000 
0.214055 -0.976822 0.000000 -0.977196 -0.212338 -0.000000 0.969012 0.247015 0.000000 0.500984 -0.865456 0.000000 -0.223629 0.974674 0.000000 -0.498360 0.866970 0.000000 
0.214056 -0.976821 0.000000 -0.977196 -0.212339 -0.000000 0.969011 0.247017 0.000000 0.500985 -0.865456 0.000000 -0.223630 0.974674 0.000000 -0.498360 0.866970 0.000000 
0.214057 -0.976821 0.000000 -0.977196 -0.212340 -0.000000 0.969010 0.247020 0.000000 0.500986 -0.865455 0.000000 -0.223634 0.974673 0.000000 -0.498362 0.866969 0.000000 
0.214039 -0.976825 0.000000 -0.977200 -0.212322 -0.000000 0.968974 0.247164 0.000000 0.500957 -0.865472 0.000000 -0.223779 0.974640 0.000000 -0.498291 0.867010 0.000000 
0.214039 -0.976825 0.000000 -0.977200 -0.212322 -0.000000 0.968973 0.247166 0.000000 0.500957 -0.865472 0.000000 -0.223780 0.974640 0.000000 -0.498291 0.867010 0.000000 
0.213962 -0.976842 0.000000 -0.977217 -0.212244 -0.000000 0.968961 0.247213 0.000000 0.501013 -0.865440 0.000000 -0.223828 0.974629 0.000000 -0.498317 0.866995 0.000000 
0.213924 -0.976850 0.000000 -0.977225 -0.212207 -0.000000 0.968938 0.247305 0.000000 0.501044 -0.865422 0.000000 -0.223921 0.974607 0.000000 -0.498316 0.866995 0.000000 
0.213924 -0.976850 0.000000 -0.977225 -0.212206 -0.000000 0.968937 0.247307 0.000000 0.501044 -0.865422 0.000000 -0.223922 0.974607 0.000000 -0.498316 0.866995 0.000000 
0.213922 -0.976851 0.000000 -0.977225 -0.212205 -0.000000 0.968937 0.247308 0.000000 0.501044 -0.865422 0.000000 -0.223924 0.974607 0.000000 -0.498316 0.866996 0.000000 
0.213922 -0.976851 0.000000 -0.977225 -0.212204 -0.000000 0.968937 0.247309 0.000000 0.501044 -0.865422 0.000000 -0.223925 0.974606 0.000000 -0.498315 0.866996 0.000000 
0.213920 -0.976851 0.000000 -0.977226 -0.212202 -0.000000 0.968904 0.247438 0.000000 0.501051 -0.865418 0.000000 -0.224055 0.974577 0.000000 -0.498289 0.867011 0.000000 
0.213864 -0.976863 0.000000 -0.977238 -0.212146 -0.000000 0.968897 0.247463 0.000000 0.501083 -0.865399 0.000000 -0.224080 0.974571 0.000000 -0.498302 0.867004 0.000000 
0.213863 -0.976864 0.000000 -0.977238 -0.212145 -0.000000 0.968897 0.247464 0.000000 0.501083 -0.865399 0.000000 -0.224081 0.974571 0.000000 -0.498302 0.867004 0.000000 
0.213862 -0.976864 0.000000 -0.977238 -0.212144 -0.000000 0.968897 0.247465 0.000000 0.501083 -0.865399 0.000000 -0.224082 0.974570 0.000000 -0.498301 0.867004 0.000000 
0.213861 -0.976864 0.000000 -0.977239 -0.212143 -0.000000 0.968897 0.247466 0.000000 0.501083 -0.865399 0.000000 -0.224083 0.974570 0.000000 -0.498301 0.867004 0.000000 
0.213861 -0.976864 0.000000 -0.977239 -0.212142 -0.000000 0.968896 0.247468 0.000000 0.501083 -0.865399 0.000000 -0.224084 0.974570 0.000000 -0.498301 0.867004 0.000000 
0.213861 -0.976864 0.000000 -0.977239 -0.212142 -0.000000 0.968896 0.247468 0.000000 0.501083 -0.865399 0.000000 -0.224085 0.974570 0.000000 -0.498300 0.867004 0.000000 
0.213859 -0.976864 0.000000 -0.977239 -0.212141 -0.000000 0.968896 0.247469 0.000000 0.501084 -0.865399 0.000000 -0.224086 0.974569 0.000000 -0.498300 0.867005 0.000000 
0.213798 -0.976878 0.000000 -0.977252 -0.212080 -0.000000 0.968889 0.247496 0.000000 0.501113 -0.865382 0.000000 -0.224112 0.974563 0.000000 -0.498309 0.867000 0.000000 
0.213789 -0.976880 0.000000 -0.977254 -0.212070 -0.000000 0.968883 0.247521 0.000000 0.501117 -0.865379 0.000000 -0.224138 0.974558 0.000000 -0.498304 0.867002 0.000000 
0.213788 -0.976880 0.000000 -0.977255 -0.212070 -0.000000 0.968882 0.247521 0.000000 0.501117 -0.865379 0.000000 -0.224139 0.974557 0.000000 -0.498304 0.867002 0.000000 
0.213788 -0.976880 0.000000 -0.977255 -0.212069 -0.000000 0.968882 0.247523 0.000000 0.501117 -0.865379 0.000000 -0.224140 0.974557 0.000000 -0.498304 0.867002 0.000000 
0.213788 -0.976880 0.000000 -0.977255 -0.212069 -0.000000 0.968882 0.247524 0.000000 0.501118 -0.865379 0.000000 -0.224141 0.974557 0.000000 -0.498304 0.867003 0.000000 
0.213772 -0.976884 0.000000 -0.977258 -0.212053 -0.000000 0.968811 0.247801 0.000000 0.501105 -0.865386 0.000000 -0.224420 0.974493 0.000000 -0.498218 0.867052 0.000000 
0.213741 -0.976890 0.000000 -0.977265 -0.212021 -0.000000 0.968806 0.247819 0.000000 0.501121 -0.865377 0.000000 -0.224438 0.974488 0.000000 -0.498222 0.867050 0.000000 
0.213721 -0.976895 0.000000 -0.977269 -0.212002 -0.000000 0.968802 0.247837 0.000000 0.501133 -0.865370 0.000000 -0.224456 0.974484 0.000000 -0.498225 0.867048 0.000000 
0.213691 -0.976901 0.000000 -0.977276 -0.211972 -0.000000 0.968797 0.247854 0.000000 0.501149 -0.865361 0.000000 -0.224473 0.974480 0.000000 -0.498229 0.867045 0.000000 
0.213691 -0.976901 0.000000 -0.977276 -0.211971 -0.000000 0.968797 0.247855 0.000000 0.501149 -0.865361 0.000000 -0.224474 0.974480 0.000000 -0.498229 0.867045 0.000000 
0.213672 -0.976905 0.000000 -0.977280 -0.211953 -0.000000 0.968793 0.247872 0.000000 0.501156 -0.865357 0.000000 -0.224491 0.974476 0.000000 -0.498228 0.867046 0.000000 
0.213648 -0.976911 0.000000 -0.977285 -0.211928 -0.000000 0.968788 0.247892 0.000000 0.501146 -0.865363 0.000000 -0.224512 0.974471 0.000000 -0.498207 0.867058 0.000000 
0.213644 -0.976912 0.000000 -0.977286 -0.211925 -0.000000 0.968778 0.247931 0.000000 0.501159 -0.865355 0.000000 -0.224551 0.974462 0.000000 -0.498209 0.867057 0.000000 
0.213595 -0.976922 0.000000 -0.977297 -0.211874 -0.000000 0.968773 0.247951 0.000000 0.501131 -0.865371 0.000000 -0.224570 0.974458 0.000000 -0.498164 0.867083 0.000000 
0.213592 -0.976923 0.000000 -0.977298 -0.211871 -0.000000 0.968772 0.247951 0.000000 0.501131 -0.865371 0.000000 -0.224571 0.974458 0.000000 -0.498163 0.867084 0.000000 
0.213589 -0.976924 0.000000 -0.977298 -0.211869 -0.000000 0.968772 0.247952 0.000000 0.501131 -0.865371 0.000000 -0.224572 0.974458 0.000000 -0.498162 0.867084 0.000000 
0.213554 -0.976931 0.000000 -0.977306 -0.211834 -0.000000 0.968722 0.248149 0.000000 0.501132 -0.865371 0.000000 -0.224770 0.974412 0.000000 -0.498105 0.867117 0.000000 
0.213537 -0.976935 0.000000 -0.977309 -0.211816 -0.000000 0.968699 0.248238 0.000000 0.501153 -0.865359 0.000000 -0.224859 0.974391 0.000000 -0.498100 0.867120 0.000000 
0.213530 -0.976936 0.000000 -0.977311 -0.211810 -0.000000 0.968699 0.248238 0.000000 0.501153 -0.865359 0.000000 -0.224859 0.974391 0.000000 -0.498098 0.867121 0.000000 
0.213525 -0.976938 0.000000 -0.977312 -0.211805 -0.000000 0.968699 0.248238 0.000000 0.501153 -0.865359 0.000000 -0.224860 0.974391 0.000000 -0.498096 0.867122 0.000000 
0.213373 -0.976971 0.000000 -0.977345 -0.211653 -0.000000 0.968693 0.248260 0.000000 0.500956 -0.865473 0.000000 -0.224882 0.974386 0.000000 -0.497856 0.867260 0.000000 
0.213192 -0.977010 0.000000 -0.977384 -0.211472 -0.000000 0.968645 0.248450 0.000000 0.501208 -0.865327 0.000000 -0.225072 0.974342 0.000000 -0.498019 0.867166 0.000000 
0.213050 -0.977041 0.000000 -0.977415 -0.211329 -0.000000 0.968661 0.248387 0.000000 0.501248 -0.865304 0.000000 -0.225008 0.974357 0.000000 -0.498041 0.867154 0.000000 
0.213034 -0.977045 0.000000 -0.977418 -0.211313 -0.000000 0.968661 0.248388 0.000000 0.501248 -0.865304 0.000000 -0.225009 0.974357 0.000000 -0.498037 0.867156 0.000000 
0.213029 -0.977046 0.000000 -0.977419 -0.211309 -0.000000 0.968660 0.248389 0.000000 0.501248 -0.865304 0.000000 -0.225010 0.974356 0.000000 -0.498036 0.867157 0.000000 
0.213026 -0.977047 0.000000 -0.977420 -0.211306 -0.000000 0.968658 0.248398 0.000000 0.501249 -0.865303 0.000000 -0.225019 0.974354 0.000000 -0.498034 0.867158 0.000000 
0.213020 -0.977048 0.000000 -0.977421 -0.211300 -0.000000 0.968658 0.248399 0.000000 0.501250 -0.865303 0.000000 -0.225020 0.974354 0.000000 -0.498032 0.867158 0.000000 
0.213015 -0.977049 0.000000 -0.977422 -0.211295 -0.000000 0.968655 0.248409 0.000000 0.501259 -0.865297 0.000000 -0.225030 0.974352 0.000000 -0.498038 0.867155 0.000000 
0.212990 -0.977054 0.000000 -0.977428 -0.211270 -0.000000 0.968657 0.248402 0.000000 0.501408 -0.865211 0.000000 -0.225023 0.974353 0.000000 -0.498185 0.867071 0.000000 
0.212923 -0.977069 0.000000 -0.977442 -0.211203 -0.000000 0.968631 0.248504 0.000000 0.501315 -0.865265 0.000000 -0.225123 0.974330 0.000000 -0.498050 0.867148 0.000000 
0.212753 -0.977106 0.000000 -0.977480 -0.211030 -0.000000 0.968629 0.248511 0.000000 0.501252 -0.865301 0.000000 -0.225130 0.974329 0.000000 -0.497944 0.867209 0.000000 
0.212589 -0.977142 0.000000 -0.977515 -0.210867 -0.000000 0.968604 0.248607 0.000000 0.501274 -0.865289 0.000000 -0.225227 0.974306 0.000000 -0.497902 0.867233 0.000000 
0.212475 -0.977167 0.000000 -0.977539 -0.210753 -0.000000 0.968604 0.248608 0.000000 0.501274 -0.865289 0.000000 -0.225228 0.974306 0.000000 -0.497875 0.867249 0.000000 
0.212417 -0.977179 0.000000 -0.977552 -0.210695 -0.000000 0.968604 0.248609 0.000000 0.501274 -0.865289 0.000000 -0.225230 0.974306 0.000000 -0.497861 0.867257 0.000000 
0.212282 -0.977208 0.000000 -0.977580 -0.210564 -0.000000 0.968601 0.248620 0.000000 0.501291 -0.865278 0.000000 -0.225241 0.974303 0.000000 -0.497843 0.867267 0.000000 
0.212272 -0.977211 0.000000 -0.977582 -0.210554 -0.000000 0.968601 0.248621 0.000000 0.501292 -0.865278 0.000000 -0.225243 0.974303 0.000000 -0.497841 0.867269 0.000000 
0.212264 -0.977212 0.000000 -0.977584 -0.210546 -0.000000 0.968601 0.248622 0.000000 0.501292 -0.865278 0.000000 -0.225244 0.974302 0.000000 -0.497839 0.867269 0.000000 
0.212230 -0.977220 0.000000 -0.977592 -0.210507 -0.000000 0.968599 0.248628 0.000000 0.501195 -0.865334 0.000000 -0.225250 0.974301 0.000000 -0.497731 0.867331 0.000000 
0.212079 -0.977253 0.000000 -0.977625 -0.210356 -0.000000 0.968560 0.248779 0.000000 0.501227 -0.865316 0.000000 -0.225402 0.974266 0.000000 -0.497689 0.867356 0.000000 
0.211988 -0.977272 0.000000 -0.977644 -0.210265 -0.000000 0.968561 0.248777 0.000000 0.501216 -0.865322 0.000000 -0.225401 0.974266 0.000000 -0.497657 0.867374 0.000000 
0.211943 -0.977282 0.000000 -0.977654 -0.210221 -0.000000 0.968537 0.248868 0.000000 0.501239 -0.865309 0.000000 -0.225492 0.974245 0.000000 -0.497646 0.867380 0.000000 
0.211933 -0.977284 0.000000 -0.977656 -0.210210 -0.000000 0.968537 0.248869 0.000000 0.501239 -0.865309 0.000000 -0.225493 0.974245 0.000000 -0.497643 0.867382 0.000000 
0.211891 -0.977293 0.000000 -0.977665 -0.210168 -0.000000 0.968536 0.248873 0.000000 0.501215 -0.865323 0.000000 -0.225497 0.974244 0.000000 -0.497608 0.867402 0.000000 
0.211872 -0.977297 0.000000 -0.977669 -0.210150 -0.000000 0.968536 0.248874 0.000000 0.501218 -0.865321 0.000000 -0.225498 0.974244 0.000000 -0.497605 0.867404 0.000000 
0.211857 -0.977301 0.000000 -0.977672 -0.210135 -0.000000 0.968535 0.248877 0.000000 0.501218 -0.865321 0.000000 -0.225502 0.974243 0.000000 -0.497601 0.867406 0.000000 
0.211849 -0.977302 0.000000 -0.977674 -0.210127 -0.000000 0.968534 0.248881 0.000000 0.501218 -0.865321 0.000000 -0.225507 0.974242 0.000000 -0.497597 0.867408 0.000000 
0.211816 -0.977309 0.000000 -0.977681 -0.210095 -0.000000 0.968534 0.248883 0.000000 0.501205 -0.865328 0.000000 -0.225507 0.974242 0.000000 -0.497577 0.867420 0.000000 
0.211806 -0.977312 0.000000 -0.977683 -0.210084 -0.000000 0.968534 0.248883 0.000000 0.501205 -0.865328 0.000000 -0.225507 0.974241 0.000000 -0.497574 0.867421 0.000000 
0.211799 -0.977313 0.000000 -0.977685 -0.210077 -0.000000 0.968533 0.248885 0.000000 0.501207 -0.865327 0.000000 -0.225510 0.974241 0.000000 -0.497574 0.867422 0.000000 
0.211792 -0.977315 0.000000 -0.977686 -0.210070 -0.000000 0.968533 0.248886 0.000000 0.501207 -0.865327 0.000000 -0.225511 0.974241 0.000000 -0.497572 0.867423 0.000000 
0.211780 -0.977317 0.000000 -0.977689 -0.210059 -0.000000 0.968533 0.248886 0.000000 0.501207 -0.865327 0.000000 -0.225511 0.974241 0.000000 -0.497569 0.867424 0.000000 
0.211770 -0.977319 0.000000 -0.977691 -0.210049 -0.000000 0.968532 0.248887 0.000000 0.501207 -0.865327 0.000000 -0.225512 0.974240 0.000000 -0.497567 0.867426 0.000000 
0.211761 -0.977321 0.000000 -0.977693 -0.210040 -0.000000 0.968532 0.248888 0.000000 0.501208 -0.865327 0.000000 -0.225512 0.974240 0.000000 -0.497565 0.867427 0.000000 
0.211749 -0.977324 0.000000 -0.977695 -0.210028 -0.000000 0.968532 0.248888 0.000000 0.501208 -0.865327 0.000000 -0.225513 0.974240 0.000000 -0.497562 0.867428 0.000000 
0.211745 -0.977325 0.000000 -0.977696 -0.210024 -0.000000 0.968532 0.248889 0.000000 0.501208 -0.865327 0.000000 -0.225513 0.974240 0.000000 -0.497561 0.867429 0.000000 
0.211726 -0.977329 0.000000 -0.977700 -0.210005 -0.000000 0.968532 0.248890 0.000000 0.501197 -0.865333 0.000000 -0.225514 0.974240 0.000000 -0.497545 0.867438 0.000000 
0.211719 -0.977331 0.000000 -0.977702 -0.209998 -0.000000 0.968532 0.248890 0.000000 0.501197 -0.865333 0.000000 -0.225515 0.974240 0.000000 -0.497543 0.867439 0.000000 
0.211712 -0.977332 0.000000 -0.977703 -0.209991 -0.000000 0.968532 0.248891 0.000000 0.501197 -0.865333 0.000000 -0.225515 0.974240 0.000000 -0.497542 0.867440 0.000000 
0.211705 -0.977334 0.000000 -0.977705 -0.209984 -0.000000 0.968531 0.248891 0.000000 0.501197 -0.865333 0.000000 -0.225516 0.974240 0.000000 -0.497540 0.867441 0.000000 
0.211653 -0.977345 0.000000 -0.977716 -0.209932 -0.000000 0.968466 0.249145 0.000000 0.501168 -0.865350 0.000000 -0.225772 0.974180 0.000000 -0.497434 0.867502 0.000000 
0.211577 -0.977361 0.000000 -0.977732 -0.209856 -0.000000 0.968462 0.249163 0.000000 0.501291 -0.865279 0.000000 -0.225787 0.974177 0.000000 -0.497536 0.867444 0.000000 
0.211544 -0.977369 0.000000 -0.977739 -0.209823 -0.000000 0.968458 0.249175 0.000000 0.501300 -0.865274 0.000000 -0.225800 0.974174 0.000000 -0.497534 0.867444 0.000000 
0.211521 -0.977373 0.000000 -0.977744 -0.209800 -0.000000 0.968425 0.249306 0.000000 0.501290 -0.865279 0.000000 -0.225931 0.974143 0.000000 -0.497485 0.867472 0.000000 
0.211512 -0.977375 0.000000 -0.977746 -0.209792 -0.000000 0.968425 0.249306 0.000000 0.501293 -0.865277 0.000000 -0.225932 0.974143 0.000000 -0.497486 0.867472 0.000000 
0.211513 -0.977375 0.000000 -0.977747 -0.209787 -0.000000 0.968425 0.249306 0.000000 0.501240 -0.865309 0.000000 -0.225932 0.974143 0.000000 -0.497433 0.867502 0.000000 
0.211479 -0.977383 0.000000 -0.977756 -0.209747 -0.000000 0.968428 0.249294 0.000000 0.501182 -0.865342 0.000000 -0.225921 0.974146 0.000000 -0.497370 0.867538 0.000000 
0.211451 -0.977389 0.000000 -0.977762 -0.209719 -0.000000 0.968425 0.249304 0.000000 0.501195 -0.865334 0.000000 -0.225931 0.974143 0.000000 -0.497374 0.867536 0.000000 
0.211431 -0.977393 0.000000 -0.977766 -0.209700 -0.000000 0.968425 0.249304 0.000000 0.501196 -0.865334 0.000000 -0.225931 0.974143 0.000000 -0.497370 0.867539 0.000000 
0.211417 -0.977396 0.000000 -0.977768 -0.209688 -0.000000 0.968425 0.249305 0.000000 0.501196 -0.865334 0.000000 -0.225931 0.974143 0.000000 -0.497367 0.867540 0.000000 
0.211407 -0.977398 0.000000 -0.977770 -0.209679 -0.000000 0.968425 0.249304 0.000000 0.501196 -0.865334 0.000000 -0.225931 0.974143 0.000000 -0.497364 0.867542 0.000000 
0.211383 -0.977403 0.000000 -0.977775 -0.209655 -0.000000 0.968408 0.249373 0.000000 0.501215 -0.865323 0.000000 -0.226000 0.974127 0.000000 -0.497361 0.867544 0.000000 
0.211361 -0.977408 0.000000 -0.977780 -0.209633 -0.000000 0.968408 0.249373 0.000000 0.501216 -0.865322 0.000000 -0.226000 0.974127 0.000000 -0.497356 0.867547 0.000000 
0.211356 -0.977409 0.000000 -0.977781 -0.209629 -0.000000 0.968408 0.249372 0.000000 0.501219 -0.865320 0.000000 -0.226000 0.974127 0.000000 -0.497358 0.867545 0.000000 
0.211263 -0.977429 0.000000 -0.977799 -0.209545 -0.000000 0.968422 0.249318 0.000000 0.501358 -0.865240 0.000000 -0.225946 0.974140 0.000000 -0.497489 0.867470 0.000000 
0.211262 -0.977430 0.000000 -0.977799 -0.209544 -0.000000 0.968448 0.249217 0.000000 0.501346 -0.865247 0.000000 -0.225844 0.974163 0.000000 -0.497501 0.867463 0.000000 
0.211162 -0.977451 0.000000 -0.977819 -0.209449 -0.000000 0.968447 0.249219 0.000000 0.501384 -0.865225 0.000000 -0.225846 0.974163 0.000000 -0.497515 0.867455 0.000000 
0.211007 -0.977485 0.000000 -0.977851 -0.209303 -0.000000 0.968448 0.249218 0.000000 0.501538 -0.865136 0.000000 -0.225844 0.974163 0.000000 -0.497632 0.867388 0.000000 
0.211020 -0.977482 0.000000 -0.977848 -0.209316 -0.000000 0.968447 0.249219 0.000000 0.501659 -0.865065 0.000000 -0.225846 0.974163 0.000000 -0.497757 0.867316 0.000000 
