0.977203 0.212277 -0.003715 0.210554 -0.977582 -0.000672 -0.247331 0.968931 -0.000473 0.863064 0.505093 0.001149 -0.974601 -0.223947 0.000066 -0.864878 -0.501982 0.000416 
0.976670 0.214725 -0.002896 0.213002 -0.977051 -0.001133 -0.252605 0.967568 -0.001486 0.862760 0.505612 0.001197 -0.973367 -0.229253 0.000113 -0.864994 -0.501782 0.000390 
0.974744 0.223312 -0.002594 0.221591 -0.975138 -0.001985 -0.262131 0.965031 -0.001607 0.861295 0.508104 0.001256 -0.971060 -0.238837 -0.000013 -0.863712 -0.503986 0.000481 
0.974464 0.224532 -0.002165 0.222813 -0.974860 -0.001553 -0.262616 0.964900 -0.000973 0.861061 0.508500 0.001052 -0.970940 -0.239325 -0.000158 -0.863372 -0.504568 0.000339 
0.974448 0.224606 -0.001800 0.222889 -0.974844 -0.000465 -0.259720 0.965684 -0.000547 0.860638 0.509216 0.000887 -0.971653 -0.236411 -0.000052 -0.862507 -0.506046 -0.000009 
0.974869 0.222756 -0.003180 0.221041 -0.975265 0.000338 -0.256270 0.966605 -0.000437 0.860773 0.508988 0.001131 -0.972491 -0.232939 -0.000232 -0.862394 -0.506237 0.000088 
0.975661 0.219246 -0.004114 0.217545 -0.976041 0.004334 -0.252556 0.967582 0.000006 0.860898 0.508778 0.000496 -0.973379 -0.229203 -0.000048 -0.862465 -0.506117 -0.000018 
0.977219 0.212202 -0.003757 0.210509 -0.977530 0.010982 -0.248635 0.968597 -0.000092 0.861416 0.507899 -0.001145 -0.974299 -0.225259 0.000105 -0.863383 -0.504550 -0.000031 
0.978260 0.207353 -0.003443 0.205659 -0.978489 0.016259 -0.246144 0.969233 -0.000084 0.861758 0.507314 -0.002440 -0.974875 -0.222753 0.000093 -0.864022 -0.503454 -0.000030 
0.979395 0.201929 -0.003308 0.200228 -0.979529 0.020767 -0.243941 0.969790 -0.000064 0.862160 0.506623 -0.003553 -0.975379 -0.220537 0.000085 -0.864836 -0.502055 0.000025 
0.979587 0.200978 -0.004193 0.199296 -0.979675 0.022762 -0.243482 0.969905 -0.000040 0.862314 0.506358 -0.004104 -0.975483 -0.220075 0.000070 -0.865049 -0.501687 0.000443 
0.979337 0.202173 -0.004918 0.200508 -0.979411 0.023475 -0.243091 0.970003 0.000014 0.862320 0.506345 -0.004370 -0.975571 -0.219683 0.000092 -0.864840 -0.502047 0.000785 
0.978547 0.205938 -0.006013 0.204298 -0.978643 0.022829 -0.243089 0.970004 0.000040 0.862188 0.506570 -0.004319 -0.975572 -0.219681 0.000080 -0.864203 -0.503142 0.001261 
0.978006 0.208495 -0.005835 0.206851 -0.978121 0.022194 -0.243048 0.970014 0.000104 0.862093 0.506732 -0.004256 -0.975581 -0.219639 0.000064 -0.863757 -0.503906 0.001267 
0.977256 0.211986 -0.005682 0.210338 -0.977411 0.020650 -0.243296 0.969952 -0.000198 0.862004 0.506885 -0.004157 -0.975525 -0.219889 0.000037 -0.863231 -0.504808 0.001538 
0.976743 0.214352 -0.005092 0.212691 -0.976930 0.019267 -0.243280 0.969956 0.000046 0.861909 0.507048 -0.003886 -0.975529 -0.219872 -0.000127 -0.862812 -0.505524 0.001372 
0.976209 0.216777 -0.004773 0.215109 -0.976429 0.017709 -0.243612 0.969873 0.000077 0.861755 0.507311 -0.003573 -0.975453 -0.220207 -0.000121 -0.862374 -0.506270 0.001286 
0.976116 0.217208 -0.004185 0.215529 -0.976346 0.017213 -0.244079 0.969755 0.000131 0.861663 0.507468 -0.003491 -0.975347 -0.220676 -0.000117 -0.862289 -0.506415 0.001095 
0.976079 0.217380 -0.003981 0.215697 -0.976308 0.017244 -0.244778 0.969579 0.000167 0.861545 0.507669 -0.003524 -0.975188 -0.221380 -0.000117 -0.862246 -0.506489 0.001042 
0.976468 0.215631 -0.003748 0.213944 -0.976670 0.018558 -0.244989 0.969525 0.001229 0.861515 0.507716 -0.004167 -0.975139 -0.221593 0.000840 -0.862486 -0.506080 0.000735 
0.976821 0.214024 -0.003760 0.212336 -0.976996 0.019819 -0.245403 0.969420 0.001533 0.861526 0.507695 -0.004382 -0.975045 -0.222008 -0.000292 -0.862774 -0.505588 0.001003 
0.977310 0.211768 -0.004295 0.210090 -0.977447 0.021455 -0.245403 0.969420 0.001428 0.861620 0.507531 -0.004749 -0.975045 -0.222008 -0.000267 -0.863175 -0.504903 0.001207 
0.977713 0.209880 -0.005307 0.208224 -0.977817 0.022740 -0.244871 0.969537 0.005976 0.861499 0.507726 -0.005906 -0.975165 -0.221478 0.000279 -0.863240 -0.504793 0.001225 
0.978277 0.207184 -0.006993 0.205571 -0.978348 0.024004 -0.244870 0.969541 0.005450 0.861606 0.507542 -0.006110 -0.975166 -0.221477 0.000236 -0.863710 -0.503986 0.001876 
0.978473 0.206177 -0.009065 0.204618 -0.978530 0.024693 -0.244301 0.969676 0.006765 0.861597 0.507552 -0.006530 -0.975295 -0.220905 0.000079 -0.863757 -0.503903 0.002636 
0.978633 0.205330 -0.010784 0.203818 -0.978689 0.025036 -0.244281 0.969685 0.006168 0.861629 0.507497 -0.006516 -0.975300 -0.220884 0.000057 -0.863897 -0.503657 0.003294 
0.978481 0.205964 -0.012435 0.204495 -0.978552 0.024854 -0.244280 0.969688 0.005644 0.861598 0.507551 -0.006397 -0.975300 -0.220883 0.000034 -0.863778 -0.503858 0.003922 
0.978275 0.206862 -0.013667 0.205424 -0.978367 0.024485 -0.244007 0.969759 0.005260 0.861570 0.507600 -0.006265 -0.975363 -0.220607 0.000089 -0.863588 -0.504179 0.004373 
0.977920 0.208468 -0.014628 0.207050 -0.978041 0.023810 -0.243902 0.969787 0.004886 0.861505 0.507713 -0.006062 -0.975387 -0.220502 0.000110 -0.863289 -0.504688 0.004733 
0.977399 0.210850 -0.015305 0.209440 -0.977555 0.022842 -0.243903 0.969789 0.004490 0.861404 0.507887 -0.005783 -0.975387 -0.220502 0.000080 -0.862863 -0.505413 0.005006 
0.976862 0.213285 -0.015804 0.211878 -0.977051 0.021900 -0.244145 0.969717 0.006462 0.861099 0.508406 -0.005594 -0.975332 -0.220740 -0.001133 -0.862259 -0.506442 0.005185 
0.976640 0.214252 -0.016454 0.212856 -0.976849 0.021433 -0.244239 0.969692 0.006610 0.861001 0.508567 -0.006049 -0.975307 -0.220849 0.001132 -0.862047 -0.506802 0.005145 
0.976380 0.215399 -0.016890 0.214007 -0.976608 0.020898 -0.244429 0.969635 0.007879 0.860827 0.508864 -0.005808 -0.975267 -0.221030 -0.000698 -0.861739 -0.507322 0.005536 
0.976260 0.215905 -0.017367 0.214522 -0.976502 0.020609 -0.244433 0.969640 0.007174 0.860803 0.508907 -0.005643 -0.975266 -0.221032 -0.000635 -0.861643 -0.507483 0.005739 
0.976332 0.215518 -0.018093 0.214154 -0.976579 0.020766 -0.244544 0.969617 0.006452 0.860814 0.508890 -0.005579 -0.975241 -0.221145 -0.000569 -0.861720 -0.507349 0.006034 
0.976548 0.214465 -0.018932 0.213127 -0.976794 0.021206 -0.244593 0.969608 0.005918 0.860849 0.508830 -0.005599 -0.975230 -0.221193 -0.000520 -0.861903 -0.507033 0.006355 
0.976783 0.213301 -0.019944 0.211995 -0.977031 0.021658 -0.244628 0.969602 0.005454 0.860864 0.508803 -0.005647 -0.975222 -0.221229 -0.000472 -0.862079 -0.506729 0.006748 
0.977116 0.211680 -0.020881 0.210405 -0.977363 0.022163 -0.244787 0.969563 0.005213 0.860927 0.508697 -0.005678 -0.975185 -0.221389 -0.000415 -0.862382 -0.506209 0.007032 
0.977406 0.210249 -0.021742 0.209003 -0.977654 0.022578 -0.244800 0.969557 0.005639 0.860983 0.508602 -0.005713 -0.975182 -0.221403 -0.000372 -0.862634 -0.505778 0.007169 
0.977686 0.208896 -0.022189 0.207670 -0.977927 0.023071 -0.244784 0.969559 0.006037 0.861009 0.508556 -0.005798 -0.975186 -0.221387 -0.000334 -0.862841 -0.505424 0.007201 
0.978008 0.207317 -0.022790 0.206116 -0.978243 0.023614 -0.244774 0.969559 0.006349 0.861079 0.508438 -0.005868 -0.975188 -0.221378 -0.000300 -0.863123 -0.504942 0.007282 
0.978313 0.205903 -0.022524 0.204705 -0.978524 0.024218 -0.244717 0.969572 0.006593 0.861077 0.508439 -0.006016 -0.975201 -0.221321 -0.000271 -0.863305 -0.504632 0.007137 
0.978462 0.205175 -0.022714 0.203987 -0.978667 0.024503 -0.244688 0.969579 0.006703 0.861107 0.508387 -0.006034 -0.975208 -0.221292 -0.000232 -0.863430 -0.504419 0.007121 
0.978463 0.205171 -0.022708 0.203985 -0.978664 0.024618 -0.244690 0.969579 0.006587 0.861108 0.508387 -0.006014 -0.975207 -0.221294 -0.000215 -0.863430 -0.504418 0.007092 
0.978463 0.205163 -0.022745 0.203981 -0.978661 0.024795 -0.244657 0.969588 0.006445 0.861109 0.508384 -0.006023 -0.975215 -0.221261 -0.000158 -0.863428 -0.504422 0.007087 
0.978463 0.205159 -0.022809 0.203982 -0.978655 0.025023 -0.244658 0.969589 0.006213 0.861110 0.508384 -0.006036 -0.975214 -0.221262 -0.000149 -0.863428 -0.504421 0.007119 
0.978461 0.205138 -0.023075 0.203975 -0.978649 0.025327 -0.244667 0.969589 0.005927 0.861096 0.508405 -0.006088 -0.975212 -0.221271 -0.000106 -0.863418 -0.504437 0.007246 
0.978458 0.205098 -0.023547 0.203955 -0.978643 0.025685 -0.244658 0.969593 0.005605 0.861096 0.508405 -0.006149 -0.975215 -0.221261 -0.000059 -0.863419 -0.504432 0.007449 
0.978473 0.204951 -0.024188 0.203835 -0.978657 0.026118 -0.244912 0.969531 0.005330 0.861073 0.508442 -0.006242 -0.975157 -0.221517 -0.000006 -0.863450 -0.504376 0.007715 
0.978489 0.204790 -0.024926 0.203705 -0.978673 0.026527 -0.246454 0.969150 0.003004 0.860920 0.508703 -0.006183 -0.974803 -0.223066 0.000208 -0.863532 -0.504226 0.008278 
0.978416 0.205083 -0.025348 0.204016 -0.978601 0.026793 -0.247609 0.968859 0.001595 0.860732 0.509020 -0.006173 -0.974537 -0.224227 0.000177 -0.863466 -0.504333 0.008688 
0.978412 0.205033 -0.025905 0.203992 -0.978594 0.027220 -0.247567 0.968870 0.001261 0.860722 0.509036 -0.006276 -0.974547 -0.224185 0.000185 -0.863453 -0.504349 0.008965 
0.978411 0.204978 -0.026361 0.203961 -0.978588 0.027656 -0.247587 0.968865 0.000858 0.860699 0.509075 -0.006363 -0.974542 -0.224205 0.000091 -0.863437 -0.504372 0.009240 
0.978460 0.204727 -0.026521 0.203723 -0.978626 0.028070 -0.247793 0.968807 0.003475 0.860509 0.509389 -0.006837 -0.974494 -0.224411 -0.000662 -0.863313 -0.504583 0.009359 
0.978563 0.204283 -0.026122 0.203274 -0.978708 0.028471 -0.247716 0.968819 0.005067 0.860312 0.509712 -0.007537 -0.974512 -0.224337 -0.000127 -0.863172 -0.504824 0.009289 
0.978552 0.204225 -0.026981 0.203251 -0.978703 0.028811 -0.247718 0.968821 0.004725 0.860312 0.509712 -0.007516 -0.974511 -0.224338 -0.000125 -0.863176 -0.504812 0.009571 
0.978615 0.203850 -0.027524 0.202906 -0.978758 0.029357 -0.247718 0.968822 0.004360 0.860327 0.509686 -0.007549 -0.974511 -0.224338 -0.000118 -0.863239 -0.504701 0.009754 
0.978729 0.203272 -0.027745 0.202350 -0.978854 0.030005 -0.247719 0.968824 0.004004 0.860352 0.509643 -0.007611 -0.974511 -0.224339 -0.000112 -0.863340 -0.504527 0.009826 
0.978849 0.202736 -0.027416 0.201816 -0.978943 0.030669 -0.247748 0.968817 0.003893 0.860323 0.509692 -0.007673 -0.974505 -0.224366 -0.000565 -0.863386 -0.504448 0.009809 
0.978999 0.202068 -0.027027 0.201145 -0.979062 0.031276 -0.247636 0.968841 0.004797 0.860246 0.509818 -0.007932 -0.974531 -0.224254 -0.000731 -0.863387 -0.504450 0.009651 
0.979046 0.201835 -0.027043 0.200924 -0.979089 0.031834 -0.247663 0.968836 0.004424 0.860217 0.509866 -0.008011 -0.974524 -0.224280 -0.000654 -0.863392 -0.504441 0.009668 
0.979112 0.201541 -0.026844 0.200633 -0.979133 0.032316 -0.247714 0.968822 0.004657 0.860126 0.510018 -0.008126 -0.974513 -0.224331 -0.000649 -0.863350 -0.504516 0.009551 
0.979132 0.201414 -0.027080 0.200523 -0.979141 0.032765 -0.247703 0.968827 0.004269 0.860130 0.510010 -0.008153 -0.974515 -0.224320 -0.000587 -0.863368 -0.504483 0.009626 
0.979162 0.201267 -0.027066 0.200385 -0.979154 0.033208 -0.247793 0.968805 0.003912 0.860107 0.510048 -0.008197 -0.974494 -0.224412 -0.000473 -0.863377 -0.504468 0.009604 
0.979189 0.201183 -0.026713 0.200295 -0.979159 0.033603 -0.247730 0.968821 0.003933 0.860013 0.510202 -0.008480 -0.974508 -0.224352 0.000448 -0.863290 -0.504621 0.009346 
0.979198 0.201174 -0.026477 0.200284 -0.979149 0.033973 -0.247732 0.968822 0.003611 0.859957 0.510297 -0.008479 -0.974508 -0.224353 0.000388 -0.863236 -0.504716 0.009270 
0.979211 0.201168 -0.026033 0.200267 -0.979141 0.034307 -0.247718 0.968826 0.003462 0.859862 0.510455 -0.008529 -0.974511 -0.224339 0.000474 -0.863142 -0.504879 0.009090 
0.979227 0.201146 -0.025605 0.200235 -0.979136 0.034633 -0.247677 0.968836 0.003685 0.859772 0.510606 -0.008524 -0.974521 -0.224296 -0.000002 -0.863051 -0.505038 0.008977 
0.979238 0.201140 -0.025224 0.200220 -0.979126 0.034982 -0.247686 0.968834 0.003454 0.859671 0.510776 -0.008581 -0.974519 -0.224306 0.000127 -0.862953 -0.505206 0.008826 
0.979251 0.201124 -0.024827 0.200194 -0.979118 0.035346 -0.247698 0.968831 0.003338 0.859599 0.510897 -0.008561 -0.974516 -0.224315 -0.000592 -0.862884 -0.505324 0.008863 
0.979265 0.201102 -0.024457 0.200165 -0.979110 0.035739 -0.247705 0.968830 0.003200 0.859486 0.511086 -0.008648 -0.974515 -0.224323 -0.000399 -0.862778 -0.505509 0.008692 
0.979328 0.200936 -0.023268 0.199957 -0.979139 0.036103 -0.247825 0.968796 0.004223 0.859243 0.511492 -0.008841 -0.974487 -0.224441 -0.001293 -0.862579 -0.505852 0.008468 
0.979341 0.200843 -0.023519 0.199881 -0.979138 0.036542 -0.247853 0.968790 0.003918 0.859217 0.511534 -0.008893 -0.974481 -0.224469 -0.001120 -0.862569 -0.505868 0.008518 
0.979365 0.200731 -0.023470 0.199774 -0.979143 0.037001 -0.247853 0.968792 0.003202 0.859138 0.511662 -0.009181 -0.974480 -0.224473 0.000026 -0.862508 -0.505972 0.008441 
0.979368 0.200704 -0.023582 0.199758 -0.979131 0.037404 -0.247854 0.968793 0.002937 0.859108 0.511712 -0.009198 -0.974480 -0.224474 0.000017 -0.862481 -0.506019 0.008469 
0.979391 0.200636 -0.023193 0.199680 -0.979133 0.037776 -0.247944 0.968769 0.003126 0.858993 0.511901 -0.009378 -0.974459 -0.224566 0.000453 -0.862392 -0.506174 0.008230 
0.979410 0.200599 -0.022707 0.199627 -0.979131 0.038109 -0.248016 0.968751 0.003130 0.858904 0.512052 -0.009337 -0.974443 -0.224636 -0.000326 -0.862317 -0.506302 0.008214 
0.979410 0.200593 -0.022761 0.199628 -0.979118 0.038434 -0.248017 0.968751 0.002877 0.858880 0.512092 -0.009345 -0.974442 -0.224637 -0.000297 -0.862294 -0.506342 0.008215 
0.979413 0.200590 -0.022663 0.199624 -0.979107 0.038716 -0.248048 0.968744 0.002640 0.858855 0.512133 -0.009351 -0.974435 -0.224669 -0.000261 -0.862274 -0.506377 0.008162 
0.979432 0.200572 -0.022001 0.199583 -0.979105 0.038976 -0.248075 0.968725 0.005557 0.858511 0.512699 -0.009920 -0.974427 -0.224703 0.000696 -0.861948 -0.506942 0.007436 
0.979438 0.200557 -0.021870 0.199567 -0.979097 0.039283 -0.248410 0.968642 0.004936 0.858544 0.512647 -0.009728 -0.974351 -0.225031 -0.000608 -0.862026 -0.506805 0.007732 
0.979443 0.200545 -0.021761 0.199554 -0.979085 0.039643 -0.248430 0.968639 0.004646 0.858499 0.512723 -0.009787 -0.974346 -0.225053 -0.000393 -0.861986 -0.506875 0.007659 
0.979446 0.200555 -0.021527 0.199558 -0.979070 0.039987 -0.248457 0.968633 0.004326 0.858462 0.512784 -0.009820 -0.974340 -0.225080 -0.000259 -0.861952 -0.506934 0.007554 
0.979447 0.200553 -0.021512 0.199561 -0.979053 0.040380 -0.248474 0.968631 0.003975 0.858436 0.512826 -0.009853 -0.974336 -0.225098 -0.000174 -0.861928 -0.506975 0.007541 
0.979448 0.200562 -0.021384 0.199569 -0.979037 0.040721 -0.248507 0.968623 0.003641 0.858407 0.512875 -0.009878 -0.974328 -0.225132 -0.000114 -0.861902 -0.507020 0.007497 
0.979450 0.200563 -0.021281 0.199570 -0.979022 0.041089 -0.248509 0.968624 0.003318 0.858390 0.512902 -0.009898 -0.974328 -0.225133 -0.000106 -0.861885 -0.507049 0.007466 
0.979453 0.200574 -0.021010 0.199573 -0.979008 0.041400 -0.248528 0.968620 0.003124 0.858344 0.512978 -0.009947 -0.974323 -0.225153 -0.000001 -0.861841 -0.507126 0.007353 
0.979443 0.200672 -0.020564 0.199651 -0.978992 0.041404 -0.248666 0.968584 0.003275 0.858235 0.513154 -0.010249 -0.974290 -0.225294 0.001103 -0.861746 -0.507291 0.007068 
0.979450 0.200683 -0.020083 0.199645 -0.978975 0.041842 -0.248864 0.968536 0.001974 0.858209 0.513203 -0.009974 -0.974246 -0.225489 -0.000617 -0.861740 -0.507295 0.007429 
0.979442 0.200724 -0.020074 0.199689 -0.978956 0.042063 -0.248938 0.968518 0.001800 0.858143 0.513313 -0.009966 -0.974228 -0.225563 -0.000644 -0.861679 -0.507399 0.007414 
0.979445 0.200725 -0.019926 0.199683 -0.978953 0.042172 -0.248936 0.968518 0.002166 0.858052 0.513458 -0.010339 -0.974228 -0.225563 0.000718 -0.861594 -0.507547 0.007142 
0.979451 0.200770 -0.019147 0.199697 -0.978938 0.042444 -0.249088 0.968478 0.002246 0.857904 0.513705 -0.010394 -0.974193 -0.225716 0.000489 -0.861465 -0.507770 0.006918 
0.979440 0.200748 -0.019952 0.199724 -0.978880 0.043628 -0.249263 0.968434 0.001992 0.857803 0.513876 -0.010216 -0.974152 -0.225892 0.000437 -0.861387 -0.507904 0.006829 
0.979441 0.200749 -0.019869 0.199723 -0.978874 0.043777 -0.249267 0.968433 0.001849 0.857789 0.513900 -0.010220 -0.974151 -0.225895 0.000385 -0.861373 -0.507928 0.006820 
0.979444 0.200837 -0.018831 0.199765 -0.978856 0.043992 -0.249307 0.968421 0.002722 0.857585 0.514230 -0.010691 -0.974141 -0.225938 0.001172 -0.861171 -0.508275 0.006392 
0.979446 0.200831 -0.018789 0.199758 -0.978851 0.044122 -0.249352 0.968410 0.002490 0.857579 0.514242 -0.010652 -0.974131 -0.225983 0.001053 -0.861171 -0.508275 0.006403 
0.979448 0.200829 -0.018708 0.199753 -0.978845 0.044294 -0.249354 0.968410 0.002302 0.857580 0.514241 -0.010629 -0.974130 -0.225985 0.000943 -0.861172 -0.508274 0.006393 
0.979451 0.200822 -0.018626 0.199744 -0.978838 0.044475 -0.249545 0.968361 0.002092 0.857557 0.514279 -0.010628 -0.974086 -0.226176 0.000924 -0.861177 -0.508265 0.006375 
0.979449 0.200837 -0.018557 0.199757 -0.978831 0.044574 -0.249570 0.968355 0.001939 0.857554 0.514285 -0.010613 -0.974080 -0.226202 0.000872 -0.861175 -0.508269 0.006367 
0.979449 0.200873 -0.018149 0.199776 -0.978813 0.044887 -0.249595 0.968349 0.001786 0.857496 0.514380 -0.010673 -0.974075 -0.226226 0.000779 -0.861116 -0.508370 0.006277 
0.979450 0.200890 -0.017909 0.199783 -0.978803 0.045061 -0.249618 0.968343 0.001615 0.857470 0.514423 -0.010686 -0.974069 -0.226249 0.000700 -0.861090 -0.508414 0.006230 
0.979447 0.200948 -0.017442 0.199821 -0.978785 0.045289 -0.249665 0.968331 0.001488 0.857409 0.514524 -0.010746 -0.974058 -0.226296 0.000626 -0.861029 -0.508520 0.006125 
0.979446 0.200955 -0.017380 0.199826 -0.978780 0.045383 -0.249633 0.968340 0.001307 0.857417 0.514510 -0.010718 -0.974066 -0.226264 0.000573 -0.861031 -0.508515 0.006113 
0.979445 0.200993 -0.017032 0.199848 -0.978768 0.045533 -0.249666 0.968331 0.001206 0.857368 0.514591 -0.010749 -0.974058 -0.226297 0.000510 -0.860982 -0.508600 0.006030 
0.979441 0.201040 -0.016665 0.199878 -0.978759 0.045596 -0.249882 0.968276 0.000997 0.857331 0.514654 -0.010728 -0.974008 -0.226513 0.000156 -0.860969 -0.508621 0.006037 
0.979442 0.201039 -0.016657 0.199877 -0.978757 0.045644 -0.249883 0.968276 0.000946 0.857331 0.514654 -0.010702 -0.974008 -0.226514 0.000128 -0.860970 -0.508620 0.006018 
0.979441 0.201042 -0.016637 0.199879 -0.978755 0.045679 -0.249887 0.968274 0.000914 0.857327 0.514662 -0.010680 -0.974007 -0.226519 0.000115 -0.860966 -0.508628 0.005993 
0.979440 0.201056 -0.016520 0.199888 -0.978752 0.045702 -0.249850 0.968282 0.002168 0.857218 0.514834 -0.011092 -0.974014 -0.226484 0.001170 -0.860856 -0.508817 0.005696 
0.979440 0.201066 -0.016433 0.199894 -0.978747 0.045797 -0.249863 0.968279 0.001952 0.857218 0.514835 -0.011041 -0.974011 -0.226496 0.001045 -0.860856 -0.508817 0.005685 
0.979441 0.201066 -0.016353 0.199891 -0.978740 0.045944 -0.249868 0.968278 0.001785 0.857219 0.514834 -0.011009 -0.974011 -0.226501 0.000926 -0.860857 -0.508816 0.005670 
0.979426 0.201176 -0.015910 0.199981 -0.978712 0.046148 -0.250060 0.968229 0.001370 0.857154 0.514941 -0.011025 -0.973966 -0.226693 0.000846 -0.860805 -0.508904 0.005602 
0.979425 0.201187 -0.015807 0.199987 -0.978709 0.046204 -0.250071 0.968227 0.001265 0.857153 0.514945 -0.010986 -0.973963 -0.226705 0.000758 -0.860803 -0.508907 0.005569 
0.979427 0.201186 -0.015741 0.199984 -0.978705 0.046293 -0.250078 0.968225 0.001182 0.857151 0.514949 -0.010964 -0.973962 -0.226711 0.000708 -0.860802 -0.508910 0.005539 
0.979428 0.201194 -0.015542 0.199983 -0.978702 0.046351 -0.250096 0.968220 0.001086 0.857150 0.514951 -0.010931 -0.973958 -0.226729 0.000380 -0.860802 -0.508910 0.005559 
0.979428 0.201199 -0.015488 0.199985 -0.978703 0.046339 -0.250095 0.968221 0.000996 0.857153 0.514947 -0.010893 -0.973958 -0.226728 0.000341 -0.860804 -0.508906 0.005539 
0.979426 0.201247 -0.014999 0.200010 -0.978688 0.046546 -0.250057 0.968230 0.001734 0.857031 0.515143 -0.011235 -0.973966 -0.226691 0.001135 -0.860675 -0.509128 0.005205 
0.979423 0.201264 -0.014982 0.200026 -0.978682 0.046590 -0.250171 0.968201 0.001438 0.857028 0.515149 -0.011177 -0.973939 -0.226806 0.001060 -0.860686 -0.509110 0.005224 
0.979425 0.201264 -0.014843 0.200020 -0.978680 0.046664 -0.250175 0.968200 0.001314 0.857026 0.515153 -0.011135 -0.973939 -0.226809 0.000937 -0.860683 -0.509114 0.005188 
0.979421 0.201299 -0.014601 0.200043 -0.978672 0.046730 -0.250197 0.968194 0.001102 0.857020 0.515163 -0.011101 -0.973934 -0.226831 0.000879 -0.860677 -0.509126 0.005119 
0.979403 0.201408 -0.014276 0.200137 -0.978650 0.046787 -0.250531 0.968109 0.000157 0.857010 0.515186 -0.010833 -0.973856 -0.227166 -0.000439 -0.860696 -0.509091 0.005408 
0.979401 0.201441 -0.013949 0.200154 -0.978650 0.046717 -0.250446 0.968130 0.000659 0.856951 0.515279 -0.011093 -0.973876 -0.227081 0.000326 -0.860625 -0.509212 0.005176 
0.979402 0.201439 -0.013954 0.200152 -0.978649 0.046740 -0.250447 0.968130 0.000632 0.856951 0.515279 -0.011052 -0.973876 -0.227082 0.000288 -0.860626 -0.509211 0.005151 
0.979402 0.201438 -0.013939 0.200151 -0.978648 0.046763 -0.250448 0.968130 0.000605 0.856952 0.515279 -0.011015 -0.973875 -0.227083 0.000253 -0.860626 -0.509211 0.005121 
0.979399 0.201455 -0.013903 0.200166 -0.978647 0.046737 -0.250465 0.968126 0.000594 0.856948 0.515286 -0.010980 -0.973872 -0.227099 0.000244 -0.860623 -0.509217 0.005083 
0.979399 0.201455 -0.013884 0.200165 -0.978646 0.046754 -0.250466 0.968125 0.000573 0.856948 0.515286 -0.010947 -0.973871 -0.227101 0.000212 -0.860623 -0.509217 0.005056 
0.979398 0.201463 -0.013881 0.200172 -0.978644 0.046756 -0.250579 0.968096 0.000455 0.856945 0.515293 -0.010906 -0.973845 -0.227214 0.000190 -0.860635 -0.509197 0.005049 
0.979398 0.201463 -0.013870 0.200172 -0.978644 0.046763 -0.250580 0.968096 0.000444 0.856945 0.515293 -0.010880 -0.973845 -0.227215 0.000165 -0.860635 -0.509197 0.005027 
0.979398 0.201463 -0.013861 0.200172 -0.978644 0.046770 -0.250581 0.968096 0.000435 0.856945 0.515293 -0.010855 -0.973844 -0.227216 0.000143 -0.860636 -0.509197 0.005008 
0.979398 0.201466 -0.013854 0.200175 -0.978643 0.046773 -0.250589 0.968093 0.000441 0.856942 0.515299 -0.010842 -0.973842 -0.227224 0.000160 -0.860633 -0.509201 0.004983 
0.979394 0.201491 -0.013722 0.200193 -0.978638 0.046809 -0.250611 0.968088 0.000429 0.856919 0.515337 -0.010843 -0.973837 -0.227247 0.000135 -0.860610 -0.509240 0.004940 
0.979388 0.201535 -0.013526 0.200227 -0.978633 0.046755 -0.250588 0.968093 0.001201 0.856843 0.515457 -0.011160 -0.973842 -0.227224 0.001147 -0.860530 -0.509379 0.004659 
0.979380 0.201590 -0.013283 0.200271 -0.978624 0.046761 -0.250619 0.968085 0.001048 0.856826 0.515485 -0.011117 -0.973835 -0.227255 0.001031 -0.860511 -0.509412 0.004603 
0.979346 0.201786 -0.012812 0.200443 -0.978595 0.046622 -0.250787 0.968041 0.001587 0.856761 0.515595 -0.011096 -0.973796 -0.227424 0.000287 -0.860445 -0.509523 0.004584 
0.979345 0.201791 -0.012800 0.200447 -0.978593 0.046645 -0.250799 0.968038 0.001484 0.856761 0.515595 -0.011054 -0.973793 -0.227436 0.000250 -0.860445 -0.509522 0.004569 
0.979342 0.201806 -0.012814 0.200464 -0.978588 0.046692 -0.250853 0.968024 0.001345 0.856755 0.515606 -0.011018 -0.973780 -0.227490 0.000221 -0.860445 -0.509523 0.004569 
0.979302 0.202014 -0.012545 0.200657 -0.978569 0.046244 -0.251028 0.967978 0.001920 0.856704 0.515687 -0.011179 -0.973739 -0.227667 0.000564 -0.860397 -0.509604 0.004479 
0.979293 0.201971 -0.013879 0.200683 -0.978514 0.047301 -0.251068 0.967968 0.001776 0.856657 0.515771 -0.010889 -0.973729 -0.227708 0.000504 -0.860355 -0.509676 0.004476 
0.979291 0.201981 -0.013851 0.200691 -0.978508 0.047381 -0.251049 0.967973 0.001593 0.856665 0.515758 -0.010892 -0.973734 -0.227688 0.000464 -0.860358 -0.509670 0.004507 
0.979292 0.201980 -0.013829 0.200689 -0.978503 0.047496 -0.251051 0.967973 0.001472 0.856665 0.515757 -0.010906 -0.973734 -0.227690 0.000418 -0.860359 -0.509669 0.004530 
0.979292 0.201981 -0.013807 0.200690 -0.978498 0.047599 -0.251097 0.967961 0.001320 0.856664 0.515759 -0.010915 -0.973723 -0.227736 0.000379 -0.860364 -0.509660 0.004557 
