0.197235 -0.026526 0.003282 -0.282289 0.050546 0.005082 0.483515 0.227415 0.004858 0.209956 0.066636 0.004494 0.130383 0.285874 0.004816 0.110287 0.235389 0.004871 
0.197835 -0.025680 0.003648 -0.282898 0.049670 0.005162 0.484916 0.228960 0.005063 0.209633 0.066876 0.004682 0.129469 0.284957 0.004898 0.110266 0.235019 0.004945 
0.199525 -0.023571 0.003771 -0.283922 0.046578 0.005304 0.486388 0.233270 0.005157 0.210111 0.067683 0.004757 0.128801 0.283671 0.004937 0.110757 0.234536 0.005012 
0.201103 -0.022895 0.003955 -0.284384 0.046778 0.005220 0.487160 0.235324 0.005119 0.211177 0.068532 0.004784 0.129838 0.284507 0.004937 0.111966 0.235422 0.005007 
0.203413 -0.022527 0.004070 -0.285233 0.047374 0.004982 0.487309 0.236231 0.005053 0.213098 0.069989 0.004772 0.131786 0.286712 0.004963 0.113740 0.237379 0.004968 
0.204955 -0.022666 0.003558 -0.285889 0.049085 0.004969 0.487394 0.236580 0.005038 0.215901 0.071756 0.004682 0.134876 0.288739 0.004904 0.116086 0.239428 0.004944 
0.207229 -0.023199 0.003658 -0.285974 0.049089 0.004799 0.487445 0.236836 0.004996 0.218618 0.073399 0.004840 0.138337 0.290842 0.004981 0.119013 0.241864 0.004983 
0.209903 -0.024319 0.004721 -0.285854 0.048643 0.004546 0.487542 0.236386 0.004977 0.220457 0.074754 0.005334 0.141846 0.292913 0.004999 0.121837 0.244508 0.004983 
0.212708 -0.024889 0.005583 -0.285632 0.047789 0.004374 0.487590 0.236106 0.004976 0.222375 0.076089 0.005730 0.145261 0.294503 0.004995 0.124551 0.246758 0.004981 
0.214704 -0.025773 0.006293 -0.285492 0.047449 0.004278 0.487699 0.235625 0.004974 0.223806 0.077160 0.006065 0.148073 0.295828 0.004993 0.126691 0.248646 0.004987 
0.215984 -0.025661 0.006392 -0.285324 0.046418 0.004490 0.487761 0.235380 0.004972 0.225109 0.078008 0.006226 0.150177 0.296432 0.004989 0.128128 0.249612 0.005042 
0.216896 -0.025096 0.006353 -0.285091 0.045041 0.004707 0.487853 0.234972 0.004965 0.225940 0.078483 0.006295 0.151470 0.296834 0.004995 0.128876 0.250040 0.005093 
0.217218 -0.023983 0.006029 -0.284852 0.043277 0.005038 0.487950 0.234586 0.004964 0.226445 0.078687 0.006276 0.152094 0.296975 0.004994 0.128958 0.249889 0.005157 
0.217676 -0.023185 0.006032 -0.284679 0.042054 0.005080 0.488045 0.234196 0.004961 0.226410 0.078598 0.006254 0.152106 0.296989 0.004995 0.128814 0.249672 0.005161 
0.218017 -0.022114 0.005899 -0.284612 0.041059 0.005140 0.488228 0.233684 0.004851 0.226234 0.078429 0.006116 0.151898 0.296873 0.004835 0.128360 0.249189 0.005042 
0.218473 -0.021372 0.005898 -0.284583 0.040565 0.005089 0.488275 0.233529 0.004862 0.226133 0.078305 0.006045 0.151750 0.296851 0.004828 0.128128 0.248929 0.005028 
0.218954 -0.020614 0.005797 -0.284591 0.040231 0.005096 0.488330 0.233388 0.004871 0.226252 0.078342 0.005959 0.151654 0.296793 0.004844 0.128042 0.248749 0.005032 
0.219610 -0.020354 0.005908 -0.284595 0.040167 0.005011 0.488356 0.233360 0.004880 0.226392 0.078464 0.005942 0.151774 0.296767 0.004861 0.128247 0.248854 0.005022 
0.220295 -0.020154 0.005988 -0.284542 0.039899 0.004995 0.488369 0.233436 0.004888 0.226745 0.078748 0.005959 0.152204 0.296787 0.004875 0.128660 0.249102 0.005028 
0.221024 -0.020463 0.006248 -0.284425 0.039638 0.004938 0.488139 0.234057 0.004696 0.226891 0.078959 0.005960 0.152249 0.296837 0.005124 0.129430 0.249731 0.005142 
0.221824 -0.020712 0.006435 -0.284299 0.039291 0.004938 0.488166 0.234162 0.004757 0.227495 0.079415 0.006083 0.154020 0.297205 0.004875 0.130057 0.250197 0.005037 
0.222206 -0.021241 0.006534 -0.284154 0.038957 0.005043 0.488258 0.233799 0.004775 0.228025 0.079794 0.006209 0.155044 0.297439 0.004887 0.130757 0.250731 0.005074 
0.222272 -0.021742 0.006459 -0.283981 0.038660 0.005259 0.487474 0.236546 0.004280 0.228011 0.079960 0.006045 0.155673 0.297959 0.005163 0.131378 0.251471 0.005300 
0.221645 -0.022611 0.006204 -0.283906 0.038725 0.005619 0.487661 0.235807 0.004342 0.228516 0.080335 0.006170 0.156627 0.298179 0.005145 0.131677 0.251792 0.005372 
0.220892 -0.023034 0.005771 -0.283764 0.038388 0.006081 0.487472 0.236201 0.004206 0.228866 0.080599 0.006151 0.157649 0.298623 0.005135 0.131765 0.252031 0.005476 
0.220240 -0.023400 0.005384 -0.283694 0.038223 0.006467 0.487665 0.235424 0.004273 0.229359 0.080910 0.006217 0.158363 0.298791 0.005121 0.131854 0.252130 0.005550 
0.219707 -0.023338 0.004944 -0.283603 0.037759 0.006852 0.487833 0.234757 0.004335 0.229862 0.081188 0.006244 0.158963 0.298930 0.005109 0.131862 0.252103 0.005623 
0.219376 -0.023164 0.004587 -0.283534 0.037352 0.007146 0.487954 0.234153 0.004377 0.230282 0.081398 0.006248 0.159399 0.299092 0.005119 0.131865 0.252085 0.005688 
0.219259 -0.022753 0.004256 -0.283466 0.036857 0.007386 0.488065 0.233653 0.004421 0.230711 0.081601 0.006231 0.159774 0.299202 0.005121 0.131879 0.252019 0.005736 
0.219387 -0.022080 0.003957 -0.283389 0.036221 0.007570 0.488178 0.233201 0.004471 0.231162 0.081800 0.006197 0.160120 0.299282 0.005110 0.131908 0.251910 0.005764 
0.219634 -0.021366 0.003704 -0.283282 0.035557 0.007714 0.487894 0.234551 0.004476 0.231517 0.082078 0.006136 0.161231 0.299728 0.005012 0.131880 0.251939 0.005795 
0.219620 -0.021115 0.003484 -0.283212 0.035245 0.007881 0.487682 0.234449 0.004149 0.231480 0.082050 0.005944 0.159930 0.299378 0.005388 0.132116 0.252050 0.005966 
0.219805 -0.020771 0.003305 -0.283135 0.034867 0.008002 0.487601 0.235237 0.004240 0.231890 0.082333 0.005956 0.161560 0.299873 0.005096 0.132043 0.252039 0.005886 
0.219888 -0.020615 0.003146 -0.283084 0.034592 0.008123 0.487789 0.234491 0.004303 0.232250 0.082534 0.005974 0.161882 0.299950 0.005088 0.132153 0.252080 0.005898 
0.219697 -0.020762 0.002985 -0.283030 0.034422 0.008287 0.487981 0.233754 0.004365 0.232540 0.082718 0.006021 0.162207 0.299995 0.005077 0.132233 0.252135 0.005920 
0.219320 -0.021127 0.002837 -0.282981 0.034358 0.008470 0.488129 0.233111 0.004417 0.232739 0.082869 0.006081 0.162527 0.300058 0.005074 0.132273 0.252215 0.005955 
0.218789 -0.021583 0.002659 -0.282911 0.034333 0.008701 0.488280 0.232507 0.004465 0.232913 0.082987 0.006145 0.162831 0.300119 0.005076 0.132249 0.252252 0.006004 
0.218186 -0.022152 0.002497 -0.282899 0.034511 0.008900 0.488385 0.232124 0.004519 0.233029 0.083100 0.006209 0.163052 0.300124 0.005116 0.132265 0.252324 0.006076 
0.217585 -0.022667 0.002344 -0.282893 0.034690 0.009083 0.488365 0.232208 0.004559 0.233091 0.083175 0.006259 0.163221 0.300157 0.005228 0.132306 0.252422 0.006201 
0.217207 -0.023145 0.002323 -0.282849 0.034830 0.009192 0.488318 0.232308 0.004595 0.233072 0.083172 0.006321 0.163307 0.300166 0.005330 0.132347 0.252501 0.006304 
0.216596 -0.023699 0.002253 -0.282860 0.035098 0.009313 0.488271 0.232411 0.004629 0.232989 0.083163 0.006375 0.163310 0.300155 0.005416 0.132307 0.252556 0.006397 
0.216577 -0.024147 0.002443 -0.282792 0.035320 0.009280 0.488199 0.232505 0.004659 0.232843 0.083061 0.006449 0.163247 0.300130 0.005487 0.132354 0.252634 0.006446 
0.216269 -0.024408 0.002437 -0.282805 0.035489 0.009313 0.488171 0.232597 0.004686 0.232760 0.083029 0.006481 0.163146 0.300111 0.005540 0.132312 0.252649 0.006494 
0.216198 -0.024422 0.002453 -0.282805 0.035492 0.009306 0.488170 0.232601 0.004711 0.232735 0.083015 0.006500 0.163060 0.300092 0.005555 0.132292 0.252638 0.006503 
0.216137 -0.024436 0.002467 -0.282806 0.035498 0.009307 0.488152 0.232618 0.004727 0.232738 0.083017 0.006519 0.162992 0.300082 0.005568 0.132302 0.252649 0.006511 
0.216093 -0.024444 0.002480 -0.282807 0.035509 0.009312 0.488150 0.232626 0.004749 0.232782 0.083045 0.006544 0.162990 0.300083 0.005561 0.132333 0.252668 0.006507 
0.215954 -0.024486 0.002460 -0.282793 0.035513 0.009366 0.488113 0.232626 0.004763 0.232860 0.083087 0.006572 0.163020 0.300080 0.005548 0.132357 0.252683 0.006507 
0.215712 -0.024544 0.002390 -0.282791 0.035529 0.009457 0.488097 0.232643 0.004775 0.232985 0.083165 0.006600 0.163101 0.300101 0.005529 0.132390 0.252709 0.006510 
0.215376 -0.024649 0.002289 -0.282792 0.035581 0.009583 0.488052 0.232815 0.004777 0.233130 0.083276 0.006629 0.163191 0.300078 0.005509 0.132439 0.252737 0.006520 
0.214961 -0.024775 0.002163 -0.282801 0.035682 0.009730 0.487968 0.231847 0.004870 0.233352 0.083528 0.006702 0.163044 0.299656 0.005349 0.132335 0.252620 0.006412 
0.214831 -0.024749 0.002109 -0.282770 0.035662 0.009827 0.487936 0.231462 0.004930 0.233555 0.083727 0.006754 0.163086 0.299445 0.005205 0.132283 0.252546 0.006322 
0.214550 -0.024818 0.002029 -0.282764 0.035680 0.009936 0.487865 0.231497 0.004927 0.233688 0.083814 0.006779 0.163226 0.299485 0.005158 0.132295 0.252573 0.006309 
0.214321 -0.024892 0.001984 -0.282743 0.035689 0.010029 0.487806 0.231495 0.004942 0.233813 0.083887 0.006817 0.163408 0.299515 0.005088 0.132290 0.252575 0.006283 
0.214251 -0.024969 0.002002 -0.282668 0.035795 0.010052 0.487099 0.233665 0.004710 0.233627 0.083897 0.006724 0.163983 0.299759 0.004989 0.132259 0.252723 0.006260 
0.214654 -0.025002 0.002152 -0.282342 0.036021 0.009949 0.486466 0.234929 0.004340 0.233393 0.083793 0.006554 0.163761 0.299785 0.004989 0.132419 0.252951 0.006202 
0.214168 -0.025114 0.001988 -0.282333 0.036037 0.010124 0.486468 0.234919 0.004398 0.233603 0.083919 0.006604 0.163917 0.299822 0.005002 0.132436 0.252964 0.006251 
0.213801 -0.025285 0.001929 -0.282329 0.036092 0.010226 0.486466 0.234925 0.004450 0.233721 0.084002 0.006665 0.163999 0.299843 0.005006 0.132468 0.253004 0.006278 
0.213571 -0.025481 0.001964 -0.282331 0.036186 0.010256 0.486460 0.234951 0.004498 0.233757 0.084042 0.006731 0.164006 0.299846 0.005008 0.132513 0.253062 0.006287 
0.213705 -0.025615 0.002151 -0.282251 0.036264 0.010185 0.486368 0.235149 0.004565 0.233765 0.084047 0.006816 0.164293 0.299908 0.004925 0.132563 0.253119 0.006239 
0.213860 -0.025760 0.002328 -0.282127 0.036455 0.010081 0.486009 0.236005 0.004491 0.233634 0.084008 0.006813 0.164375 0.300000 0.004920 0.132654 0.253282 0.006224 
0.213806 -0.025857 0.002416 -0.282072 0.036449 0.010086 0.485975 0.236014 0.004533 0.233658 0.084012 0.006878 0.164307 0.299974 0.004934 0.132707 0.253318 0.006233 
0.213902 -0.025914 0.002528 -0.281939 0.036554 0.010025 0.485739 0.236449 0.004526 0.233656 0.084039 0.006902 0.164285 0.299996 0.004959 0.132815 0.253446 0.006239 
0.213693 -0.025987 0.002530 -0.281934 0.036579 0.010061 0.485735 0.236459 0.004566 0.233706 0.084073 0.006950 0.164229 0.299988 0.004965 0.132834 0.253467 0.006250 
0.213651 -0.026039 0.002592 -0.281895 0.036620 0.010042 0.485718 0.236514 0.004595 0.233734 0.084093 0.006992 0.164109 0.299947 0.004980 0.132901 0.253508 0.006252 
0.213883 -0.026025 0.002730 -0.281759 0.036666 0.009952 0.485520 0.236738 0.004473 0.233622 0.084034 0.006953 0.163430 0.299828 0.005133 0.133084 0.253668 0.006293 
0.214059 -0.026016 0.002836 -0.281625 0.036669 0.009888 0.485517 0.236747 0.004521 0.233716 0.084053 0.007000 0.163478 0.299841 0.005119 0.133195 0.253719 0.006273 
0.214401 -0.025970 0.002988 -0.281428 0.036692 0.009780 0.485425 0.236839 0.004533 0.233784 0.084063 0.007026 0.163431 0.299842 0.005136 0.133362 0.253822 0.006258 
0.214745 -0.025929 0.003136 -0.281228 0.036715 0.009675 0.485312 0.237186 0.004580 0.233898 0.084096 0.007068 0.163807 0.299958 0.005071 0.133495 0.253907 0.006215 
0.215084 -0.025887 0.003275 -0.281010 0.036732 0.009581 0.485235 0.237226 0.004591 0.234004 0.084121 0.007095 0.163773 0.299953 0.005088 0.133683 0.254016 0.006201 
0.215430 -0.025843 0.003420 -0.280807 0.036729 0.009484 0.485213 0.237359 0.004650 0.234152 0.084162 0.007147 0.164348 0.300088 0.004920 0.133758 0.254039 0.006095 
0.215791 -0.025805 0.003564 -0.280560 0.036718 0.009393 0.485121 0.237456 0.004650 0.234265 0.084188 0.007171 0.164297 0.300083 0.004957 0.133979 0.254169 0.006093 
0.216773 -0.025685 0.003904 -0.280088 0.036844 0.009122 0.484697 0.238378 0.004588 0.234354 0.084203 0.007156 0.165051 0.300273 0.004765 0.134227 0.254353 0.005939 
0.216716 -0.025730 0.003900 -0.280013 0.036804 0.009167 0.484685 0.238385 0.004614 0.234509 0.084285 0.007197 0.165066 0.300271 0.004802 0.134374 0.254438 0.005967 
0.216893 -0.025740 0.003974 -0.279828 0.036791 0.009145 0.484596 0.238051 0.004498 0.234540 0.084280 0.007168 0.164399 0.300086 0.004930 0.134600 0.254579 0.005989 
0.216907 -0.025755 0.004000 -0.279734 0.036715 0.009162 0.484596 0.238047 0.004542 0.234679 0.084344 0.007216 0.164507 0.300112 0.004936 0.134716 0.254640 0.005998 
0.217235 -0.025725 0.004146 -0.279531 0.036682 0.009069 0.484419 0.238348 0.004484 0.234671 0.084331 0.007209 0.164229 0.300049 0.005030 0.134929 0.254787 0.006025 
0.217653 -0.025677 0.004311 -0.279292 0.036659 0.008956 0.484378 0.238522 0.004554 0.234827 0.084374 0.007265 0.164850 0.300180 0.004871 0.135030 0.254820 0.005925 
0.217634 -0.025691 0.004343 -0.279223 0.036612 0.008961 0.484380 0.238518 0.004592 0.234901 0.084403 0.007306 0.164854 0.300182 0.004884 0.135095 0.254853 0.005935 
0.217688 -0.025689 0.004405 -0.279165 0.036588 0.008933 0.484378 0.238525 0.004625 0.234938 0.084415 0.007341 0.164808 0.300167 0.004897 0.135160 0.254885 0.005938 
0.218192 -0.025586 0.004604 -0.278920 0.036622 0.008782 0.483573 0.240736 0.004340 0.234620 0.084382 0.007198 0.164078 0.300261 0.005267 0.135506 0.255365 0.006135 
0.218320 -0.025578 0.004678 -0.278821 0.036587 0.008748 0.483663 0.240560 0.004493 0.234843 0.084443 0.007298 0.165049 0.300313 0.004956 0.135462 0.255205 0.005966 
0.218414 -0.025557 0.004754 -0.278721 0.036545 0.008717 0.483604 0.240537 0.004505 0.234881 0.084470 0.007328 0.164910 0.300285 0.004993 0.135563 0.255282 0.005976 
0.218566 -0.025516 0.004859 -0.278641 0.036533 0.008658 0.483547 0.240527 0.004529 0.234913 0.084493 0.007363 0.164795 0.300257 0.005015 0.135667 0.255355 0.005973 
0.218563 -0.025523 0.004917 -0.278584 0.036509 0.008646 0.483539 0.240530 0.004561 0.234961 0.084514 0.007406 0.164723 0.300241 0.005026 0.135731 0.255392 0.005975 
0.218627 -0.025506 0.004999 -0.278524 0.036518 0.008612 0.483494 0.240540 0.004593 0.234998 0.084534 0.007447 0.164651 0.300216 0.005032 0.135799 0.255435 0.005969 
0.218667 -0.025502 0.005075 -0.278477 0.036489 0.008582 0.483494 0.240541 0.004628 0.235028 0.084543 0.007490 0.164613 0.300209 0.005028 0.135852 0.255463 0.005960 
0.218844 -0.025461 0.005185 -0.278375 0.036489 0.008515 0.483420 0.240603 0.004639 0.235048 0.084551 0.007516 0.164517 0.300186 0.005045 0.135953 0.255531 0.005954 
0.219155 -0.025309 0.005309 -0.278260 0.036673 0.008426 0.483012 0.240870 0.004474 0.234879 0.084531 0.007435 0.163690 0.299981 0.005223 0.136120 0.255722 0.006004 
0.219505 -0.025258 0.005506 -0.278097 0.036590 0.008332 0.483179 0.240199 0.004707 0.235139 0.084626 0.007596 0.164925 0.300168 0.004783 0.135974 0.255557 0.005747 
0.219510 -0.025246 0.005536 -0.278077 0.036578 0.008322 0.483051 0.240234 0.004740 0.235181 0.084688 0.007626 0.164929 0.300181 0.004786 0.135993 0.255615 0.005748 
0.219639 -0.025212 0.005588 -0.277978 0.036626 0.008285 0.482773 0.240552 0.004533 0.234991 0.084605 0.007524 0.163963 0.299977 0.005026 0.136173 0.255783 0.005844 
0.220276 -0.025074 0.005837 -0.277693 0.036569 0.008132 0.482575 0.240717 0.004558 0.235060 0.084642 0.007562 0.164173 0.300014 0.004993 0.136360 0.255918 0.005799 
0.219722 -0.025296 0.005574 -0.277519 0.035796 0.008080 0.482520 0.240674 0.004600 0.235255 0.084713 0.007551 0.164220 0.299970 0.004986 0.136464 0.255944 0.005785 
0.219780 -0.025289 0.005633 -0.277485 0.035795 0.008075 0.482520 0.240673 0.004634 0.235284 0.084723 0.007587 0.164256 0.299978 0.004987 0.136494 0.255959 0.005788 
0.220549 -0.025156 0.005967 -0.277222 0.035740 0.007894 0.482109 0.241339 0.004434 0.235031 0.084563 0.007517 0.163665 0.299864 0.005130 0.136720 0.256147 0.005813 
0.220570 -0.025153 0.006006 -0.277215 0.035743 0.007892 0.482085 0.241269 0.004485 0.235075 0.084592 0.007558 0.163743 0.299862 0.005116 0.136733 0.256153 0.005809 
0.220574 -0.025151 0.006060 -0.277215 0.035744 0.007880 0.482086 0.241261 0.004530 0.235081 0.084597 0.007598 0.163771 0.299869 0.005104 0.136729 0.256152 0.005805 
0.220575 -0.025150 0.006115 -0.277215 0.035753 0.007867 0.482053 0.241300 0.004563 0.235069 0.084608 0.007631 0.163712 0.299818 0.005104 0.136734 0.256151 0.005804 
0.220576 -0.025139 0.006157 -0.277222 0.035792 0.007858 0.482015 0.241307 0.004595 0.235068 0.084617 0.007660 0.163702 0.299807 0.005101 0.136729 0.256153 0.005804 
0.220843 -0.025117 0.006332 -0.277145 0.035664 0.007797 0.481975 0.241298 0.004630 0.235042 0.084576 0.007714 0.163724 0.299803 0.005089 0.136771 0.256169 0.005788 
0.220978 -0.025101 0.006433 -0.277111 0.035629 0.007760 0.481931 0.241265 0.004663 0.235033 0.084560 0.007751 0.163739 0.299789 0.005077 0.136787 0.256173 0.005776 
0.221295 -0.025060 0.006617 -0.277029 0.035533 0.007691 0.481866 0.241252 0.004692 0.235004 0.084517 0.007798 0.163752 0.299768 0.005068 0.136836 0.256189 0.005759 
0.221301 -0.025055 0.006644 -0.277027 0.035533 0.007675 0.481853 0.241177 0.004720 0.235011 0.084515 0.007819 0.163760 0.299760 0.005056 0.136834 0.256184 0.005751 
0.221528 -0.025032 0.006775 -0.276971 0.035480 0.007620 0.481792 0.241162 0.004743 0.234993 0.084484 0.007852 0.163767 0.299741 0.005049 0.136867 0.256194 0.005737 
0.221781 -0.024977 0.006888 -0.276891 0.035472 0.007550 0.481779 0.241111 0.004775 0.235012 0.084480 0.007879 0.163987 0.299725 0.004949 0.136869 0.256158 0.005666 
0.221763 -0.024981 0.006892 -0.276890 0.035473 0.007543 0.481779 0.241110 0.004793 0.235019 0.084484 0.007889 0.163984 0.299724 0.004952 0.136870 0.256159 0.005669 
0.221753 -0.024981 0.006899 -0.276890 0.035473 0.007534 0.481760 0.241113 0.004806 0.235020 0.084489 0.007897 0.163969 0.299720 0.004958 0.136872 0.256164 0.005673 
0.221839 -0.024951 0.006928 -0.276840 0.035496 0.007504 0.481375 0.242003 0.004570 0.234755 0.084393 0.007770 0.163194 0.299622 0.005191 0.137006 0.256350 0.005785 
0.221868 -0.024941 0.006960 -0.276839 0.035492 0.007480 0.481360 0.241913 0.004609 0.234779 0.084408 0.007795 0.163252 0.299621 0.005166 0.137004 0.256347 0.005767 
0.221874 -0.024938 0.006998 -0.276839 0.035492 0.007456 0.481362 0.241902 0.004643 0.234786 0.084414 0.007822 0.163288 0.299629 0.005144 0.137000 0.256345 0.005754 
0.222169 -0.024888 0.007163 -0.276763 0.035402 0.007384 0.481296 0.241732 0.004685 0.234784 0.084387 0.007871 0.163289 0.299549 0.005110 0.137035 0.256329 0.005716 
0.222209 -0.024870 0.007194 -0.276761 0.035431 0.007356 0.481264 0.241724 0.004712 0.234797 0.084400 0.007887 0.163319 0.299548 0.005097 0.137045 0.256339 0.005706 
0.222217 -0.024867 0.007218 -0.276761 0.035432 0.007334 0.481257 0.241733 0.004732 0.234797 0.084403 0.007901 0.163317 0.299548 0.005092 0.137049 0.256344 0.005701 
0.222336 -0.024829 0.007272 -0.276720 0.035456 0.007285 0.481254 0.241729 0.004754 0.234817 0.084411 0.007915 0.163530 0.299588 0.005005 0.137035 0.256329 0.005644 
0.222348 -0.024818 0.007284 -0.276731 0.035508 0.007271 0.481214 0.241698 0.004775 0.234829 0.084425 0.007924 0.163536 0.299578 0.005003 0.137037 0.256335 0.005641 
0.222709 -0.024767 0.007451 -0.276616 0.035384 0.007181 0.480920 0.242206 0.004621 0.234625 0.084311 0.007863 0.162949 0.299481 0.005176 0.137202 0.256490 0.005709 
0.222726 -0.024759 0.007456 -0.276614 0.035388 0.007170 0.480924 0.242062 0.004654 0.234677 0.084343 0.007881 0.163000 0.299450 0.005149 0.137213 0.256479 0.005691 
0.222806 -0.024739 0.007498 -0.276612 0.035411 0.007134 0.480900 0.242041 0.004685 0.234708 0.084365 0.007900 0.163072 0.299460 0.005128 0.137240 0.256498 0.005675 
0.222962 -0.024681 0.007564 -0.276575 0.035438 0.007075 0.480853 0.241961 0.004709 0.234734 0.084385 0.007915 0.163096 0.299445 0.005108 0.137287 0.256527 0.005650 
0.223195 -0.024611 0.007660 -0.276513 0.035414 0.007010 0.480991 0.241436 0.004876 0.234917 0.084468 0.008011 0.164012 0.299539 0.004768 0.137137 0.256360 0.005450 
0.223451 -0.024507 0.007729 -0.276391 0.035509 0.006934 0.480702 0.241749 0.004712 0.234773 0.084412 0.007917 0.163487 0.299439 0.004891 0.137271 0.256503 0.005484 
0.223433 -0.024511 0.007727 -0.276390 0.035510 0.006930 0.480701 0.241748 0.004735 0.234792 0.084424 0.007929 0.163500 0.299442 0.004900 0.137281 0.256509 0.005492 
0.223416 -0.024514 0.007730 -0.276390 0.035510 0.006922 0.480701 0.241747 0.004757 0.234798 0.084428 0.007939 0.163499 0.299441 0.004908 0.137282 0.256509 0.005499 
0.223418 -0.024503 0.007734 -0.276388 0.035531 0.006912 0.480666 0.241745 0.004772 0.234801 0.084435 0.007945 0.163481 0.299428 0.004920 0.137286 0.256515 0.005507 
0.223408 -0.024505 0.007738 -0.276387 0.035531 0.006904 0.480666 0.241745 0.004791 0.234805 0.084438 0.007954 0.163481 0.299428 0.004926 0.137287 0.256516 0.005513 
0.223393 -0.024506 0.007736 -0.276387 0.035534 0.006900 0.480682 0.241703 0.004811 0.234818 0.084448 0.007963 0.163470 0.299396 0.004925 0.137288 0.256501 0.005513 
0.223384 -0.024507 0.007737 -0.276387 0.035533 0.006895 0.480682 0.241701 0.004826 0.234823 0.084451 0.007970 0.163471 0.299396 0.004931 0.137289 0.256502 0.005518 
0.223377 -0.024508 0.007738 -0.276386 0.035533 0.006890 0.480682 0.241700 0.004839 0.234829 0.084454 0.007976 0.163474 0.299396 0.004936 0.137292 0.256504 0.005522 
0.223375 -0.024508 0.007738 -0.276386 0.035534 0.006886 0.480674 0.241711 0.004845 0.234831 0.084458 0.007978 0.163453 0.299391 0.004948 0.137301 0.256511 0.005530 
0.223476 -0.024497 0.007783 -0.276362 0.035501 0.006865 0.480644 0.241702 0.004856 0.234838 0.084452 0.007990 0.163469 0.299383 0.004951 0.137326 0.256521 0.005529 
0.223658 -0.024437 0.007822 -0.276323 0.035529 0.006820 0.480328 0.242201 0.004664 0.234655 0.084388 0.007882 0.162767 0.299252 0.005153 0.137487 0.256690 0.005616 
0.223876 -0.024382 0.007889 -0.276310 0.035534 0.006771 0.480259 0.242107 0.004695 0.234721 0.084425 0.007900 0.162887 0.299248 0.005130 0.137557 0.256727 0.005595 
0.224281 -0.024236 0.007992 -0.276231 0.035574 0.006673 0.479933 0.242499 0.004700 0.234773 0.084469 0.007890 0.163455 0.299308 0.004985 0.137590 0.256749 0.005506 
0.224348 -0.024220 0.007994 -0.276230 0.035573 0.006666 0.479948 0.242444 0.004724 0.234853 0.084517 0.007902 0.163540 0.299325 0.004986 0.137654 0.256785 0.005507 
0.224361 -0.024212 0.007994 -0.276230 0.035574 0.006665 0.479950 0.242400 0.004748 0.234905 0.084553 0.007916 0.163578 0.299322 0.004984 0.137685 0.256801 0.005507 
0.224588 -0.023993 0.008035 -0.276180 0.035855 0.006641 0.479568 0.242826 0.004633 0.234791 0.084591 0.007840 0.163335 0.299252 0.005041 0.137725 0.256913 0.005525 
0.223650 -0.024279 0.007553 -0.276096 0.035089 0.006649 0.479554 0.242763 0.004663 0.235025 0.084706 0.007785 0.163403 0.299252 0.005036 0.137756 0.256918 0.005524 
0.223674 -0.024270 0.007592 -0.276095 0.035086 0.006663 0.479551 0.242678 0.004692 0.235045 0.084713 0.007817 0.163441 0.299249 0.005030 0.137759 0.256914 0.005525 
0.223676 -0.024268 0.007633 -0.276095 0.035087 0.006675 0.479552 0.242675 0.004718 0.235048 0.084716 0.007847 0.163463 0.299254 0.005027 0.137757 0.256913 0.005528 
0.223678 -0.024266 0.007670 -0.276095 0.035089 0.006685 0.479558 0.242658 0.004742 0.235054 0.084721 0.007876 0.163476 0.299246 0.005021 0.137754 0.256907 0.005528 
