0.004070 0.000884 0.999991 0.000323 -0.001500 0.999999 -0.000101 0.000395 1.000000 -0.001207 -0.000706 0.999999 -0.000225 -0.000052 1.000000 0.000532 0.000309 1.000000 
0.003217 0.000715 0.999995 0.000131 -0.000595 1.000000 -0.000653 0.002460 0.999997 -0.001552 -0.000913 0.999998 -0.000555 -0.000133 1.000000 0.000251 0.000146 1.000000 
0.002880 0.000665 0.999996 0.000455 -0.001985 0.999998 -0.000087 0.000313 1.000000 -0.001386 -0.000825 0.999999 -0.001517 -0.000383 0.999999 0.000454 0.000266 1.000000 
0.002587 0.000603 0.999996 0.000406 -0.001755 0.999998 -0.000004 0.000014 1.000000 -0.000845 -0.000504 1.000000 0.000004 0.000001 1.000000 0.000318 0.000187 1.000000 
0.001833 0.000430 0.999998 0.000443 -0.001901 0.999998 0.000060 -0.000218 1.000000 -0.000709 -0.000424 1.000000 -0.000028 -0.000007 1.000000 0.000210 0.000124 1.000000 
0.001198 0.000278 0.999999 0.000007 -0.000029 1.000000 -0.000478 0.001765 0.999998 -0.000574 -0.000343 1.000000 -0.000794 -0.000195 1.000000 0.000410 0.000243 1.000000 
0.001219 0.000278 0.999999 -0.000919 0.004056 0.999991 -0.000527 0.002003 0.999998 0.000141 0.000084 1.000000 -0.000357 -0.000085 1.000000 0.000222 0.000132 1.000000 
0.001239 0.000269 0.999999 -0.003539 0.016435 0.999859 -0.000600 0.002360 0.999997 0.002494 0.001485 0.999996 -0.000405 -0.000093 1.000000 0.000196 0.000116 1.000000 
0.001159 0.000239 0.999999 -0.006562 0.032161 0.999461 -0.000696 0.002877 0.999996 0.005496 0.003255 0.999980 -0.000504 -0.000109 1.000000 0.000170 0.000100 1.000000 
0.000830 0.000160 1.000000 -0.010139 0.053201 0.998532 -0.000655 0.002881 0.999996 0.009805 0.005775 0.999935 -0.000410 -0.000083 1.000000 0.000150 0.000088 1.000000 
-0.000328 -0.000059 1.000000 -0.012897 0.071921 0.997327 -0.000910 0.004257 0.999991 0.013635 0.008005 0.999875 -0.000368 -0.000070 1.000000 0.000138 0.000081 1.000000 
-0.004475 -0.000778 0.999990 -0.015123 0.088069 0.996000 -0.001664 0.008120 0.999966 0.017424 0.010214 0.999796 -0.000330 -0.000059 1.000000 0.000158 0.000092 1.000000 
-0.008596 -0.001478 0.999962 -0.017092 0.101029 0.994737 -0.003240 0.016289 0.999862 0.019742 0.011555 0.999738 -0.000308 -0.000054 1.000000 0.000156 0.000091 1.000000 
-0.000295 -0.000050 1.000000 -0.005413 0.027682 0.999602 -0.019284 0.114850 0.993196 0.000073 0.000043 1.000000 -0.013744 -0.002356 0.999903 0.021838 0.012787 0.999680 
-0.000458 -0.000076 1.000000 -0.008236 0.043291 0.999029 -0.021710 0.128469 0.991476 0.000094 0.000055 1.000000 -0.018539 -0.003214 0.999823 0.023055 0.013462 0.999644 
-0.004010 -0.000648 0.999992 -0.010968 0.058940 0.998201 -0.024447 0.145523 0.989053 0.000107 0.000063 1.000000 -0.025600 -0.004450 0.999662 0.024555 0.014295 0.999596 
-0.011040 -0.001784 0.999937 -0.014184 0.076432 0.996974 -0.027265 0.162347 0.986357 0.000137 0.000081 1.000000 -0.033923 -0.005960 0.999407 0.024939 0.014492 0.999584 
-0.018249 -0.002923 0.999829 -0.017330 0.094592 0.995365 -0.030314 0.181277 0.982965 0.000142 0.000084 1.000000 -0.043060 -0.007643 0.999043 0.025813 0.014963 0.999555 
-0.026545 -0.004317 0.999638 -0.021215 0.115086 0.993129 -0.033522 0.199916 0.979240 0.000152 0.000090 1.000000 -0.052859 -0.009568 0.998556 0.026014 0.015084 0.999548 
-0.033513 -0.005480 0.999423 -0.025009 0.136168 0.990370 -0.036841 0.219927 0.974821 0.000151 0.000090 1.000000 -0.062771 -0.011579 0.997961 0.026869 0.015576 0.999518 
-0.040159 -0.006724 0.999171 -0.030015 0.161721 0.986380 -0.040512 0.240157 0.969888 0.000161 0.000096 1.000000 -0.072784 -0.013816 0.997252 0.026999 0.015695 0.999512 
-0.046576 -0.007945 0.998883 -0.034607 0.185553 0.982025 -0.044218 0.261805 0.964107 0.000169 0.000101 1.000000 -0.082972 -0.016174 0.996421 0.027925 0.016274 0.999478 
-0.053545 -0.009338 0.998522 -0.039836 0.212544 0.976339 -0.048017 0.284437 0.957491 0.000172 0.000104 1.000000 -0.093974 -0.018864 0.995396 0.028488 0.016658 0.999455 
-0.061201 -0.010823 0.998067 -0.044575 0.239168 0.969955 -0.051757 0.309519 0.949484 0.000156 0.000095 1.000000 -0.105629 -0.021788 0.994167 0.029627 0.017360 0.999410 
-0.070185 -0.012591 0.997455 -0.049551 0.268845 0.961908 -0.055636 0.336317 0.940104 0.000155 0.000094 1.000000 -0.117892 -0.025112 0.992709 0.030305 0.017783 0.999383 
-0.080535 -0.014518 0.996646 -0.053659 0.299124 0.952704 -0.058907 0.366809 0.928429 0.000182 0.000111 1.000000 -0.131499 -0.028790 0.990898 0.031678 0.018576 0.999326 
-0.093092 -0.016837 0.995515 -0.057303 0.332789 0.941259 -0.061691 0.399541 0.914637 0.000197 0.000121 1.000000 -0.146011 -0.032975 0.988733 0.032432 0.018974 0.999294 
-0.107747 -0.019542 0.993986 -0.059937 0.368709 0.927610 -0.063297 0.434586 0.898403 0.000252 0.000155 1.000000 -0.161252 -0.037550 0.986199 0.032845 0.019090 0.999278 
-0.124689 -0.022694 0.991936 -0.061033 0.406513 0.911604 -0.063834 0.470921 0.879863 0.000402 0.000246 1.000000 -0.176055 -0.042412 0.983466 0.032376 0.018642 0.999302 
-0.144046 -0.026487 0.989217 -0.060365 0.446798 0.892596 -0.062134 0.508121 0.859042 0.000836 0.000507 1.000000 -0.189444 -0.046890 0.980771 0.030534 0.017312 0.999384 
-0.166814 -0.031404 0.985488 -0.057299 0.488334 0.870774 -0.058377 0.547975 0.834455 0.002155 0.001287 0.999997 -0.201727 -0.051365 0.978094 0.028301 0.015771 0.999475 
-0.192448 -0.037418 0.980593 -0.050483 0.531192 0.845746 -0.050918 0.589380 0.806250 0.004043 0.002369 0.999989 -0.213900 -0.055886 0.975256 0.025645 0.013998 0.999573 
-0.221819 -0.045337 0.974033 -0.038633 0.576524 0.816166 -0.040446 0.633709 0.772514 0.007331 0.004212 0.999964 -0.225399 -0.061136 0.972346 0.023056 0.012338 0.999658 
-0.252098 -0.055363 0.966117 -0.021778 0.621091 0.783436 -0.023834 0.678325 0.734376 0.010866 0.006101 0.999922 -0.237090 -0.066842 0.969185 0.020577 0.010789 0.999730 
0.003099 0.666248 0.745724 -0.001642 0.724268 0.689516 -0.247736 -0.073923 0.966003 0.018320 0.009448 0.999788 -0.283734 -0.068407 0.956460 0.015261 0.008400 0.999848 
0.036247 0.709615 0.703657 0.030653 0.767310 0.640544 -0.258110 -0.081847 0.962642 0.015454 0.007837 0.999850 -0.313211 -0.084809 0.945889 0.018930 0.010170 0.999769 
0.084761 0.748183 0.658057 0.075448 0.807771 0.584648 -0.266812 -0.091561 0.959389 0.012761 0.006381 0.999898 -0.341683 -0.104663 0.933969 0.022723 0.011970 0.999670 
0.147306 0.777443 0.611459 0.139419 0.838482 0.526793 -0.274321 -0.101914 0.956222 0.009066 0.004469 0.999949 -0.364811 -0.127285 0.922340 0.024671 0.012714 0.999615 
0.230234 0.790156 0.568019 0.227028 0.854866 0.466543 -0.279322 -0.114628 0.953331 0.005909 0.002871 0.999978 -0.385291 -0.152234 0.910151 0.026654 0.013531 0.999553 
0.328665 0.783465 0.527411 0.342226 0.844732 0.411471 -0.281457 -0.127156 0.951111 0.001660 0.000796 0.999998 -0.398148 -0.178950 0.899697 0.027107 0.013536 0.999541 
0.039770 0.018651 0.999035 0.414496 0.770381 0.484465 -0.384166 -0.194021 0.902647 0.474417 0.798420 0.370748 -0.082719 -0.040856 0.995735 
0.017848 0.008168 0.999807 0.408249 0.825445 0.389837 0.381928 0.810945 0.443283 -0.339031 -0.166288 0.925962 -0.007666 -0.003607 0.999964 -0.289095 -0.139516 0.947079 
0.049759 0.024071 0.998471 0.491425 0.730197 0.474672 -0.394137 -0.208521 0.895084 -0.008925 -0.004403 0.999950 0.546526 0.767191 0.335751 -0.271207 -0.152685 0.950334 
0.098281 0.047748 0.994013 0.015771 0.007983 0.999844 0.538506 0.681566 0.495459 -0.420030 -0.239782 0.875259 0.724595 0.625217 0.289940 -0.246837 -0.154060 0.956732 
0.128175 0.061716 0.989830 0.035972 0.018428 0.999183 0.560713 0.666631 0.491125 -0.415596 -0.255214 0.873010 -0.217635 -0.143040 0.965492 0.811208 0.511364 0.283635 
0.144639 0.071192 0.986920 0.045880 0.024159 0.998655 0.564234 0.665954 0.488001 -0.409276 -0.265582 0.872903 -0.197311 -0.135457 0.970938 0.836539 0.480431 0.263419 
0.158623 0.082308 0.983902 0.053867 0.029612 0.998109 0.548009 0.676663 0.491745 -0.406892 -0.275194 0.871038 -0.180671 -0.132398 0.974592 0.831145 0.497495 0.248388 
0.169148 0.092677 0.981224 0.057744 0.033044 0.997784 0.517116 0.689031 0.507767 -0.415610 -0.283297 0.864298 -0.172452 -0.133523 0.975926 0.809911 0.534223 0.242177 
0.175867 0.102192 0.979095 0.058170 0.034914 0.997696 0.478275 0.700684 0.529428 -0.427289 -0.294216 0.854904 -0.168215 -0.136279 0.976285 0.763588 0.599466 0.239944 
0.175530 0.107981 0.978534 0.055948 0.035108 0.997816 0.425641 0.712408 0.557947 -0.444114 -0.299189 0.844540 0.693885 0.681624 0.232192 -0.180979 -0.151009 0.971825 
0.376549 0.709454 0.595724 0.048441 0.032030 0.998312 0.165851 0.107388 0.980286 -0.467777 -0.311719 0.827053 0.655996 0.705485 0.268253 -0.206307 -0.175314 0.962654 
-0.021318 -0.014487 0.999668 0.353730 0.693665 0.627458 0.627849 0.715691 0.305928 -0.233053 -0.200361 0.951600 -0.494918 -0.332496 0.802809 0.261040 0.184604 0.947512 
-0.043062 -0.030614 0.998603 0.334413 0.675039 0.657640 0.616760 0.707093 0.345870 -0.262425 -0.226966 0.937880 -0.515971 -0.355394 0.779403 0.239739 0.182438 0.953542 
-0.065100 -0.047925 0.996727 0.323234 0.651123 0.686701 0.594664 0.705077 0.386318 -0.292828 -0.251688 0.922445 -0.539371 -0.375651 0.753634 0.220871 0.177951 0.958931 
-0.083387 -0.063116 0.994516 0.302898 0.626525 0.718136 -0.564869 -0.391323 0.726491 0.588584 0.684917 0.429485 0.206657 0.176409 0.962379 -0.326041 -0.279362 0.903136 
-0.105118 -0.081062 0.991150 0.286713 0.601693 0.745494 -0.588166 -0.405380 0.699806 0.573549 0.668375 0.473621 0.020940 0.018330 0.999613 
-0.126931 -0.099644 0.986894 0.266520 0.576796 0.772188 -0.608884 -0.422742 0.671230 0.561660 0.645635 0.517391 -0.000505 -0.000452 1.000000 
0.250270 0.551007 0.796088 -0.627329 -0.441762 0.641330 -0.432325 -0.341008 0.834750 -0.047831 -0.038243 0.998123 0.543965 0.625891 0.558894 -0.024809 -0.022564 0.999438 
0.229269 0.523651 0.820503 -0.646582 -0.457959 0.610086 -0.471003 -0.357837 0.806294 -0.069271 -0.057005 0.995968 0.522092 0.604770 0.601393 -0.048132 -0.044564 0.997846 
0.211245 0.495044 0.842797 -0.666998 -0.468953 0.578962 -0.511846 -0.369262 0.775667 -0.093003 -0.078455 0.992570 0.496991 0.582209 0.643454 -0.073437 -0.068864 0.994919 
0.188557 0.463502 0.865802 -0.692312 -0.469669 0.547828 -0.564048 -0.365128 0.740629 -0.117677 -0.101872 0.987813 0.466687 0.553902 0.689489 -0.100723 -0.095354 0.990335 
0.165160 0.430314 0.887441 -0.614983 -0.340132 0.711411 -0.143370 -0.127935 0.981365 -0.719866 -0.462405 0.517662 0.429883 0.530636 0.730497 -0.128314 -0.122373 0.984155 
0.136976 0.392173 0.909636 -0.672697 -0.302524 0.675246 -0.163928 -0.148936 0.975164 -0.756511 -0.430333 0.492448 0.390451 0.493376 0.777257 -0.152810 -0.147034 0.977256 
0.111078 0.345781 0.931717 -0.720833 -0.269388 0.638615 -0.169582 -0.153224 0.973532 -0.800511 -0.373710 0.468533 0.364513 0.451000 0.814696 -0.162764 -0.158076 0.973920 
0.093984 0.308465 0.946581 -0.743907 -0.267235 0.612526 -0.149148 -0.130708 0.980138 -0.834789 -0.291614 0.466999 0.359441 0.424039 0.831260 -0.148064 -0.145672 0.978190 
0.088786 0.290730 0.952677 -0.847068 -0.227177 0.480485 -0.759480 -0.249820 0.600649 -0.135095 -0.115645 0.984061 0.352919 0.408648 0.841698 -0.138682 -0.136245 0.980920 
0.081772 0.275881 0.957707 -0.849979 -0.179699 0.495220 -0.779596 -0.210011 0.590022 -0.122693 -0.103857 0.986996 0.340920 0.389642 0.855542 -0.130871 -0.128192 0.983077 
0.076269 0.272379 0.959163 -0.844250 -0.163340 0.510452 -0.789118 -0.159666 0.593127 -0.113161 -0.096280 0.988901 0.335912 0.378093 0.862675 -0.123844 -0.121148 0.984879 
0.069816 0.274324 0.959099 -0.791339 -0.095621 0.603854 -0.099902 -0.085453 0.991321 -0.831180 -0.155339 0.533863 0.331288 0.367046 0.869210 -0.112998 -0.109760 0.987514 
0.064152 0.287537 0.955619 -0.779112 -0.029595 0.626186 -0.083102 -0.071795 0.993951 -0.807506 -0.159184 0.567974 0.332101 0.361164 0.871361 -0.097822 -0.094380 0.990719 
0.054941 0.300137 0.952313 -0.760069 0.037167 0.648778 -0.061867 -0.054061 0.996619 -0.775974 -0.159611 0.610237 0.332680 0.351202 0.875204 -0.078655 -0.075919 0.994007 
0.043954 0.314040 0.948392 -0.725823 0.102600 0.680187 -0.044997 -0.040222 0.998177 -0.741942 -0.166824 0.649378 0.334684 0.342972 0.877700 -0.061467 -0.059643 0.996325 
0.031609 0.327991 0.944152 -0.677595 0.161288 0.717531 -0.033494 -0.030707 0.998967 -0.706770 -0.176180 0.685155 0.331254 0.334167 0.882385 -0.047083 -0.045778 0.997841 
0.022291 0.343708 0.938812 -0.627702 0.192784 0.754204 -0.024877 -0.023283 0.999419 -0.675174 -0.182774 0.714657 0.331555 0.333131 0.882664 -0.034597 -0.033623 0.998836 
-0.580950 0.206138 0.787404 0.013318 0.349604 0.936803 -0.009774 -0.009309 0.999909 -0.644386 -0.176615 0.744025 0.335330 0.337975 0.879390 -0.016777 -0.016418 0.999724 
-0.538596 0.209056 0.816217 0.003397 0.348840 0.937176 0.012399 0.012004 0.999851 -0.608102 -0.163226 0.776897 0.341364 0.346482 0.873740 0.006492 0.006447 0.999958 
-0.498498 0.214115 0.840032 0.002799 0.355815 0.934552 -0.598671 -0.161553 0.784534 0.344603 0.333601 0.877473 -0.045596 -0.044589 0.997964 0.346535 0.349064 0.870671 0.010893 0.010760 0.999883 
0.002331 0.355031 0.934852 -0.043178 -0.042357 0.998169 0.064403 0.063209 0.995920 -0.593845 -0.157806 0.788952 -0.475683 0.226535 0.849946 0.345735 0.323562 0.880781 
-0.455337 0.249875 0.854535 0.348162 0.301823 0.887517 0.067423 0.064673 0.995626 -0.590148 -0.150733 0.793098 0.002184 0.348873 0.937167 -0.037770 -0.036700 0.998612 
-0.436574 0.274013 0.856924 0.351266 0.278670 0.893843 0.070139 0.065405 0.995391 -0.588473 -0.144590 0.795483 0.002096 0.341450 0.939898 -0.032455 -0.031050 0.998991 
-0.414739 0.298621 0.859545 0.355289 0.254253 0.899514 0.073576 0.066163 0.995093 -0.591726 -0.143572 0.793251 0.002009 0.335963 0.941873 -0.028002 -0.026259 0.999263 
-0.395034 0.322345 0.860257 0.355110 0.229570 0.906198 0.075679 0.065886 0.994953 -0.594525 -0.137160 0.792293 0.002672 0.325278 0.945615 -0.023348 -0.021423 0.999498 
-0.375667 0.345263 0.860039 0.353152 0.205419 0.912736 0.077913 0.065747 0.994790 -0.598288 -0.127610 0.791055 0.004289 0.312058 0.950054 -0.018288 -0.016395 0.999698 
-0.358850 0.362791 0.860006 0.350768 0.186427 0.917718 0.078971 0.064829 0.994767 -0.603230 -0.114766 0.789267 0.007363 0.298087 0.954510 -0.015400 -0.013491 0.999790 
-0.342729 0.377369 0.860308 0.350576 0.170353 0.920911 0.080564 0.064299 0.994673 -0.610503 -0.099956 0.785681 0.011172 0.282791 0.959117 -0.012966 -0.011082 0.999855 
-0.327408 0.388012 0.861540 0.349176 0.157123 0.923790 0.079402 0.061775 0.994927 -0.619826 -0.085240 0.780096 0.014240 0.265398 0.964034 -0.013889 -0.011599 0.999836 
-0.308095 0.398852 0.863710 0.016712 0.247960 0.968626 -0.625264 -0.068596 0.777393 0.077839 0.058827 0.995229 0.345046 0.141789 0.927814 -0.014494 -0.011784 0.999826 
-0.290177 0.407655 0.865803 0.017991 0.229932 0.973040 -0.632659 -0.054195 0.772532 0.075970 0.055837 0.995546 0.343198 0.128472 0.930435 -0.015906 -0.012609 0.999794 
-0.284440 0.419813 0.861888 0.018403 0.209985 0.977531 -0.644369 -0.040808 0.763625 0.075293 0.054025 0.995697 0.348324 0.119076 0.929780 -0.015333 -0.011866 0.999812 
-0.285481 0.430261 0.856374 0.018495 0.190730 0.981468 -0.657338 -0.027487 0.753094 0.073635 0.051826 0.995938 0.356183 0.113676 0.927476 -0.016099 -0.012201 0.999796 
-0.288554 0.439940 0.850405 0.018017 0.170346 0.985220 -0.670799 -0.012964 0.741526 0.073031 0.050509 0.996050 0.367336 0.109245 0.923650 -0.016089 -0.011959 0.999799 
-0.290248 0.446031 0.846648 0.017147 0.150854 0.988407 -0.680816 0.002324 0.732451 0.071465 0.048745 0.996251 0.375352 0.106002 0.920801 -0.017089 -0.012494 0.999776 
-0.293149 0.452551 0.842177 0.015427 0.129343 0.991480 -0.688140 0.018825 0.725334 0.072038 0.048571 0.996219 0.385189 0.102560 0.917121 -0.015025 -0.010817 0.999829 
-0.294528 0.457198 0.839180 0.013331 0.107885 0.994074 -0.691919 0.035585 0.721098 0.072143 0.048216 0.996228 0.392111 0.099550 0.914516 -0.012963 -0.009208 0.999874 
-0.297699 0.462476 0.835159 0.010672 0.084285 0.996385 -0.695069 0.053418 0.716956 0.073491 0.048759 0.996103 0.401786 0.096276 0.910658 -0.009204 -0.006456 0.999937 
-0.298983 0.465665 0.832926 0.008073 0.062562 0.998008 -0.696345 0.069975 0.714288 0.072134 0.047690 0.996254 0.405756 0.094116 0.909123 -0.008201 -0.005704 0.999950 
-0.302569 0.464953 0.832028 0.005222 0.040256 0.999176 -0.699035 0.086141 0.709880 0.066790 0.044469 0.996776 0.409300 0.095511 0.907387 -0.012255 -0.008541 0.999888 
-0.301733 0.455831 0.837362 0.001980 0.015638 0.999876 -0.701084 0.101808 0.705773 0.053944 0.036639 0.997872 0.405786 0.101860 0.908275 -0.025311 -0.017908 0.999519 
-0.296837 0.439693 0.847678 -0.000242 -0.001998 0.999998 -0.700309 0.110733 0.705199 0.033704 0.023631 0.999152 0.390520 0.112016 0.913754 -0.047206 -0.034338 0.998295 
-0.305916 0.438099 0.845272 -0.696701 0.108829 0.709059 0.036933 0.026332 0.998971 -0.000255 -0.002131 0.999998 0.397480 0.116439 0.910193 -0.043359 -0.031997 0.998547 
-0.313905 0.435509 0.843680 -0.691306 0.097578 0.715943 0.040556 0.029434 0.998744 0.001264 0.010739 0.999942 0.401070 0.121211 0.907993 -0.040033 -0.030066 0.998746 
0.043087 0.031862 0.998563 -0.687389 0.085968 0.721183 -0.322063 0.429960 0.843451 0.405310 0.128029 0.905170 0.003059 0.026168 0.999653 -0.039249 -0.030056 0.998777 
0.043758 0.033093 0.998494 -0.685891 0.071830 0.724151 -0.331517 0.421164 0.844226 0.406995 0.137874 0.902965 0.005392 0.046418 0.998908 -0.041946 -0.032906 0.998578 
0.042754 0.033059 0.998539 -0.686963 0.057517 0.724412 -0.338992 0.410125 0.846689 0.408018 0.148760 0.900773 0.007483 0.065733 0.997809 -0.047348 -0.038081 0.998152 
0.041225 0.032697 0.998615 -0.689194 0.042151 0.723350 -0.347018 0.398392 0.849036 0.409272 0.160524 0.898181 0.009002 0.083152 0.996496 -0.053187 -0.044004 0.997615 
0.041359 0.033696 0.998576 -0.691213 0.028237 0.722099 -0.357894 0.388062 0.849306 0.414402 0.172267 0.893641 0.009469 0.095037 0.995429 -0.055837 -0.047518 0.997309 
0.042985 0.036064 0.998425 -0.692334 0.015127 0.721418 -0.374126 0.378176 0.846766 0.420877 0.185242 0.888002 0.009534 0.105230 0.994402 -0.055748 -0.048806 0.997251 
0.046201 0.039878 0.998136 -0.691216 0.004302 0.722636 -0.389540 0.367584 0.844476 0.428142 0.198205 0.881708 0.009155 0.112352 0.993626 -0.053154 -0.047758 0.997444 
0.049402 0.043992 0.997810 -0.691811 -0.005652 0.722057 -0.410058 0.355688 0.839845 0.435535 0.212854 0.874644 0.008532 0.117788 0.993002 -0.050121 -0.046264 0.997671 
0.051801 0.047529 0.997526 -0.693440 -0.014607 0.720367 -0.428686 0.341626 0.836373 0.443156 0.228167 0.866921 0.007712 0.121434 0.992570 -0.048313 -0.045759 0.997783 
0.051860 0.049146 0.997444 -0.699274 -0.024919 0.714420 -0.449681 0.324349 0.832216 0.450259 0.245676 0.858434 0.006707 0.124635 0.992180 -0.049764 -0.048483 0.997584 
0.050670 0.049497 0.997488 -0.706128 -0.036057 0.707166 -0.466066 0.304409 0.830733 0.458460 0.264384 0.848479 0.005625 0.127950 0.991765 -0.053766 -0.053854 0.997100 
-0.717150 -0.051493 0.695014 0.048281 0.048733 0.997644 0.004444 0.133698 0.991012 -0.060398 -0.062454 0.996219 -0.483989 0.280272 0.828976 0.468531 0.285877 0.835914 
-0.729299 -0.069427 0.680664 0.045983 0.047924 0.997792 0.003523 0.142540 0.989783 -0.068595 -0.073364 0.994943 -0.498524 0.252568 0.829267 0.482177 0.309527 0.819572 
-0.740659 -0.090160 0.665804 0.044333 0.047712 0.997877 0.002493 0.153028 0.988219 -0.076942 -0.085280 0.993382 -0.508758 0.222376 0.831694 0.498438 0.334728 0.799698 
-0.754546 -0.118014 0.645549 0.043332 0.048386 0.997888 0.001127 0.165895 0.986143 -0.085494 -0.098817 0.991426 -0.520593 0.184841 0.833557 0.519114 0.363368 0.773618 
-0.000539 0.178407 0.983957 -0.094352 -0.114398 0.988944 -0.766988 -0.149070 0.624105 0.042539 0.049417 0.997872 -0.524933 0.145940 0.838539 0.542228 0.392148 0.743107 
-0.002198 0.191332 0.981523 -0.103908 -0.132472 0.985725 -0.778560 -0.184275 0.599905 0.040432 0.049047 0.997978 -0.529137 0.104073 0.842130 0.557873 0.421645 0.714838 
-0.002831 0.203998 0.978967 -0.114093 -0.152019 0.981770 -0.786632 -0.216052 0.578387 0.037659 0.047312 0.998170 -0.526745 0.069011 0.847217 0.573070 0.445540 0.687812 
-0.002765 0.218266 0.975885 -0.125391 -0.173867 0.976754 -0.792822 -0.252103 0.554867 0.033867 0.043791 0.998467 -0.521915 0.035608 0.852254 0.588420 0.465935 0.660807 
-0.001946 0.232263 0.972651 -0.137161 -0.197464 0.970667 -0.795866 -0.289194 0.531943 0.029212 0.038595 0.998828 -0.511781 0.010236 0.859055 0.605476 0.480783 0.634229 
-0.001248 0.247753 0.968822 -0.147880 -0.222129 0.963737 -0.793684 -0.337606 0.506051 0.024926 0.033683 0.999122 -0.498916 -0.016285 0.866497 0.626112 0.492784 0.604275 
-0.000925 0.259045 0.965865 -0.156456 -0.245590 0.956665 -0.787211 -0.384153 0.482417 0.020850 0.028849 0.999366 -0.482708 -0.036316 0.875028 0.641815 0.504819 0.577262 
-0.001890 0.269919 0.962881 -0.160481 -0.264336 0.950985 -0.772767 -0.436405 0.460849 0.019635 0.027933 0.999417 -0.463388 -0.057285 0.884302 0.663519 0.511852 0.545666 
-0.003450 0.282649 0.959217 -0.160383 -0.277934 0.947117 -0.751474 -0.483567 0.448833 0.022899 0.033627 0.999172 -0.432064 -0.072581 0.898917 0.685222 0.523997 0.505863 
-0.005365 0.298290 0.954460 -0.157278 -0.288060 0.944609 -0.722466 -0.532323 0.441220 0.028374 0.043244 0.998662 -0.398855 -0.088161 0.912766 0.709451 0.530476 0.463977 
-0.007880 0.320107 0.947349 -0.151392 -0.292737 0.944132 -0.684458 -0.579127 0.442865 0.035461 0.056010 0.997800 -0.365859 -0.098128 0.925483 0.731952 0.532705 0.424820 
-0.011703 0.345596 0.938311 -0.142887 -0.293086 0.945349 -0.637329 -0.626300 0.448954 0.044209 0.072542 0.996385 -0.328107 -0.104252 0.938870 0.763387 0.521761 0.380796 
-0.016739 0.374601 0.927035 -0.132583 -0.288300 0.948317 -0.585910 -0.665849 0.461903 0.053730 0.091472 0.994357 -0.291512 -0.105199 0.950765 0.795683 0.501442 0.339772 
-0.023183 0.405407 0.913842 -0.120601 -0.279403 0.952570 -0.530819 -0.699622 0.478290 0.064512 0.114375 0.991341 -0.251152 -0.102714 0.962482 0.838595 0.457257 0.296099 
-0.030895 0.438819 0.898044 -0.107657 -0.265331 0.958128 -0.476936 -0.722531 0.500481 0.076215 0.140219 0.987183 0.891568 0.388375 0.232964 -0.216516 -0.096840 0.971464 
-0.040328 0.474039 0.879580 -0.094212 -0.247691 0.964248 -0.424184 -0.736713 0.526614 0.088413 0.169479 0.981560 0.951275 0.242232 0.190786 -0.171507 -0.084321 0.981568 
-0.051689 0.511080 0.857978 -0.080566 -0.224818 0.971064 -0.378845 -0.737983 0.558442 0.100985 0.201590 0.974250 -0.126629 -0.067547 0.989648 
0.022189 0.046746 0.998660 -0.066163 0.551148 0.831780 -0.067347 -0.200358 0.977405 -0.075130 -0.043330 0.996232 
-0.026941 -0.016522 0.999500 -0.083479 0.599220 0.796220 -0.053848 -0.169476 0.984062 0.038602 0.085705 0.995572 
0.027138 0.017575 0.999477 -0.110425 0.637199 0.762747 -0.040614 -0.134172 0.990125 0.054132 0.127505 0.990360 
0.084063 0.056537 0.994855 -0.147274 0.664926 0.732246 -0.027558 -0.094520 0.995141 0.068883 0.172184 0.982653 
0.031190 0.082887 0.996071 -0.190892 0.679123 0.708768 0.033092 0.119573 0.992274 0.139417 0.101443 0.985024 
0.039590 0.111471 0.992979 -0.227259 0.677909 0.699137 0.036214 0.141205 0.989318 0.177049 0.142442 0.973840 -0.654258 -0.725862 0.212297 
0.038982 0.116388 0.992439 -0.251824 0.678052 0.690529 0.030684 0.132167 0.990752 -0.785780 -0.554185 0.274642 0.206950 0.181027 0.961458 
