-0.244908 -0.122682 0.004977 -0.273957 0.012226 0.004989 0.482833 0.226525 0.004837 -0.035596 -0.077225 0.004844 0.449096 0.359007 0.004860 0.240318 0.311158 0.004983 
-0.245247 -0.122790 0.004990 -0.274343 0.012108 0.004993 0.482927 0.226633 0.004861 -0.035951 -0.077260 0.004865 0.449140 0.359103 0.004864 0.240380 0.311176 0.004984 
-0.245255 -0.123470 0.004985 -0.274786 0.011333 0.004998 0.483099 0.226851 0.004872 -0.036107 -0.077267 0.004873 0.449132 0.359275 0.004868 0.240437 0.311064 0.004982 
-0.246501 -0.123154 0.004985 -0.275753 0.011710 0.004993 0.483109 0.226854 0.004880 -0.037258 -0.077384 0.004884 0.449170 0.359285 0.004872 0.240465 0.311119 0.004980 
-0.248257 -0.122926 0.005125 -0.277247 0.011994 0.004989 0.483148 0.226852 0.004888 -0.038925 -0.077563 0.004828 0.449281 0.359301 0.004878 0.240550 0.311248 0.004979 
-0.250189 -0.122341 0.005096 -0.278702 0.012681 0.004903 0.483193 0.226834 0.004887 -0.040699 -0.077717 0.004705 0.449437 0.359311 0.004886 0.240666 0.311434 0.004921 
-0.251263 -0.122205 0.005083 -0.279670 0.012840 0.004907 0.483197 0.226826 0.004895 -0.041738 -0.077746 0.004730 0.449483 0.359314 0.004893 0.240696 0.311503 0.004925 
-0.252126 -0.121967 0.005095 -0.280341 0.013118 0.004955 0.483233 0.226760 0.004869 -0.042538 -0.077807 0.004577 0.449691 0.359293 0.004948 0.240843 0.311753 0.004964 
-0.252116 -0.122117 0.005075 -0.280427 0.012948 0.004952 0.483266 0.226737 0.004895 -0.042559 -0.077807 0.004614 0.449729 0.359271 0.004966 0.240879 0.311739 0.004929 
-0.252143 -0.122159 0.005063 -0.280478 0.012901 0.004951 0.483268 0.226728 0.004900 -0.042594 -0.077812 0.004649 0.449754 0.359267 0.004965 0.240896 0.311771 0.004934 
-0.252168 -0.122421 0.005109 -0.280660 0.012605 0.004977 0.483255 0.226726 0.004868 -0.042671 -0.077830 0.004482 0.449753 0.359268 0.004947 0.240890 0.311790 0.004941 
-0.252118 -0.122650 0.005086 -0.280763 0.012344 0.004973 0.483274 0.226726 0.004876 -0.042672 -0.077823 0.004525 0.449773 0.359268 0.004948 0.240910 0.311793 0.004943 
-0.252020 -0.123108 0.005069 -0.280961 0.011823 0.004970 0.483274 0.226726 0.004885 -0.042672 -0.077821 0.004565 0.449773 0.359269 0.004949 0.240910 0.311793 0.004945 
-0.251961 -0.123380 0.005053 -0.281077 0.011514 0.004968 0.483282 0.226769 0.004889 -0.042672 -0.077820 0.004602 0.449751 0.359304 0.004959 0.240899 0.311781 0.004951 
-0.251870 -0.123753 0.005044 -0.281226 0.011089 0.004969 0.483274 0.226860 0.004844 -0.042663 -0.077822 0.004634 0.449743 0.359395 0.005023 0.240891 0.311871 0.005015 
-0.251832 -0.123848 0.005029 -0.281250 0.010980 0.004960 0.483212 0.226709 0.004605 -0.042645 -0.077820 0.004665 0.449672 0.359242 0.004519 0.240823 0.311704 0.004879 
-0.251853 -0.123907 0.004974 -0.281334 0.010908 0.005017 0.483302 0.226796 0.004693 -0.042688 -0.077779 0.004515 0.449714 0.359317 0.004667 0.240882 0.311704 0.004790 
-0.251938 -0.123885 0.004955 -0.281413 0.010930 0.005049 0.483344 0.226808 0.004713 -0.042772 -0.077767 0.004284 0.449757 0.359329 0.004698 0.240925 0.311718 0.004722 
-0.251940 -0.123885 0.004961 -0.281415 0.010930 0.005029 0.483344 0.226808 0.004734 -0.042773 -0.077767 0.004358 0.449757 0.359329 0.004728 0.240925 0.311717 0.004747 
-0.252017 -0.123907 0.004986 -0.281487 0.010910 0.004981 0.483385 0.226823 0.004753 -0.042849 -0.077799 0.004216 0.449793 0.359343 0.004754 0.240963 0.311722 0.004678 
-0.252075 -0.123916 0.005031 -0.281539 0.010902 0.004979 0.483392 0.226832 0.004769 -0.042906 -0.077818 0.004163 0.449792 0.359349 0.004778 0.240965 0.311717 0.004708 
-0.252098 -0.123889 0.005028 -0.281542 0.010933 0.004977 0.483393 0.226832 0.004787 -0.042921 -0.077821 0.004241 0.449793 0.359349 0.004798 0.240965 0.311717 0.004734 
-0.252117 -0.123866 0.005026 -0.281545 0.010960 0.004975 0.483393 0.226832 0.004803 -0.042935 -0.077823 0.004313 0.449793 0.359349 0.004816 0.240965 0.311717 0.004757 
-0.252134 -0.123846 0.005026 -0.281547 0.010982 0.004975 0.483393 0.226832 0.004817 -0.042946 -0.077825 0.004377 0.449793 0.359349 0.004833 0.240965 0.311717 0.004778 
-0.252141 -0.123834 0.005029 -0.281548 0.010996 0.004975 0.483393 0.226831 0.004828 -0.042951 -0.077824 0.004436 0.449788 0.359348 0.004842 0.240962 0.311709 0.004796 
-0.252142 -0.123834 0.005030 -0.281549 0.010996 0.004976 0.483393 0.226831 0.004840 -0.042952 -0.077824 0.004489 0.449788 0.359347 0.004857 0.240962 0.311708 0.004814 
-0.252143 -0.123834 0.005032 -0.281550 0.010996 0.004976 0.483393 0.226831 0.004850 -0.042953 -0.077824 0.004537 0.449788 0.359347 0.004872 0.240962 0.311708 0.004830 
-0.252233 -0.123751 0.004970 -0.281630 0.011082 0.005068 0.483374 0.226878 0.004801 -0.043041 -0.077756 0.004247 0.449757 0.359391 0.004902 0.240936 0.311732 0.004866 
-0.252286 -0.123757 0.004996 -0.281672 0.011078 0.005020 0.483355 0.226923 0.004760 -0.043090 -0.077780 0.004179 0.449724 0.359432 0.004926 0.240907 0.311752 0.004897 
-0.252288 -0.123757 0.004995 -0.281674 0.011078 0.005007 0.483355 0.226923 0.004778 -0.043092 -0.077780 0.004259 0.449723 0.359433 0.004936 0.240907 0.311752 0.004906 
-0.252290 -0.123757 0.004996 -0.281675 0.011078 0.004998 0.483354 0.226924 0.004795 -0.043093 -0.077779 0.004331 0.449723 0.359433 0.004947 0.240907 0.311751 0.004915 
-0.252292 -0.123746 0.005006 -0.281673 0.011090 0.004998 0.483271 0.226963 0.004611 -0.043093 -0.077776 0.004396 0.449629 0.359470 0.004869 0.240817 0.311773 0.005038 
-0.252293 -0.123746 0.005017 -0.281674 0.011090 0.004998 0.483270 0.226964 0.004643 -0.043094 -0.077776 0.004457 0.449629 0.359470 0.004890 0.240816 0.311773 0.005035 
-0.252348 -0.123769 0.005155 -0.281710 0.011071 0.004989 0.483265 0.226960 0.004674 -0.043143 -0.077828 0.004409 0.449611 0.359463 0.004903 0.240803 0.311746 0.005025 
-0.252375 -0.123764 0.005215 -0.281715 0.011081 0.004964 0.483346 0.226931 0.004923 -0.043163 -0.077859 0.004398 0.449668 0.359429 0.004998 0.240869 0.311674 0.004712 
-0.252380 -0.123761 0.005205 -0.281716 0.011084 0.004969 0.483351 0.226928 0.004944 -0.043166 -0.077860 0.004457 0.449639 0.359417 0.004975 0.240852 0.311609 0.004716 
-0.252381 -0.123761 0.005196 -0.281718 0.011084 0.004973 0.483352 0.226928 0.004946 -0.043168 -0.077861 0.004510 0.449639 0.359417 0.004980 0.240852 0.311608 0.004742 
-0.252448 -0.123757 0.005250 -0.281766 0.011093 0.004978 0.483324 0.226970 0.004888 -0.043229 -0.077886 0.004350 0.449607 0.359458 0.005008 0.240822 0.311641 0.004789 
-0.252446 -0.123753 0.005278 -0.281762 0.011097 0.005024 0.483313 0.226967 0.004896 -0.043226 -0.077885 0.004415 0.449590 0.359453 0.005013 0.240807 0.311628 0.004809 
-0.252435 -0.123718 0.005317 -0.281749 0.011132 0.005091 0.483291 0.226961 0.004902 -0.043214 -0.077853 0.004470 0.449558 0.359444 0.005015 0.240778 0.311602 0.004827 
-0.252431 -0.123721 0.005381 -0.281745 0.011130 0.005169 0.483291 0.226961 0.004908 -0.043210 -0.077855 0.004524 0.449558 0.359444 0.005016 0.240778 0.311602 0.004843 
-0.252430 -0.123721 0.005442 -0.281744 0.011130 0.005243 0.483298 0.226965 0.004925 -0.043209 -0.077855 0.004573 0.449537 0.359442 0.004999 0.240768 0.311555 0.004841 
-0.252429 -0.123721 0.005498 -0.281744 0.011130 0.005309 0.483298 0.226965 0.004929 -0.043209 -0.077855 0.004618 0.449537 0.359442 0.005003 0.240768 0.311555 0.004856 
-0.252397 -0.123631 0.005488 -0.281700 0.011222 0.005339 0.483289 0.226967 0.004954 -0.043173 -0.077784 0.004647 0.449519 0.359442 0.005049 0.240753 0.311543 0.004828 
-0.252397 -0.123632 0.005542 -0.281699 0.011221 0.005398 0.483289 0.226967 0.004955 -0.043172 -0.077783 0.004686 0.449520 0.359442 0.005050 0.240753 0.311543 0.004844 
-0.252396 -0.123632 0.005592 -0.281698 0.011221 0.005451 0.483289 0.226968 0.004957 -0.043171 -0.077783 0.004721 0.449519 0.359442 0.005050 0.240753 0.311542 0.004859 
-0.252395 -0.123632 0.005636 -0.281698 0.011221 0.005499 0.483288 0.226968 0.004957 -0.043171 -0.077783 0.004752 0.449518 0.359442 0.005049 0.240752 0.311542 0.004873 
-0.252380 -0.123617 0.005660 -0.281680 0.011237 0.005531 0.483292 0.226948 0.005035 -0.043154 -0.077772 0.004778 0.449502 0.359417 0.005039 0.240743 0.311485 0.004777 
-0.252379 -0.123617 0.005703 -0.281679 0.011237 0.005581 0.483292 0.226948 0.005026 -0.043154 -0.077772 0.004802 0.449502 0.359417 0.005036 0.240743 0.311485 0.004797 
-0.252351 -0.123618 0.005724 -0.281641 0.011238 0.005601 0.483271 0.226945 0.005005 -0.043122 -0.077790 0.004845 0.449475 0.359413 0.005024 0.240718 0.311471 0.004824 
-0.252337 -0.123621 0.005746 -0.281621 0.011236 0.005631 0.483261 0.226944 0.005001 -0.043106 -0.077801 0.004868 0.449452 0.359408 0.005017 0.240700 0.311446 0.004837 
-0.252336 -0.123621 0.005773 -0.281621 0.011236 0.005664 0.483262 0.226944 0.004996 -0.043106 -0.077801 0.004882 0.449452 0.359408 0.005019 0.240700 0.311446 0.004852 
-0.252336 -0.123621 0.005795 -0.281620 0.011236 0.005692 0.483262 0.226944 0.004995 -0.043105 -0.077801 0.004895 0.449452 0.359408 0.005023 0.240700 0.311446 0.004866 
-0.252335 -0.123621 0.005815 -0.281620 0.011236 0.005717 0.483262 0.226944 0.004993 -0.043105 -0.077801 0.004907 0.449452 0.359408 0.005026 0.240700 0.311445 0.004878 
-0.252335 -0.123620 0.005833 -0.281619 0.011237 0.005742 0.483264 0.226951 0.004996 -0.043104 -0.077801 0.004917 0.449437 0.359410 0.005021 0.240691 0.311420 0.004883 
-0.252321 -0.123624 0.005840 -0.281598 0.011235 0.005749 0.483252 0.226945 0.004994 -0.043088 -0.077816 0.004941 0.449421 0.359403 0.005024 0.240677 0.311408 0.004894 
-0.252321 -0.123623 0.005853 -0.281597 0.011236 0.005766 0.483252 0.226945 0.004992 -0.043088 -0.077816 0.004948 0.449421 0.359403 0.005027 0.240677 0.311407 0.004903 
-0.252321 -0.123623 0.005865 -0.281597 0.011236 0.005782 0.483252 0.226945 0.004991 -0.043087 -0.077816 0.004954 0.449421 0.359403 0.005030 0.240677 0.311407 0.004912 
-0.252321 -0.123623 0.005875 -0.281596 0.011236 0.005797 0.483252 0.226945 0.004990 -0.043087 -0.077816 0.004960 0.449421 0.359403 0.005033 0.240677 0.311407 0.004920 
-0.252320 -0.123623 0.005884 -0.281596 0.011236 0.005810 0.483252 0.226945 0.004989 -0.043087 -0.077816 0.004965 0.449421 0.359403 0.005036 0.240677 0.311406 0.004927 
-0.252320 -0.123623 0.005893 -0.281596 0.011236 0.005822 0.483252 0.226945 0.004987 -0.043086 -0.077816 0.004969 0.449421 0.359403 0.005038 0.240677 0.311406 0.004934 
-0.252320 -0.123622 0.005901 -0.281595 0.011237 0.005833 0.483252 0.226945 0.004987 -0.043086 -0.077816 0.004974 0.449421 0.359403 0.005040 0.240677 0.311406 0.004940 
-0.252308 -0.123624 0.005898 -0.281575 0.011237 0.005830 0.483239 0.226938 0.004985 -0.043072 -0.077830 0.004989 0.449404 0.359396 0.005041 0.240661 0.311393 0.004945 
-0.252308 -0.123623 0.005903 -0.281573 0.011238 0.005839 0.483226 0.226932 0.004984 -0.043071 -0.077832 0.004992 0.449388 0.359389 0.005042 0.240646 0.311381 0.004950 
-0.252307 -0.123623 0.005907 -0.281573 0.011238 0.005846 0.483226 0.226932 0.004983 -0.043071 -0.077832 0.004994 0.449387 0.359389 0.005044 0.240646 0.311380 0.004955 
-0.252307 -0.123623 0.005911 -0.281573 0.011238 0.005852 0.483226 0.226932 0.004983 -0.043070 -0.077832 0.004995 0.449387 0.359389 0.005046 0.240646 0.311380 0.004959 
-0.252307 -0.123623 0.005915 -0.281572 0.011239 0.005858 0.483226 0.226932 0.004982 -0.043070 -0.077831 0.004997 0.449387 0.359389 0.005047 0.240646 0.311380 0.004963 
-0.252307 -0.123619 0.005917 -0.281571 0.011243 0.005864 0.483224 0.226921 0.005002 -0.043070 -0.077832 0.004998 0.449347 0.359367 0.005017 0.240619 0.311299 0.004940 
-0.252302 -0.123621 0.005917 -0.281561 0.011242 0.005868 0.483210 0.226913 0.004997 -0.043063 -0.077840 0.005002 0.449330 0.359360 0.005015 0.240604 0.311287 0.004944 
-0.252296 -0.123622 0.005917 -0.281553 0.011242 0.005871 0.483196 0.226906 0.004993 -0.043056 -0.077845 0.005004 0.449314 0.359352 0.005016 0.240588 0.311275 0.004949 
-0.252290 -0.123623 0.005914 -0.281542 0.011241 0.005871 0.483182 0.226899 0.004991 -0.043049 -0.077853 0.005009 0.449298 0.359344 0.005017 0.240573 0.311264 0.004953 
-0.252290 -0.123623 0.005915 -0.281542 0.011241 0.005875 0.483182 0.226899 0.004990 -0.043049 -0.077853 0.005008 0.449298 0.359344 0.005018 0.240573 0.311263 0.004956 
-0.252288 -0.123622 0.005914 -0.281537 0.011242 0.005875 0.483168 0.226891 0.004988 -0.043045 -0.077856 0.005010 0.449281 0.359336 0.005019 0.240557 0.311252 0.004959 
-0.252287 -0.123606 0.005909 -0.281533 0.011259 0.005878 0.483154 0.226885 0.004987 -0.043043 -0.077845 0.005007 0.449265 0.359328 0.005020 0.240542 0.311240 0.004961 
-0.252271 -0.123605 0.005901 -0.281517 0.011260 0.005869 0.483115 0.226864 0.004985 -0.043027 -0.077845 0.005018 0.449221 0.359306 0.005021 0.240500 0.311209 0.004963 
-0.252271 -0.123569 0.005888 -0.281510 0.011298 0.005869 0.483102 0.226857 0.004985 -0.043025 -0.077820 0.005012 0.449204 0.359299 0.005022 0.240484 0.311198 0.004965 
-0.252271 -0.123569 0.005886 -0.281509 0.011299 0.005868 0.483101 0.226857 0.004984 -0.043025 -0.077820 0.005010 0.449204 0.359299 0.005023 0.240484 0.311198 0.004966 
-0.252271 -0.123568 0.005884 -0.281509 0.011299 0.005868 0.483101 0.226857 0.004984 -0.043025 -0.077820 0.005008 0.449204 0.359299 0.005024 0.240484 0.311197 0.004967 
-0.252274 -0.123562 0.005884 -0.281507 0.011307 0.005868 0.483090 0.226851 0.004995 -0.043026 -0.077821 0.005007 0.449166 0.359286 0.005007 0.240456 0.311142 0.004954 
-0.252273 -0.123557 0.005882 -0.281504 0.011312 0.005869 0.483082 0.226863 0.004982 -0.043025 -0.077820 0.005007 0.449145 0.359295 0.005000 0.240439 0.311132 0.004965 
-0.252274 -0.123556 0.005880 -0.281504 0.011313 0.005868 0.483082 0.226863 0.004982 -0.043025 -0.077820 0.005005 0.449145 0.359294 0.005001 0.240439 0.311132 0.004966 
-0.252274 -0.123555 0.005878 -0.281503 0.011315 0.005867 0.483082 0.226863 0.004981 -0.043025 -0.077820 0.005003 0.449145 0.359294 0.005002 0.240439 0.311131 0.004967 
-0.252323 -0.123539 0.005900 -0.281532 0.011334 0.005882 0.483071 0.226704 0.005056 -0.043068 -0.077837 0.004825 0.449131 0.359135 0.004898 0.240427 0.310967 0.004861 
-0.252165 -0.123453 0.005786 -0.281348 0.011426 0.005777 0.483060 0.226852 0.005034 -0.042901 -0.077790 0.004840 0.449094 0.359276 0.005119 0.240399 0.311068 0.004768 
-0.252152 -0.123415 0.005794 -0.281316 0.011468 0.005781 0.483001 0.226848 0.004932 -0.042881 -0.077782 0.004856 0.449044 0.359274 0.005083 0.240346 0.311079 0.004833 
-0.252153 -0.123411 0.005817 -0.281314 0.011472 0.005803 0.483001 0.226848 0.004938 -0.042881 -0.077782 0.004871 0.449044 0.359274 0.005087 0.240346 0.311079 0.004850 
-0.252153 -0.123410 0.005842 -0.281313 0.011474 0.005825 0.483002 0.226848 0.004944 -0.042880 -0.077782 0.004885 0.449044 0.359274 0.005088 0.240346 0.311079 0.004864 
-0.252151 -0.123408 0.005867 -0.281311 0.011476 0.005847 0.482986 0.226840 0.004949 -0.042878 -0.077780 0.004899 0.449027 0.359266 0.005088 0.240330 0.311069 0.004877 
-0.252150 -0.123406 0.005892 -0.281310 0.011478 0.005869 0.482986 0.226841 0.004953 -0.042878 -0.077780 0.004910 0.449027 0.359266 0.005090 0.240330 0.311069 0.004889 
-0.252150 -0.123405 0.005914 -0.281309 0.011479 0.005889 0.482975 0.226842 0.004946 -0.042877 -0.077780 0.004921 0.449015 0.359267 0.005084 0.240318 0.311068 0.004909 
-0.252133 -0.123391 0.005922 -0.281289 0.011494 0.005895 0.482914 0.226927 0.004865 -0.042860 -0.077771 0.004930 0.448955 0.359352 0.005131 0.240258 0.311154 0.004992 
-0.252132 -0.123376 0.005940 -0.281278 0.011511 0.005906 0.483025 0.226913 0.005028 -0.042855 -0.077770 0.004942 0.449052 0.359335 0.005257 0.240360 0.311116 0.004714 
-0.252148 -0.123284 0.005915 -0.281271 0.011608 0.005955 0.482987 0.226900 0.004997 -0.042864 -0.077715 0.004826 0.449013 0.359322 0.005216 0.240322 0.311101 0.004742 
-0.252156 -0.123249 0.005934 -0.281256 0.011648 0.005964 0.482979 0.226913 0.004986 -0.042864 -0.077715 0.004846 0.448992 0.359332 0.005198 0.240305 0.311090 0.004776 
-0.252161 -0.123224 0.005952 -0.281245 0.011677 0.005971 0.482980 0.226914 0.004987 -0.042863 -0.077714 0.004864 0.448992 0.359332 0.005191 0.240305 0.311091 0.004799 
-0.252163 -0.123211 0.005972 -0.281239 0.011691 0.005984 0.482980 0.226914 0.004988 -0.042863 -0.077714 0.004880 0.448993 0.359333 0.005183 0.240306 0.311091 0.004819 
-0.252161 -0.123192 0.006034 -0.281219 0.011714 0.005955 0.482964 0.226905 0.004989 -0.042856 -0.077724 0.004837 0.448975 0.359323 0.005175 0.240289 0.311079 0.004836 
-0.252161 -0.123189 0.006065 -0.281218 0.011717 0.005985 0.482965 0.226906 0.004990 -0.042855 -0.077723 0.004859 0.448975 0.359324 0.005171 0.240289 0.311079 0.004853 
-0.252161 -0.123188 0.006096 -0.281216 0.011719 0.006017 0.482965 0.226906 0.004991 -0.042854 -0.077723 0.004876 0.448976 0.359324 0.005167 0.240289 0.311079 0.004868 
-0.252177 -0.123110 0.006058 -0.281227 0.011798 0.006102 0.482948 0.226897 0.004992 -0.042870 -0.077653 0.004696 0.448958 0.359315 0.005163 0.240272 0.311068 0.004883 
-0.252180 -0.123073 0.006087 -0.281209 0.011839 0.006128 0.482905 0.226899 0.004966 -0.042866 -0.077649 0.004724 0.448894 0.359312 0.005137 0.240216 0.311033 0.004916 
-0.252173 -0.123036 0.006115 -0.281190 0.011879 0.006151 0.482887 0.226892 0.004967 -0.042855 -0.077631 0.004753 0.448876 0.359304 0.005135 0.240197 0.311025 0.004926 
-0.252175 -0.123026 0.006145 -0.281186 0.011890 0.006173 0.482874 0.226903 0.004956 -0.042854 -0.077631 0.004778 0.448852 0.359312 0.005119 0.240177 0.311014 0.004943 
-0.252175 -0.123023 0.006171 -0.281184 0.011893 0.006194 0.482874 0.226903 0.004960 -0.042854 -0.077630 0.004802 0.448851 0.359313 0.005117 0.240177 0.311014 0.004949 
-0.252165 -0.122987 0.006183 -0.281168 0.011931 0.006208 0.482857 0.226894 0.004963 -0.042842 -0.077603 0.004819 0.448833 0.359303 0.005114 0.240159 0.311004 0.004953 
-0.252161 -0.122981 0.006205 -0.281161 0.011938 0.006222 0.482839 0.226885 0.004966 -0.042837 -0.077601 0.004841 0.448815 0.359294 0.005109 0.240141 0.310994 0.004957 
-0.252156 -0.122973 0.006222 -0.281154 0.011945 0.006235 0.482821 0.226876 0.004968 -0.042831 -0.077596 0.004858 0.448797 0.359285 0.005106 0.240123 0.310984 0.004960 
-0.252151 -0.122967 0.006234 -0.281149 0.011952 0.006248 0.482803 0.226867 0.004971 -0.042826 -0.077592 0.004871 0.448778 0.359276 0.005103 0.240105 0.310974 0.004963 
-0.252147 -0.122947 0.006249 -0.281140 0.011973 0.006258 0.482803 0.226867 0.004973 -0.042820 -0.077579 0.004886 0.448778 0.359275 0.005102 0.240104 0.310974 0.004966 
-0.252147 -0.122945 0.006263 -0.281139 0.011976 0.006268 0.482803 0.226867 0.004975 -0.042820 -0.077579 0.004898 0.448778 0.359275 0.005101 0.240104 0.310974 0.004969 
-0.252147 -0.122943 0.006276 -0.281138 0.011978 0.006278 0.482801 0.226867 0.004975 -0.042820 -0.077578 0.004910 0.448776 0.359276 0.005099 0.240103 0.310974 0.004973 
-0.252147 -0.122941 0.006288 -0.281137 0.011980 0.006287 0.482801 0.226867 0.004977 -0.042819 -0.077578 0.004920 0.448776 0.359276 0.005097 0.240102 0.310974 0.004975 
-0.252147 -0.122938 0.006301 -0.281135 0.011983 0.006296 0.482801 0.226867 0.004979 -0.042819 -0.077578 0.004930 0.448776 0.359276 0.005096 0.240102 0.310974 0.004977 
-0.252147 -0.122936 0.006311 -0.281134 0.011986 0.006304 0.482801 0.226867 0.004981 -0.042818 -0.077577 0.004939 0.448775 0.359276 0.005095 0.240102 0.310973 0.004979 
-0.252147 -0.122934 0.006322 -0.281133 0.011988 0.006311 0.482801 0.226867 0.004982 -0.042818 -0.077577 0.004947 0.448775 0.359276 0.005094 0.240102 0.310973 0.004980 
-0.252147 -0.122931 0.006332 -0.281131 0.011991 0.006319 0.482801 0.226867 0.004983 -0.042817 -0.077577 0.004954 0.448775 0.359276 0.005093 0.240102 0.310973 0.004982 
-0.252147 -0.122929 0.006341 -0.281130 0.011993 0.006326 0.482800 0.226867 0.004984 -0.042817 -0.077577 0.004961 0.448775 0.359276 0.005092 0.240101 0.310973 0.004983 
-0.252140 -0.122911 0.006349 -0.281120 0.012011 0.006336 0.482782 0.226857 0.004985 -0.042809 -0.077562 0.004965 0.448756 0.359266 0.005090 0.240082 0.310963 0.004984 
-0.252140 -0.122909 0.006356 -0.281119 0.012013 0.006341 0.482781 0.226857 0.004985 -0.042809 -0.077562 0.004970 0.448755 0.359266 0.005089 0.240082 0.310963 0.004985 
-0.252140 -0.122908 0.006361 -0.281118 0.012015 0.006345 0.482781 0.226857 0.004986 -0.042808 -0.077562 0.004974 0.448755 0.359266 0.005089 0.240082 0.310963 0.004986 
-0.252139 -0.122906 0.006369 -0.281117 0.012017 0.006351 0.482781 0.226857 0.004987 -0.042808 -0.077562 0.004979 0.448755 0.359266 0.005088 0.240082 0.310963 0.004987 
-0.252141 -0.122895 0.006376 -0.281112 0.012030 0.006357 0.482776 0.226831 0.005011 -0.042807 -0.077562 0.004983 0.448716 0.359230 0.005054 0.240055 0.310872 0.004960 
-0.252113 -0.122869 0.006358 -0.281073 0.012058 0.006339 0.482770 0.226917 0.004982 -0.042775 -0.077552 0.004985 0.448707 0.359316 0.005236 0.240047 0.310955 0.004898 
-0.252114 -0.122862 0.006379 -0.281069 0.012066 0.006358 0.482762 0.226920 0.004976 -0.042775 -0.077552 0.004990 0.448697 0.359318 0.005221 0.240038 0.310954 0.004916 
-0.252104 -0.122844 0.006424 -0.281056 0.012085 0.006403 0.482733 0.226902 0.004988 -0.042764 -0.077539 0.004993 0.448651 0.359296 0.005199 0.239998 0.310904 0.004914 
-0.252089 -0.122834 0.006472 -0.281041 0.012095 0.006444 0.482715 0.226893 0.004989 -0.042749 -0.077532 0.005007 0.448632 0.359287 0.005193 0.239980 0.310894 0.004924 
-0.252076 -0.122781 0.006447 -0.281027 0.012148 0.006518 0.482697 0.226886 0.004990 -0.042738 -0.077478 0.004693 0.448614 0.359280 0.005189 0.239962 0.310887 0.004933 
-0.252080 -0.122720 0.006414 -0.281025 0.012211 0.006580 0.482655 0.226871 0.004959 -0.042743 -0.077425 0.004407 0.448574 0.359265 0.005150 0.239921 0.310875 0.004939 
-0.252072 -0.122713 0.006484 -0.281014 0.012218 0.006631 0.482648 0.226873 0.004955 -0.042734 -0.077424 0.004466 0.448566 0.359267 0.005138 0.239913 0.310875 0.004951 
-0.252072 -0.122708 0.006548 -0.281011 0.012224 0.006677 0.482648 0.226874 0.004957 -0.042733 -0.077423 0.004520 0.448565 0.359268 0.005129 0.239913 0.310875 0.004954 
-0.252072 -0.122704 0.006606 -0.281009 0.012228 0.006721 0.482648 0.226874 0.004960 -0.042732 -0.077423 0.004569 0.448565 0.359268 0.005121 0.239913 0.310876 0.004957 
-0.252071 -0.122701 0.006659 -0.281007 0.012231 0.006760 0.482648 0.226874 0.004962 -0.042731 -0.077422 0.004613 0.448565 0.359268 0.005113 0.239913 0.310876 0.004959 
-0.252070 -0.122695 0.006704 -0.281002 0.012238 0.006793 0.482639 0.226884 0.004956 -0.042728 -0.077421 0.004653 0.448547 0.359275 0.005100 0.239898 0.310868 0.004967 
-0.252048 -0.122676 0.006733 -0.280977 0.012257 0.006815 0.482619 0.226874 0.004958 -0.042706 -0.077407 0.004687 0.448527 0.359266 0.005094 0.239878 0.310859 0.004969 
-0.252043 -0.122675 0.006770 -0.280972 0.012259 0.006842 0.482619 0.226874 0.004961 -0.042701 -0.077406 0.004719 0.448527 0.359266 0.005090 0.239878 0.310859 0.004970 
-0.251966 -0.122653 0.006817 -0.280883 0.012284 0.006772 0.482552 0.226903 0.004880 -0.042620 -0.077404 0.004669 0.448468 0.359297 0.005110 0.239816 0.310901 0.005010 
-0.251950 -0.122652 0.006857 -0.280867 0.012285 0.006804 0.482536 0.226876 0.004893 -0.042604 -0.077404 0.004710 0.448465 0.359273 0.005101 0.239808 0.310899 0.005006 
-0.251882 -0.122619 0.006896 -0.280786 0.012320 0.006782 0.482478 0.226842 0.004900 -0.042533 -0.077393 0.004603 0.448407 0.359239 0.005095 0.239750 0.310865 0.005004 
-0.251630 -0.122569 0.006850 -0.280514 0.012375 0.006621 0.482419 0.226800 0.004880 -0.042275 -0.077376 0.004489 0.448348 0.359197 0.005046 0.239691 0.310823 0.004988 
-0.251442 -0.122561 0.006856 -0.280327 0.012382 0.006623 0.482419 0.226800 0.004889 -0.042086 -0.077365 0.004558 0.448348 0.359197 0.005051 0.239691 0.310823 0.004991 
