0.196777 -0.026847 0.003067 -0.282808 0.050527 0.005224 0.483754 0.227135 0.004902 0.209847 0.066488 0.004458 0.130395 0.285640 0.004771 0.109965 0.235024 0.004890 
0.198469 -0.025175 0.003474 -0.285224 0.057471 0.005085 0.481632 0.238571 0.005327 0.212992 0.069273 0.004787 0.130286 0.284450 0.004818 0.113229 0.236759 0.004926 
0.201245 -0.022745 0.003610 -0.288582 0.064812 0.005362 0.478954 0.254486 0.005302 0.216628 0.072938 0.004806 0.131184 0.284344 0.004753 0.116528 0.239077 0.005006 
0.204188 -0.021632 0.003743 -0.291305 0.074712 0.005340 0.476119 0.265766 0.004996 0.221207 0.075967 0.004694 0.132514 0.285245 0.004996 0.121345 0.242258 0.005047 
0.208473 -0.020315 0.003989 -0.294296 0.085581 0.005291 0.472921 0.276689 0.004974 0.227118 0.079747 0.004716 0.136087 0.287266 0.004985 0.126999 0.246255 0.005020 
0.212643 -0.020291 0.004413 -0.296885 0.097482 0.004997 0.470443 0.285263 0.005035 0.233716 0.083456 0.004938 0.141056 0.289799 0.004624 0.133191 0.250537 0.004768 
0.216704 -0.020638 0.004971 -0.299042 0.108166 0.004565 0.467652 0.294512 0.005064 0.240375 0.087080 0.005244 0.145628 0.292541 0.004800 0.139977 0.255362 0.004866 
0.219178 -0.023640 0.006708 -0.299783 0.116617 0.003158 0.465286 0.303221 0.005098 0.245749 0.089641 0.006083 0.150357 0.295242 0.004819 0.146538 0.260100 0.004882 
0.221099 -0.027133 0.008945 -0.299850 0.122696 0.001246 0.462968 0.310627 0.005132 0.250475 0.091069 0.007106 0.154863 0.297493 0.004821 0.152941 0.264210 0.004886 
0.221706 -0.031878 0.012050 -0.298861 0.126086 -0.001289 0.460716 0.317596 0.005093 0.253789 0.091259 0.008382 0.158370 0.299554 0.004843 0.158650 0.267853 0.004895 
0.222358 -0.036324 0.015223 -0.297743 0.129958 -0.003718 0.458791 0.323770 0.005106 0.257020 0.091224 0.009655 0.160970 0.301161 0.004852 0.163762 0.270915 0.004897 
0.224703 -0.038887 0.019527 -0.296683 0.133870 -0.005961 0.457265 0.329636 0.005166 0.259441 0.091308 0.011247 0.162406 0.302148 0.004858 0.168140 0.273487 0.004901 
0.227412 -0.039053 0.023376 -0.295592 0.137861 -0.007953 0.456278 0.333715 0.005283 0.262197 0.092119 0.012975 0.163055 0.302775 0.004862 0.172109 0.275793 0.004902 
0.162847 0.303061 0.004865 0.455594 0.336803 0.005404 -0.294088 0.140950 -0.010130 0.175645 0.277820 0.004895 0.230317 -0.038612 0.027808 0.264616 0.093005 0.015090 
0.162140 0.303392 0.004852 0.455426 0.337196 0.005629 -0.293137 0.143492 -0.012242 0.178876 0.279675 0.004897 0.233039 -0.036958 0.032132 0.267089 0.094001 0.017543 
0.163069 0.303904 0.004567 0.455094 0.338454 0.006507 -0.292613 0.144856 -0.014730 0.181785 0.281429 0.004898 0.236164 -0.035742 0.038104 0.268945 0.094960 0.020824 
0.166084 0.304320 0.004029 0.454664 0.340219 0.008103 -0.292227 0.146421 -0.017279 0.184657 0.283080 0.004891 0.240042 -0.033634 0.044756 0.271343 0.096778 0.024787 
0.168830 0.304918 0.003527 0.454302 0.341641 0.009700 -0.291601 0.147178 -0.020044 0.187473 0.284793 0.004893 0.243987 -0.031441 0.052180 0.273310 0.098336 0.029024 
0.172314 0.305385 0.003000 0.453945 0.343196 0.011568 -0.290482 0.148110 -0.022871 0.190376 0.286549 0.004888 0.248527 -0.028371 0.059985 0.275819 0.100705 0.033637 
0.174627 0.305809 0.002590 0.453636 0.344437 0.013118 -0.288722 0.148753 -0.025849 0.193324 0.288348 0.004889 0.252758 -0.025180 0.068080 0.277902 0.102734 0.038225 
0.176840 0.305995 0.002221 0.453621 0.344200 0.014935 -0.286372 0.149122 -0.028913 0.196454 0.290174 0.004885 0.257378 -0.021243 0.076329 0.280687 0.105522 0.043169 
0.178594 0.306101 0.001881 0.453300 0.345445 0.016422 -0.283534 0.149317 -0.032175 0.199620 0.291964 0.004887 0.261569 -0.017392 0.084891 0.282958 0.107929 0.048048 
0.180470 0.306205 0.001535 0.453199 0.345548 0.018316 -0.280466 0.149436 -0.035659 0.202834 0.293780 0.004890 0.265903 -0.013175 0.094099 0.285444 0.110716 0.053385 
0.182125 0.306408 0.001162 0.452920 0.346362 0.020155 -0.277295 0.148930 -0.039398 0.205966 0.295619 0.004891 0.269727 -0.008957 0.104042 0.287313 0.113246 0.058961 
0.184054 0.306757 0.000758 0.452749 0.346255 0.022595 -0.274279 0.147880 -0.043272 0.208988 0.297525 0.004894 0.273412 -0.003905 0.114703 0.289083 0.116241 0.065113 
0.185828 0.307121 0.000283 0.452436 0.346375 0.025164 -0.270986 0.145932 -0.047389 0.211847 0.299313 0.004879 0.276309 0.001008 0.126662 0.289983 0.118857 0.071780 
0.188030 0.307606 -0.000224 0.452208 0.345442 0.028638 -0.267826 0.143448 -0.051619 0.214515 0.301043 0.004871 0.278678 0.006776 0.139585 0.290591 0.121914 0.079212 
0.190508 0.307851 -0.000792 0.451925 0.344190 0.032671 -0.264864 0.140766 -0.055881 0.216743 0.302247 0.004835 0.279802 0.013337 0.153315 0.290223 0.124984 0.087278 
0.193138 0.308467 -0.001340 0.451431 0.343069 0.037477 -0.262820 0.138152 -0.060040 0.218250 0.303420 0.004835 0.279398 0.021124 0.167215 0.289023 0.128781 0.095892 
0.196161 0.309003 -0.001885 0.450721 0.341813 0.043121 -0.262484 0.136588 -0.064079 0.218293 0.303705 0.004813 0.275817 0.029449 0.180489 0.286373 0.133144 0.105016 
0.200360 0.309833 -0.002202 0.449535 0.341401 0.049695 -0.263873 0.134010 -0.067352 0.216780 0.303287 0.004873 0.269921 0.038496 0.194251 0.282275 0.138220 0.115037 
0.205180 0.310717 -0.002316 0.447893 0.341246 0.057169 -0.266660 0.131565 -0.070292 0.213626 0.301970 0.004953 0.261491 0.048174 0.208512 0.276374 0.143757 0.125773 
0.211724 0.311676 -0.001941 0.445694 0.340621 0.066483 -0.270550 0.126765 -0.071857 0.209123 0.299700 0.005079 0.252013 0.059546 0.224108 0.269218 0.150151 0.137685 
0.218897 0.313093 -0.001005 0.442775 0.341912 0.076064 -0.275259 0.122296 -0.073047 0.203246 0.297109 0.005278 0.240426 0.072446 0.240122 0.260291 0.157786 0.149868 
0.438797 0.343569 0.087323 -0.280291 0.115277 -0.072532 0.228787 0.088461 0.257138 0.250570 0.167153 0.162740 0.227439 0.314999 0.000921 0.196896 0.294381 0.005636 
0.433878 0.346958 0.098727 -0.285564 0.109276 -0.072111 0.215575 0.107095 0.273453 0.239400 0.178291 0.175140 0.236514 0.317348 0.003710 0.189706 0.291390 0.006007 
0.427596 0.351165 0.111233 -0.290552 0.101055 -0.069982 0.202806 0.129809 0.289967 0.227411 0.191158 0.187429 0.245700 0.320445 0.007448 0.182872 0.288769 0.006506 
0.420350 0.358381 0.122122 -0.295550 0.094829 -0.068908 0.188271 0.155137 0.304185 0.214051 0.205851 0.198181 0.253375 0.324458 0.011526 0.175777 0.286901 0.007009 
0.412026 0.367853 0.131448 -0.299559 0.088359 -0.067454 0.174919 0.186219 0.318091 0.199281 0.221787 0.207971 0.258992 0.329340 0.015573 0.169544 0.286298 0.007568 
0.402939 0.380646 0.138035 -0.303064 0.085739 -0.069152 0.159611 0.219833 0.328151 0.183511 0.240120 0.215511 0.262460 0.335663 0.019232 0.162713 0.287146 0.007954 
0.162704 0.250848 0.127254 0.395405 0.397173 0.134338 0.224285 0.280671 0.139494 -0.304647 0.088097 -0.075720 0.174803 0.300714 0.075690 
0.152258 0.264429 0.155127 -0.305462 0.132070 -0.096588 0.394293 0.420596 0.123882 0.196205 0.284744 0.157134 0.143492 0.306088 0.111433 0.149133 0.312289 0.219650 
0.158087 0.281898 0.188220 0.391035 0.434030 0.178367 0.200964 0.303247 0.193957 0.149284 0.319392 0.160213 -0.296270 0.109974 -0.032239 0.161265 0.346414 0.270782 
0.152907 0.292382 0.219704 0.148074 0.331783 0.206578 0.390218 0.450250 0.216954 0.205081 0.319140 0.225905 -0.295843 0.094967 0.042962 0.163636 0.375930 0.322609 
0.147423 0.302252 0.251043 0.144571 0.345122 0.242283 0.393137 0.470102 0.240422 0.208141 0.333656 0.254688 0.132132 0.380150 0.487460 -0.118796 0.213579 0.141309 
0.147649 0.315704 0.274064 0.143727 0.359691 0.267088 0.395332 0.491528 0.255037 0.208824 0.348117 0.275389 0.133387 0.402798 0.509660 -0.119739 0.222317 0.163670 
0.154657 0.331601 0.285326 0.146528 0.374678 0.281970 0.397872 0.514600 0.257289 0.208695 0.361597 0.285278 0.140197 0.427119 0.524045 -0.115014 0.232312 0.171257 
0.160665 0.347017 0.286394 0.148486 0.387848 0.288822 0.398984 0.536325 0.251026 0.202738 0.371047 0.283755 0.144604 0.446133 0.531600 -0.109869 0.242569 0.170011 
0.167555 0.361294 0.279882 0.152590 0.400551 0.288397 0.401402 0.558965 0.239669 0.200298 0.380660 0.275102 0.149502 0.458732 0.531882 -0.103837 0.252102 0.159210 
0.173596 0.374309 0.266720 0.156682 0.411339 0.281629 0.404976 0.582873 0.219814 0.193936 0.386545 0.256908 -0.262589 0.124198 0.095472 0.172024 0.482881 0.398352 
0.412468 0.609082 0.205997 0.164900 0.421470 0.278144 0.180260 0.384504 0.255923 0.192940 0.392482 0.239906 -0.245442 0.133662 0.066435 0.169262 0.478676 0.404253 
0.184906 0.391838 0.373412 0.418249 0.629964 0.209160 -0.225834 0.143837 0.039495 0.165882 0.469465 0.410892 0.234359 0.476624 0.128451 0.158006 0.421991 0.183604 
0.189478 0.396764 0.377445 0.422880 0.649346 0.217304 -0.203100 0.152456 0.017111 0.160818 0.453543 0.419010 0.237345 0.486508 0.129932 0.173790 0.436577 0.184959 
0.190492 0.398353 0.383075 0.424270 0.661353 0.230154 -0.182698 0.165243 -0.006743 0.151758 0.433719 0.425623 0.236871 0.492128 0.132115 0.185119 0.447641 0.188659 
0.189160 0.398992 0.384926 0.425016 0.676093 0.238774 0.234191 0.499279 0.128722 -0.162335 0.177060 -0.025620 0.193904 0.459986 0.190063 0.139614 0.414354 0.432390 
0.184210 0.397787 0.386342 0.424341 0.687731 0.249572 0.231304 0.505240 0.126666 -0.146382 0.192052 -0.047117 0.202791 0.473853 0.171816 
0.178041 0.397361 0.387039 0.423639 0.702935 0.260688 0.231062 0.514126 0.125731 -0.131495 0.206246 -0.065582 0.201377 0.480098 0.175400 
0.421638 0.714675 0.274588 0.231550 0.521331 0.127591 0.038260 0.287465 0.540080 0.185559 0.407118 0.418455 -0.118109 0.221622 -0.084213 0.198685 0.483628 0.180052 
0.419886 0.728565 0.286076 0.232096 0.529724 0.126279 0.015852 0.259357 0.526385 0.183009 0.406857 0.419291 -0.102948 0.239272 -0.103138 0.195870 0.487617 0.182169 
0.417068 0.737964 0.297769 0.231079 0.535729 0.123481 -0.007132 0.229856 0.506395 0.179276 0.404194 0.418348 -0.088696 0.257912 -0.122980 0.192057 0.489522 0.182924 
0.415021 0.749880 0.306642 0.228799 0.543803 0.114398 -0.036041 0.191201 0.471550 0.176381 0.400913 0.412670 -0.075166 0.280416 -0.146273 0.186441 0.491814 0.179457 
0.412584 0.760380 0.313125 -0.061931 0.152472 0.423997 0.175906 0.397541 0.402549 0.227261 0.552910 0.102858 -0.065013 0.305454 -0.172986 0.180512 0.493696 0.171821 
0.412285 0.773178 0.311176 -0.091170 0.115266 0.366301 0.176026 0.391549 0.383208 0.224044 0.564178 0.080278 -0.050324 0.333700 -0.199838 0.175725 0.497177 0.156033 
0.412049 0.779518 0.307202 -0.118920 0.088694 0.322628 0.173349 0.381077 0.363279 0.219536 0.573840 0.053447 -0.035161 0.349109 -0.211353 0.171746 0.498268 0.139458 
0.412065 0.776783 0.297895 -0.136536 0.077887 0.315453 0.167896 0.367361 0.349017 0.206447 0.577312 0.023653 -0.026004 0.345577 -0.201360 0.168267 0.496815 0.127838 
0.412523 0.765284 0.287717 0.190587 0.573085 -0.000071 -0.150468 0.067003 0.301983 0.164833 0.354521 0.338116 -0.021116 0.345789 -0.195780 0.164538 0.491497 0.119066 
0.416125 0.762813 0.279480 0.179056 0.573792 -0.020408 -0.170346 0.051778 0.277363 0.165829 0.345901 0.329159 -0.013144 0.352509 -0.190877 0.161259 0.487715 0.111881 
0.421684 0.768313 0.271381 0.174434 0.577024 -0.033543 -0.188947 0.038202 0.249282 0.171624 0.343832 0.322522 -0.009262 0.353770 -0.187655 0.159793 0.486236 0.106065 
0.431827 0.780083 0.258077 -0.214010 0.024966 0.214991 0.179995 0.343525 0.312777 0.171724 0.583254 -0.049816 -0.006598 0.356709 -0.186097 0.157910 0.485041 0.097246 
0.444438 0.795883 0.236881 -0.242169 0.015560 0.178073 0.191483 0.346520 0.299581 0.168623 0.590050 -0.068242 -0.006960 0.356500 -0.186170 0.156730 0.485601 0.085278 
0.458489 0.818140 0.209496 -0.276453 0.011950 0.137262 0.203796 0.351769 0.281969 0.161217 0.600924 -0.092334 -0.005191 0.356060 -0.184172 0.155980 0.489871 0.070504 
0.470446 0.845517 0.182784 -0.316627 0.018534 0.091451 0.217913 0.362694 0.264849 0.155124 0.614375 -0.112046 -0.003914 0.356660 -0.181353 0.155639 0.498236 0.057078 
0.480307 0.874305 0.157743 -0.363135 0.036424 0.044446 0.231737 0.375548 0.248348 0.150071 0.627396 -0.127143 -0.001024 0.365453 -0.178778 0.154271 0.507418 0.045491 
0.489430 0.892669 0.135275 -0.399404 0.058079 0.011908 0.245197 0.385384 0.233855 0.147633 0.634466 -0.138213 0.001244 0.371948 -0.177921 0.155067 0.513308 0.035621 
-0.427480 0.079995 -0.008229 0.497561 0.905458 0.110071 0.258675 0.391985 0.216718 0.140523 0.640629 -0.153336 0.004020 0.375476 -0.176278 0.156975 0.518005 0.024091 
-0.449505 0.100687 -0.018903 0.503552 0.917163 0.079368 0.271433 0.396220 0.196196 0.126860 0.645573 -0.171697 0.007291 0.376683 -0.173609 0.158885 0.522050 0.010488 
-0.473972 0.125722 -0.028161 0.512041 0.915899 0.077275 0.128017 0.645440 -0.172376 0.178350 0.294593 -0.039927 0.284511 0.400721 0.169447 0.010535 0.375695 -0.167334 0.162267 0.520993 0.012123 
0.518506 0.916676 0.076445 0.290694 0.400812 0.169035 0.154578 0.510982 0.033391 0.127681 0.646631 -0.174396 -0.494516 0.149963 -0.038260 0.182329 0.283899 -0.033312 
-0.523936 0.181567 -0.051649 0.177431 0.262706 -0.019804 0.149045 0.507837 0.035158 0.123189 0.648188 -0.177994 0.523487 0.917681 0.076107 0.290222 0.397185 0.169150 
-0.553684 0.213755 -0.063716 0.164476 0.238657 -0.005758 0.139369 0.504373 0.036907 0.117805 0.649726 -0.180972 0.525226 0.919012 0.076249 0.284705 0.392727 0.169633 
-0.585842 0.250073 -0.074538 0.143214 0.211180 0.009364 0.125451 0.499305 0.039223 0.117237 0.650381 -0.182570 0.524707 0.920062 0.077448 0.274939 0.387696 0.171339 
-0.612122 0.284601 -0.085542 0.120088 0.186003 0.024084 0.111367 0.495647 0.040882 0.111609 0.652574 -0.185455 0.523294 0.919960 0.079366 0.263740 0.382077 0.172198 
-0.633150 0.318468 -0.096015 0.094986 0.160706 0.039618 0.097641 0.491401 0.042563 0.104698 0.654571 -0.188966 0.522124 0.916912 0.082111 0.252284 0.375056 0.173113 
-0.646810 0.345813 -0.105229 0.072047 0.139465 0.051255 0.086358 0.486172 0.043388 0.097130 0.655057 -0.192735 0.521268 0.908984 0.085371 0.242184 0.366584 0.173130 
-0.657169 0.369895 -0.112285 0.048200 0.118699 0.061764 0.075674 0.479276 0.044415 0.091143 0.654523 -0.196565 0.520854 0.897108 0.089632 0.232290 0.356382 0.173308 
-0.664636 0.389368 -0.119673 0.026447 0.101631 0.067235 0.066379 0.472902 0.044185 0.087859 0.654615 -0.200134 0.520282 0.885629 0.094724 0.223121 0.346671 0.172152 
-0.671541 0.413137 -0.127491 0.520083 0.873642 0.099128 0.082271 0.655069 -0.203638 0.055857 0.466674 0.043865 0.001435 0.084061 0.073283 0.212638 0.336408 0.170377 
-0.677257 0.434070 -0.133223 0.519709 0.864418 0.104723 0.080447 0.656329 -0.205768 0.045957 0.461526 0.044244 -0.024012 0.068130 0.078313 0.202592 0.327673 0.169455 
-0.681143 0.438804 -0.134057 0.519239 0.856736 0.113910 0.083271 0.658249 -0.205495 0.037348 0.456728 0.047588 -0.048244 0.054546 0.085956 0.192599 0.319666 0.172568 
-0.683970 0.433446 -0.132762 0.518724 0.848894 0.124344 0.088195 0.659697 -0.203808 0.031026 0.452174 0.051402 -0.066990 0.044939 0.091388 0.184189 0.312361 0.176530 
-0.686391 0.425674 -0.129296 0.518053 0.841026 0.135373 0.094403 0.661158 -0.201468 0.025230 0.447492 0.055978 -0.085443 0.035688 0.097776 0.176432 0.305170 0.181142 
-0.688126 0.418808 -0.127403 0.517328 0.833198 0.143803 0.098992 0.662505 -0.200269 0.020631 0.443239 0.058238 -0.099473 0.028800 0.100465 0.170077 0.298451 0.182963 
-0.689710 0.410707 -0.124621 0.516469 0.826583 0.150172 0.102608 0.664886 -0.200414 0.015662 0.439291 0.059719 -0.114522 0.021564 0.104257 0.163634 0.291879 0.183583 
-0.690863 0.403805 -0.123649 0.515750 0.820509 0.153939 0.104496 0.667778 -0.202138 0.011184 0.435795 0.059042 -0.127125 0.015494 0.105449 0.157873 0.285643 0.181599 
-0.691806 0.395073 -0.121297 0.514924 0.815081 0.157722 0.106771 0.671458 -0.204013 0.006420 0.432316 0.058731 -0.141334 0.008803 0.108313 0.151932 0.279394 0.179783 
-0.691430 0.387966 -0.121522 0.514224 0.810080 0.161170 0.108131 0.675144 -0.205616 0.003146 0.429436 0.057335 -0.150650 0.003989 0.108092 0.147524 0.273953 0.176873 
-0.687629 0.378223 -0.123827 0.512964 0.807063 0.166619 0.110748 0.679371 -0.205694 0.003831 0.427752 0.055362 -0.153625 0.000603 0.103977 0.147461 0.270435 0.173393 
-0.680835 0.372350 -0.133091 0.511333 0.807997 0.172962 0.112928 0.685514 -0.205587 0.009606 0.428704 0.050081 -0.145709 0.000347 0.089181 0.153202 0.269933 0.165827 
-0.669533 0.370001 -0.151782 0.509674 0.811165 0.175631 0.112415 0.690851 -0.206923 0.020764 0.432166 0.039400 -0.124977 0.004834 0.062548 0.165091 0.272932 0.152841 
-0.662253 0.360668 -0.149906 0.109932 0.690659 -0.208939 0.024750 0.431487 0.038349 0.509775 0.811372 0.172292 -0.120439 0.003636 0.065072 0.170292 0.273103 0.151369 
-0.654267 0.354515 -0.149650 0.105071 0.687161 -0.211328 0.030543 0.431770 0.036374 0.510289 0.812793 0.164938 -0.111670 0.004349 0.066630 0.177804 0.275376 0.149860 
0.038332 0.433640 0.035315 0.101574 0.683723 -0.212259 -0.645832 0.349878 -0.148800 -0.099132 0.007803 0.066790 0.511058 0.815122 0.159001 0.187336 0.279763 0.149498 
0.049148 0.436820 0.035368 0.100231 0.678994 -0.210801 -0.635201 0.344963 -0.147565 -0.079074 0.015377 0.065152 0.511841 0.818432 0.154785 0.199820 0.286453 0.150985 
0.060432 0.440775 0.036638 0.101946 0.674931 -0.207492 -0.625419 0.341366 -0.145649 -0.057646 0.024341 0.062100 0.512935 0.823100 0.153254 0.212696 0.294199 0.153726 
0.072075 0.445677 0.038445 0.105780 0.672143 -0.203137 -0.614871 0.336105 -0.142875 -0.035902 0.033838 0.059018 0.513887 0.830010 0.153016 0.226009 0.303171 0.157012 
0.082701 0.450650 0.040458 0.110914 0.671579 -0.199259 -0.604101 0.325872 -0.137898 -0.018065 0.041071 0.057950 0.515000 0.838403 0.153141 0.238182 0.311789 0.160139 
0.093495 0.455571 0.042046 0.116219 0.671489 -0.195961 -0.590395 0.309042 -0.131045 -0.000163 0.048624 0.058118 0.516003 0.846560 0.152359 0.250015 0.320150 0.162962 
0.103133 0.460019 0.042649 0.120477 0.672364 -0.194262 -0.576673 0.292088 -0.123314 0.015696 0.055214 0.058523 0.517278 0.853927 0.150028 0.260718 0.327460 0.164172 
0.113639 0.464487 0.043743 0.126384 0.673364 -0.191775 -0.558522 0.269435 -0.113357 0.032984 0.062956 0.059834 0.518271 0.860864 0.148933 0.271611 0.334759 0.166273 
0.123920 0.468881 0.044951 0.133423 0.674809 -0.188855 -0.539912 0.247523 -0.102716 0.049175 0.070383 0.060118 0.519402 0.867417 0.148872 0.282141 0.341810 0.168272 
0.135671 0.473954 0.047319 0.144273 0.676359 -0.183286 -0.516749 0.222164 -0.090352 0.066749 0.079175 0.059498 0.520152 0.874580 0.151995 0.293490 0.349936 0.172027 
0.147215 0.479085 0.050115 0.156530 0.678165 -0.176623 -0.494127 0.199322 -0.077591 0.082318 0.086922 0.057274 0.521154 0.881627 0.156315 0.304764 0.358291 0.175919 
0.173223 0.680285 -0.166031 0.160102 0.485088 0.055495 0.521909 0.889415 0.164332 0.316941 0.368524 0.183163 -0.466932 0.173752 -0.060852 0.097952 0.094932 0.056179 
0.191791 0.682466 -0.153254 0.173372 0.491071 0.062588 0.523248 0.895293 0.174067 0.329614 0.379602 0.192280 -0.438154 0.149562 -0.041278 0.111463 0.101014 0.056426 
0.211030 0.684925 -0.139441 0.186756 0.497306 0.070114 0.524692 0.901041 0.183762 0.342636 0.391544 0.201758 -0.407964 0.127484 -0.020085 0.122985 0.105110 0.057880 
0.234364 0.688306 -0.120578 0.201763 0.504678 0.081156 0.525481 0.907988 0.197269 0.356355 0.405784 0.215633 -0.368833 0.101960 0.009261 0.134183 0.108493 0.064172 
0.525685 0.915688 0.211567 0.370913 0.422130 0.230139 0.257645 0.693223 -0.100065 0.217209 0.513402 0.092889 -0.327707 0.081894 0.039055 0.144175 0.109768 0.073592 
0.524568 0.922896 0.227581 0.384251 0.439185 0.246363 0.280630 0.698462 -0.076945 0.233462 0.523287 0.105444 -0.278281 0.063450 0.070744 0.158219 0.116040 0.082532 
0.523714 0.925826 0.242295 0.395108 0.453692 0.261045 0.299082 0.702019 -0.055880 0.247305 0.531527 0.116710 -0.235053 0.052453 0.096875 0.168368 0.119523 0.092058 
0.521840 0.926765 0.258740 0.402572 0.466518 0.277436 0.316457 0.704450 -0.032531 0.259238 0.538712 0.129241 -0.192666 0.043893 0.123786 0.175267 0.122053 0.102341 
0.519490 0.926412 0.275589 0.407827 0.478156 0.293915 0.331233 0.706437 -0.009320 0.268825 0.545027 0.141933 -0.159374 0.039925 0.145746 0.178455 0.121625 0.113184 
0.515111 0.928167 0.294596 0.411213 0.490911 0.313349 0.346250 0.709393 0.017968 0.277827 0.552245 0.157103 -0.123488 0.037890 0.171683 0.180421 0.121148 0.127702 
0.510355 0.932298 0.312502 0.414201 0.503917 0.331468 0.358486 0.714080 0.043210 0.286149 0.560681 0.171483 -0.093357 0.039045 0.192929 0.184412 0.122699 0.139304 
0.504267 0.940683 0.328522 0.416501 0.518654 0.349222 0.369469 0.721326 0.068187 0.293792 0.570909 0.185885 -0.060050 0.042805 0.218168 0.187237 0.124132 0.156074 
0.498217 0.950102 0.338595 0.419450 0.535112 0.363318 0.376425 0.729021 0.087880 0.300669 0.582563 0.197488 -0.030280 0.049632 0.241873 0.191463 0.127428 0.172020 
0.492273 0.960840 0.347041 0.422421 0.553215 0.377514 0.382222 0.737589 0.106498 0.308215 0.596067 0.209121 0.005784 0.061009 0.269117 0.198091 0.134221 0.191553 
0.487811 0.972852 0.351260 0.425605 0.572377 0.389416 0.387129 0.746803 0.121901 0.315328 0.610173 0.218723 0.038206 0.075024 0.293859 0.206207 0.143452 0.209497 
0.482975 0.987680 0.354427 0.428234 0.593873 0.401392 0.391866 0.758619 0.137224 0.322004 0.626148 0.228713 0.071916 0.092490 0.320803 0.213723 0.153395 0.231251 
0.479004 1.004167 0.354365 0.431049 0.616557 0.411277 0.396181 0.771729 0.149827 0.328271 0.642900 0.236912 0.101596 0.111308 0.345166 0.222174 0.164953 0.250834 
0.474438 1.022708 0.353485 0.433433 0.641452 0.421278 0.399976 0.786876 0.162035 0.334525 0.661801 0.245373 0.134261 0.134738 0.371784 0.231142 0.178746 0.273255 
0.470651 1.042163 0.349513 0.436026 0.667388 0.429303 0.403275 0.802676 0.171473 0.340204 0.681098 0.252181 0.048217 0.107665 0.242235 0.189993 0.171034 0.262501 
0.466527 1.063355 0.344072 0.438134 0.695209 0.436549 0.405722 0.819978 0.179479 0.345995 0.702833 0.258499 0.058898 0.116862 0.274580 0.216932 0.193592 0.286347 
0.463490 1.085356 0.335095 0.440586 0.723685 0.441021 0.407112 0.837252 0.183233 0.351566 0.725720 0.262575 0.242753 0.218811 0.308600 
0.359850 0.760209 0.411482 0.459853 1.109242 0.323571 0.442427 0.754309 0.443660 0.270449 0.248445 0.328322 
0.295652 0.279155 0.345437 0.459257 1.132559 0.307392 0.445110 0.785862 0.442647 0.366705 0.793190 0.410395 
0.323433 0.312166 0.359506 0.458712 1.161139 0.288630 0.449652 0.817854 0.438798 0.375327 0.828800 0.407523 
0.349934 0.344365 0.369283 0.459367 1.191099 0.265248 0.457286 0.849229 0.430830 0.386149 0.864386 0.400963 
0.390048 0.872343 0.357002 0.461123 1.217952 0.239939 0.479190 0.914378 0.444777 0.386558 0.388585 0.366729 
0.400198 0.894708 0.351097 0.461717 1.237617 0.224624 0.490279 0.938498 0.434966 0.420672 0.434453 0.358351 0.315497 0.346030 0.300262 
0.406096 0.913703 0.348491 0.461002 1.256294 0.220195 0.496550 0.959101 0.431171 0.154399 0.219556 0.328977 0.476481 0.491783 0.468359 
