0.003630 0.000789 0.999993 0.000142 -0.000657 1.000000 -0.000117 0.000459 1.000000 -0.000992 -0.000580 0.999999 0.000065 0.000015 1.000000 0.000359 0.000209 1.000000 
0.002829 0.000622 0.999996 0.000241 -0.001107 0.999999 -0.000375 0.001438 0.999999 -0.001032 -0.000605 0.999999 0.000110 0.000026 1.000000 0.000337 0.000196 1.000000 
0.002528 0.000579 0.999997 0.000440 -0.001935 0.999998 -0.000421 0.001551 0.999999 -0.001082 -0.000638 0.999999 -0.000013 -0.000003 1.000000 0.000416 0.000243 1.000000 
0.002109 0.000486 0.999998 0.000346 -0.001513 0.999999 -0.000256 0.000939 1.000000 -0.000906 -0.000535 0.999999 -0.000153 -0.000038 1.000000 0.000293 0.000171 1.000000 
0.001754 0.000404 0.999998 0.000104 -0.000453 1.000000 -0.000142 0.000528 1.000000 -0.000763 -0.000452 1.000000 -0.000050 -0.000012 1.000000 -0.000008 -0.000005 1.000000 
0.003100 0.000708 0.999995 -0.000075 0.000329 1.000000 -0.000112 0.000422 1.000000 -0.000973 -0.000576 0.999999 -0.000225 -0.000054 1.000000 0.000076 0.000044 1.000000 
0.004014 0.000902 0.999992 -0.000943 0.004230 0.999991 0.000001 -0.000006 1.000000 -0.000427 -0.000252 1.000000 -0.000047 -0.000011 1.000000 -0.000015 -0.000009 1.000000 
0.003671 0.000797 0.999993 -0.002312 0.010736 0.999940 -0.000023 0.000089 1.000000 0.000987 0.000582 0.999999 0.000102 0.000024 1.000000 -0.000027 -0.000016 1.000000 
0.003368 0.000714 0.999994 -0.003344 0.015911 0.999868 -0.000021 0.000081 1.000000 0.002103 0.001238 0.999997 0.000091 0.000021 1.000000 -0.000026 -0.000015 1.000000 
0.003240 0.000668 0.999995 -0.004159 0.020347 0.999784 -0.000016 0.000062 1.000000 0.003063 0.001800 0.999994 0.000083 0.000019 1.000000 0.000022 0.000013 1.000000 
0.004107 0.000843 0.999991 -0.004538 0.022305 0.999741 -0.000010 0.000039 1.000000 0.003539 0.002078 0.999992 0.000068 0.000015 1.000000 0.000383 0.000222 1.000000 
0.004817 0.000994 0.999988 -0.004708 0.022998 0.999724 0.000003 -0.000014 1.000000 0.003769 0.002213 0.999990 0.000090 0.000020 1.000000 0.000679 0.000394 1.000000 
0.005884 0.001238 0.999982 -0.004665 0.022347 0.999739 0.000010 -0.000039 1.000000 0.003724 0.002188 0.999991 0.000078 0.000017 1.000000 0.001090 0.000634 0.999999 
0.005707 0.001217 0.999983 -0.004592 0.021714 0.999754 0.000025 -0.000101 1.000000 0.003669 0.002157 0.999991 0.000063 0.000014 1.000000 0.001094 0.000638 0.999999 
0.005553 0.001204 0.999984 -0.004344 0.020188 0.999787 -0.000048 0.000192 1.000000 0.003583 0.002107 0.999991 0.000036 0.000008 1.000000 0.001327 0.000776 0.999999 
0.004973 0.001091 0.999987 -0.004099 0.018826 0.999814 0.000011 -0.000045 1.000000 0.003350 0.001971 0.999992 -0.000124 -0.000028 1.000000 0.001184 0.000693 0.999999 
0.004659 0.001035 0.999989 -0.003810 0.017295 0.999843 0.000019 -0.000075 1.000000 0.003079 0.001813 0.999994 -0.000118 -0.000027 1.000000 0.001109 0.000651 0.999999 
0.004085 0.000909 0.999991 -0.003711 0.016809 0.999852 0.000032 -0.000127 1.000000 0.003008 0.001772 0.999994 -0.000115 -0.000026 1.000000 0.000945 0.000555 0.999999 
0.003885 0.000865 0.999992 -0.003720 0.016838 0.999851 0.000041 -0.000162 1.000000 0.003036 0.001789 0.999994 -0.000114 -0.000026 1.000000 0.000898 0.000528 0.999999 
0.003660 0.000808 0.999993 -0.003971 0.018128 0.999828 0.000301 -0.001192 0.999999 0.003590 0.002116 0.999991 0.000820 0.000186 1.000000 0.000634 0.000372 1.000000 
0.003673 0.000805 0.999993 -0.004209 0.019367 0.999804 0.000376 -0.001486 0.999999 0.003775 0.002225 0.999990 -0.000285 -0.000065 1.000000 0.000865 0.000507 0.999999 
0.004198 0.000910 0.999991 -0.004508 0.020976 0.999770 0.000350 -0.001384 0.999999 0.004092 0.002410 0.999989 -0.000260 -0.000059 1.000000 0.001042 0.000609 0.999999 
0.005189 0.001114 0.999986 -0.004736 0.022241 0.999741 0.001463 -0.005794 0.999982 0.005088 0.002998 0.999983 0.000272 0.000062 1.000000 0.001058 0.000619 0.999999 
0.006841 0.001449 0.999976 -0.004936 0.023491 0.999712 0.001335 -0.005284 0.999985 0.005264 0.003101 0.999981 0.000231 0.000052 1.000000 0.001621 0.000946 0.999998 
0.008870 0.001869 0.999959 -0.005054 0.024170 0.999695 0.001653 -0.006560 0.999977 0.005626 0.003314 0.999979 0.000077 0.000017 1.000000 0.002277 0.001328 0.999997 
0.010554 0.002214 0.999942 -0.005104 0.024510 0.999687 0.001507 -0.005981 0.999981 0.005615 0.003307 0.999979 0.000056 0.000013 1.000000 0.002845 0.001659 0.999995 
0.012168 0.002561 0.999923 -0.005084 0.024329 0.999691 0.001379 -0.005473 0.999984 0.005511 0.003247 0.999980 0.000033 0.000007 1.000000 0.003388 0.001976 0.999992 
0.013372 0.002828 0.999907 -0.005031 0.023962 0.999700 0.001283 -0.005101 0.999986 0.005398 0.003180 0.999980 0.000087 0.000020 1.000000 0.003776 0.002205 0.999990 
0.014306 0.003050 0.999893 -0.004931 0.023294 0.999716 0.001192 -0.004739 0.999988 0.005223 0.003078 0.999982 0.000107 0.000024 1.000000 0.004086 0.002389 0.999989 
0.014961 0.003227 0.999883 -0.004785 0.022335 0.999739 0.001095 -0.004354 0.999990 0.004982 0.002937 0.999983 0.000078 0.000018 1.000000 0.004319 0.002530 0.999987 
0.015440 0.003371 0.999875 -0.004641 0.021402 0.999760 0.001578 -0.006266 0.999979 0.004817 0.002844 0.999984 -0.001105 -0.000250 0.999999 0.004471 0.002626 0.999987 
0.016071 0.003526 0.999865 -0.004563 0.020942 0.999770 0.001614 -0.006410 0.999978 0.005208 0.003076 0.999982 0.001104 0.000250 0.999999 0.004435 0.002608 0.999987 
0.016494 0.003639 0.999857 -0.004473 0.020414 0.999782 0.001926 -0.007640 0.999969 0.005000 0.002956 0.999983 -0.000681 -0.000154 1.000000 0.004770 0.002808 0.999985 
0.016957 0.003750 0.999849 -0.004422 0.020129 0.999788 0.001754 -0.006957 0.999974 0.004858 0.002872 0.999984 -0.000619 -0.000140 1.000000 0.004945 0.002912 0.999984 
0.017668 0.003900 0.999836 -0.004448 0.020284 0.999784 0.001578 -0.006257 0.999979 0.004802 0.002839 0.999984 -0.000555 -0.000126 1.000000 0.005200 0.003062 0.999982 
0.018491 0.004061 0.999821 -0.004521 0.020719 0.999775 0.001448 -0.005738 0.999982 0.004820 0.002849 0.999984 -0.000507 -0.000115 1.000000 0.005477 0.003222 0.999980 
0.019485 0.004255 0.999801 -0.004592 0.021165 0.999765 0.001334 -0.005288 0.999985 0.004861 0.002873 0.999984 -0.000460 -0.000104 1.000000 0.005818 0.003420 0.999977 
0.020408 0.004421 0.999782 -0.004664 0.021667 0.999754 0.001276 -0.005054 0.999986 0.004888 0.002888 0.999984 -0.000405 -0.000092 1.000000 0.006065 0.003560 0.999975 
0.021256 0.004572 0.999764 -0.004720 0.022079 0.999745 0.001380 -0.005467 0.999984 0.004919 0.002905 0.999984 -0.000363 -0.000082 1.000000 0.006184 0.003626 0.999974 
0.021699 0.004636 0.999754 -0.004792 0.022567 0.999734 0.001478 -0.005853 0.999982 0.004992 0.002949 0.999983 -0.000325 -0.000074 1.000000 0.006213 0.003640 0.999974 
0.022294 0.004726 0.999740 -0.004868 0.023106 0.999721 0.001554 -0.006156 0.999980 0.005053 0.002984 0.999983 -0.000293 -0.000066 1.000000 0.006285 0.003677 0.999973 
0.022041 0.004639 0.999746 -0.004959 0.023705 0.999707 0.001613 -0.006392 0.999978 0.005180 0.003059 0.999982 -0.000264 -0.000060 1.000000 0.006162 0.003602 0.999975 
0.022231 0.004662 0.999742 -0.005000 0.023988 0.999700 0.001640 -0.006500 0.999978 0.005196 0.003068 0.999982 -0.000227 -0.000051 1.000000 0.006149 0.003592 0.999975 
0.022225 0.004660 0.999742 -0.005023 0.024100 0.999697 0.001612 -0.006387 0.999978 0.005179 0.003057 0.999982 -0.000209 -0.000047 1.000000 0.006124 0.003577 0.999975 
0.022261 0.004668 0.999741 -0.005059 0.024274 0.999693 0.001577 -0.006249 0.999979 0.005187 0.003062 0.999982 -0.000154 -0.000035 1.000000 0.006119 0.003575 0.999975 
0.022323 0.004681 0.999740 -0.005106 0.024497 0.999687 0.001520 -0.006024 0.999981 0.005197 0.003068 0.999982 -0.000145 -0.000033 1.000000 0.006147 0.003591 0.999975 
0.022584 0.004735 0.999734 -0.005168 0.024795 0.999679 0.001450 -0.005747 0.999982 0.005243 0.003095 0.999981 -0.000103 -0.000023 1.000000 0.006256 0.003655 0.999974 
0.023047 0.004831 0.999723 -0.005240 0.025145 0.999670 0.001371 -0.005434 0.999984 0.005295 0.003126 0.999981 -0.000057 -0.000013 1.000000 0.006432 0.003757 0.999972 
0.023674 0.004959 0.999707 -0.005326 0.025569 0.999659 0.001305 -0.005168 0.999986 0.005375 0.003174 0.999981 -0.000006 -0.000001 1.000000 0.006662 0.003891 0.999970 
0.024397 0.005106 0.999689 -0.005406 0.025970 0.999648 0.000740 -0.002911 0.999995 0.005323 0.003146 0.999981 0.000203 0.000046 1.000000 0.007148 0.004174 0.999966 
0.024809 0.005200 0.999679 -0.005468 0.026229 0.999641 0.000395 -0.001546 0.999999 0.005313 0.003142 0.999981 0.000172 0.000040 1.000000 0.007502 0.004382 0.999962 
0.025354 0.005313 0.999664 -0.005555 0.026647 0.999629 0.000312 -0.001222 0.999999 0.005402 0.003195 0.999980 0.000180 0.000042 1.000000 0.007741 0.004521 0.999960 
0.025800 0.005405 0.999653 -0.005643 0.027075 0.999617 0.000212 -0.000831 1.000000 0.005477 0.003239 0.999980 0.000089 0.000020 1.000000 0.007978 0.004660 0.999957 
0.025959 0.005431 0.999648 -0.005721 0.027480 0.999606 0.000861 -0.003367 0.999994 0.005883 0.003483 0.999977 -0.000645 -0.000149 1.000000 0.008080 0.004723 0.999956 
0.025571 0.005338 0.999659 -0.005790 0.027876 0.999595 0.001255 -0.004909 0.999987 0.006484 0.003842 0.999972 -0.000124 -0.000029 1.000000 0.008019 0.004690 0.999957 
0.026412 0.005512 0.999636 -0.005858 0.028209 0.999585 0.001170 -0.004578 0.999989 0.006466 0.003831 0.999972 -0.000122 -0.000028 1.000000 0.008262 0.004832 0.999954 
0.026946 0.005613 0.999621 -0.005959 0.028746 0.999569 0.001080 -0.004224 0.999990 0.006495 0.003848 0.999972 -0.000115 -0.000027 1.000000 0.008420 0.004923 0.999952 
0.027165 0.005642 0.999615 -0.006074 0.029384 0.999550 0.000992 -0.003879 0.999992 0.006548 0.003879 0.999971 -0.000109 -0.000025 1.000000 0.008484 0.004958 0.999952 
0.026846 0.005560 0.999624 -0.006192 0.030038 0.999530 0.000965 -0.003772 0.999992 0.006602 0.003911 0.999971 -0.000550 -0.000127 1.000000 0.008470 0.004948 0.999952 
0.026469 0.005463 0.999635 -0.006294 0.030636 0.999511 0.001188 -0.004648 0.999988 0.006824 0.004044 0.999969 -0.000712 -0.000164 1.000000 0.008333 0.004869 0.999953 
0.026486 0.005460 0.999634 -0.006399 0.031184 0.999493 0.001096 -0.004286 0.999990 0.006891 0.004085 0.999968 -0.000637 -0.000147 1.000000 0.008348 0.004877 0.999953 
0.026293 0.005412 0.999640 -0.006487 0.031658 0.999478 0.001154 -0.004512 0.999989 0.006990 0.004145 0.999967 -0.000632 -0.000146 1.000000 0.008246 0.004819 0.999954 
0.026525 0.005456 0.999633 -0.006574 0.032098 0.999463 0.001058 -0.004136 0.999991 0.007013 0.004158 0.999967 -0.000572 -0.000132 1.000000 0.008311 0.004856 0.999954 
0.026511 0.005449 0.999634 -0.006658 0.032534 0.999448 0.000969 -0.003790 0.999992 0.007050 0.004181 0.999966 -0.000461 -0.000106 1.000000 0.008293 0.004845 0.999954 
0.026167 0.005376 0.999643 -0.006734 0.032921 0.999435 0.000974 -0.003811 0.999992 0.007294 0.004327 0.999964 0.000437 0.000101 1.000000 0.008068 0.004716 0.999956 
0.025935 0.005328 0.999649 -0.006808 0.033284 0.999423 0.000894 -0.003498 0.999993 0.007292 0.004327 0.999964 0.000378 0.000087 1.000000 0.008003 0.004679 0.999957 
0.025501 0.005239 0.999661 -0.006875 0.033611 0.999411 0.000858 -0.003354 0.999994 0.007334 0.004354 0.999964 0.000462 0.000106 1.000000 0.007846 0.004590 0.999959 
0.025081 0.005152 0.999672 -0.006939 0.033930 0.999400 0.000913 -0.003570 0.999993 0.007329 0.004353 0.999964 -0.000002 -0.000000 1.000000 0.007748 0.004534 0.999960 
0.024708 0.005075 0.999682 -0.007008 0.034273 0.999388 0.000855 -0.003346 0.999994 0.007377 0.004383 0.999963 0.000123 0.000028 1.000000 0.007617 0.004459 0.999961 
0.024320 0.004995 0.999692 -0.007081 0.034630 0.999375 0.000827 -0.003234 0.999994 0.007359 0.004374 0.999963 -0.000577 -0.000133 1.000000 0.007648 0.004479 0.999961 
0.023957 0.004920 0.999701 -0.007158 0.035015 0.999361 0.000793 -0.003101 0.999995 0.007433 0.004420 0.999963 -0.000389 -0.000090 1.000000 0.007500 0.004394 0.999962 
0.022793 0.004677 0.999729 -0.007224 0.035373 0.999348 0.001047 -0.004091 0.999991 0.007597 0.004522 0.999961 -0.001260 -0.000290 0.999999 0.007305 0.004284 0.999964 
0.023039 0.004725 0.999723 -0.007309 0.035804 0.999332 0.000971 -0.003796 0.999992 0.007641 0.004549 0.999960 -0.001092 -0.000252 0.999999 0.007347 0.004309 0.999964 
0.022992 0.004713 0.999725 -0.007397 0.036255 0.999315 0.000794 -0.003102 0.999995 0.007888 0.004698 0.999958 0.000026 0.000006 1.000000 0.007281 0.004271 0.999964 
0.023102 0.004734 0.999722 -0.007477 0.036649 0.999300 0.000728 -0.002846 0.999996 0.007902 0.004707 0.999958 0.000016 0.000004 1.000000 0.007305 0.004286 0.999964 
0.022721 0.004655 0.999731 -0.007549 0.037014 0.999286 0.000775 -0.003028 0.999995 0.008056 0.004801 0.999956 0.000441 0.000102 1.000000 0.007097 0.004166 0.999966 
0.022245 0.004556 0.999742 -0.007613 0.037340 0.999274 0.000776 -0.003032 0.999995 0.008020 0.004781 0.999956 -0.000318 -0.000073 1.000000 0.007084 0.004159 0.999966 
0.022298 0.004567 0.999741 -0.007678 0.037660 0.999261 0.000714 -0.002787 0.999996 0.008027 0.004786 0.999956 -0.000290 -0.000067 1.000000 0.007084 0.004160 0.999966 
0.022202 0.004547 0.999743 -0.007734 0.037935 0.999250 0.000655 -0.002557 0.999997 0.008032 0.004789 0.999956 -0.000254 -0.000059 1.000000 0.007038 0.004133 0.999967 
0.021554 0.004414 0.999758 -0.007785 0.038191 0.999240 0.001379 -0.005384 0.999985 0.008517 0.005086 0.999951 0.000679 0.000157 1.000000 0.006409 0.003770 0.999972 
0.021426 0.004387 0.999761 -0.007846 0.038491 0.999228 0.001226 -0.004781 0.999988 0.008352 0.004987 0.999953 -0.000593 -0.000137 1.000000 0.006665 0.003919 0.999970 
0.021319 0.004365 0.999763 -0.007917 0.038844 0.999214 0.001154 -0.004501 0.999989 0.008402 0.005018 0.999952 -0.000383 -0.000089 1.000000 0.006602 0.003882 0.999971 
0.021089 0.004318 0.999768 -0.007986 0.039182 0.999200 0.001075 -0.004190 0.999991 0.008431 0.005036 0.999952 -0.000252 -0.000058 1.000000 0.006511 0.003829 0.999971 
0.021075 0.004315 0.999769 -0.008065 0.039566 0.999184 0.000988 -0.003850 0.999992 0.008458 0.005053 0.999951 -0.000170 -0.000039 1.000000 0.006500 0.003823 0.999972 
0.020950 0.004290 0.999771 -0.008133 0.039900 0.999171 0.000905 -0.003527 0.999993 0.008480 0.005066 0.999951 -0.000111 -0.000026 1.000000 0.006462 0.003801 0.999972 
0.020849 0.004269 0.999774 -0.008207 0.040261 0.999155 0.000825 -0.003214 0.999994 0.008496 0.005077 0.999951 -0.000103 -0.000024 1.000000 0.006435 0.003786 0.999972 
0.020583 0.004215 0.999779 -0.008269 0.040565 0.999143 0.000776 -0.003026 0.999995 0.008538 0.005103 0.999951 -0.000001 -0.000000 1.000000 0.006337 0.003729 0.999973 
0.020145 0.004127 0.999789 -0.008273 0.040568 0.999143 0.000814 -0.003172 0.999995 0.008797 0.005260 0.999947 0.001075 0.000249 0.999999 0.006091 0.003585 0.999975 
0.019674 0.004031 0.999798 -0.008361 0.040998 0.999124 0.000491 -0.001912 0.999998 0.008561 0.005119 0.999950 -0.000601 -0.000139 1.000000 0.006402 0.003769 0.999972 
0.019665 0.004030 0.999798 -0.008407 0.041214 0.999115 0.000448 -0.001744 0.999998 0.008552 0.005116 0.999950 -0.000627 -0.000145 1.000000 0.006389 0.003762 0.999973 
0.019520 0.004000 0.999801 -0.008429 0.041321 0.999110 0.000539 -0.002097 0.999998 0.008871 0.005309 0.999947 0.000700 0.000162 1.000000 0.006154 0.003625 0.999974 
0.018757 0.003845 0.999817 -0.008484 0.041588 0.999099 0.000559 -0.002175 0.999997 0.008917 0.005340 0.999946 0.000477 0.000110 1.000000 0.005960 0.003513 0.999976 
0.019546 0.004006 0.999801 -0.008722 0.042747 0.999048 0.000496 -0.001929 0.999998 0.008763 0.005250 0.999948 0.000426 0.000099 1.000000 0.005883 0.003469 0.999977 
0.019464 0.003989 0.999803 -0.008752 0.042894 0.999041 0.000461 -0.001791 0.999998 0.008767 0.005252 0.999948 0.000375 0.000087 1.000000 0.005875 0.003464 0.999977 
0.018447 0.003783 0.999823 -0.008797 0.043104 0.999032 0.000679 -0.002636 0.999996 0.009169 0.005498 0.999943 0.001142 0.000265 0.999999 0.005505 0.003249 0.999980 
0.018406 0.003774 0.999823 -0.008822 0.043231 0.999026 0.000621 -0.002412 0.999997 0.009136 0.005478 0.999943 0.001026 0.000238 0.999999 0.005514 0.003255 0.999980 
0.018327 0.003758 0.999825 -0.008857 0.043400 0.999019 0.000574 -0.002230 0.999997 0.009116 0.005466 0.999944 0.000919 0.000213 1.000000 0.005506 0.003249 0.999980 
0.018246 0.003741 0.999827 -0.008892 0.043577 0.999010 0.000522 -0.002026 0.999998 0.009114 0.005466 0.999944 0.000900 0.000209 1.000000 0.005490 0.003240 0.999980 
0.018179 0.003728 0.999828 -0.008913 0.043674 0.999006 0.000484 -0.001877 0.999998 0.009102 0.005458 0.999944 0.000849 0.000197 1.000000 0.005483 0.003236 0.999980 
0.017779 0.003646 0.999835 -0.008976 0.043980 0.998992 0.000446 -0.001729 0.999998 0.009153 0.005490 0.999943 0.000759 0.000176 1.000000 0.005405 0.003191 0.999980 
0.017544 0.003598 0.999840 -0.009012 0.044150 0.998984 0.000403 -0.001564 0.999999 0.009163 0.005497 0.999943 0.000682 0.000158 1.000000 0.005365 0.003167 0.999981 
0.017086 0.003505 0.999848 -0.009059 0.044374 0.998974 0.000372 -0.001441 0.999999 0.009214 0.005529 0.999942 0.000610 0.000142 1.000000 0.005274 0.003115 0.999981 
0.017026 0.003493 0.999849 -0.009078 0.044466 0.998970 0.000326 -0.001265 0.999999 0.009190 0.005515 0.999943 0.000558 0.000130 1.000000 0.005264 0.003109 0.999981 
0.016685 0.003424 0.999855 -0.009109 0.044612 0.998963 0.000301 -0.001168 0.999999 0.009217 0.005532 0.999942 0.000497 0.000115 1.000000 0.005192 0.003067 0.999982 
0.016325 0.003351 0.999861 -0.009123 0.044674 0.998960 0.000249 -0.000965 1.000000 0.009198 0.005522 0.999942 0.000152 0.000035 1.000000 0.005198 0.003071 0.999982 
0.016317 0.003349 0.999861 -0.009133 0.044721 0.998958 0.000236 -0.000916 1.000000 0.009175 0.005508 0.999943 0.000124 0.000029 1.000000 0.005182 0.003061 0.999982 
0.016298 0.003345 0.999862 -0.009140 0.044756 0.998956 0.000228 -0.000885 1.000000 0.009157 0.005497 0.999943 0.000112 0.000026 1.000000 0.005160 0.003048 0.999982 
0.016183 0.003322 0.999864 -0.009145 0.044778 0.998955 0.000542 -0.002099 0.999998 0.009509 0.005711 0.999938 0.001139 0.000265 0.999999 0.004903 0.002898 0.999984 
0.016098 0.003305 0.999865 -0.009164 0.044871 0.998951 0.000488 -0.001890 0.999998 0.009465 0.005685 0.999939 0.001017 0.000237 0.999999 0.004894 0.002893 0.999984 
0.016018 0.003288 0.999866 -0.009193 0.045014 0.998944 0.000446 -0.001729 0.999998 0.009438 0.005668 0.999939 0.000902 0.000210 1.000000 0.004881 0.002885 0.999984 
0.015585 0.003201 0.999873 -0.009239 0.045214 0.998935 0.000343 -0.001327 0.999999 0.009450 0.005677 0.999939 0.000824 0.000192 1.000000 0.004822 0.002851 0.999984 
0.015483 0.003180 0.999875 -0.009250 0.045268 0.998932 0.000316 -0.001225 0.999999 0.009418 0.005658 0.999940 0.000739 0.000172 1.000000 0.004794 0.002834 0.999984 
0.015419 0.003167 0.999876 -0.009268 0.045356 0.998928 0.000296 -0.001144 0.999999 0.009398 0.005646 0.999940 0.000690 0.000161 1.000000 0.004768 0.002819 0.999985 
0.015224 0.003127 0.999879 -0.009279 0.045413 0.998925 0.000272 -0.001052 0.999999 0.009370 0.005629 0.999940 0.000370 0.000086 1.000000 0.004786 0.002829 0.999985 
0.015171 0.003117 0.999880 -0.009277 0.045401 0.998926 0.000249 -0.000964 1.000000 0.009338 0.005610 0.999941 0.000332 0.000077 1.000000 0.004768 0.002819 0.999985 
0.014692 0.003019 0.999888 -0.009320 0.045604 0.998916 0.000434 -0.001679 0.999998 0.009629 0.005788 0.999937 0.001105 0.000257 0.999999 0.004480 0.002650 0.999986 
0.014675 0.003016 0.999888 -0.009329 0.045647 0.998914 0.000360 -0.001392 0.999999 0.009580 0.005758 0.999938 0.001033 0.000240 0.999999 0.004497 0.002660 0.999986 
0.014540 0.002988 0.999890 -0.009344 0.045719 0.998911 0.000329 -0.001272 0.999999 0.009544 0.005737 0.999938 0.000913 0.000213 1.000000 0.004465 0.002641 0.999987 
0.014303 0.002940 0.999893 -0.009358 0.045783 0.998908 0.000276 -0.001067 0.999999 0.009514 0.005719 0.999938 0.000856 0.000199 1.000000 0.004406 0.002606 0.999987 
0.013984 0.002876 0.999898 -0.009374 0.045839 0.998905 0.000039 -0.000152 1.000000 0.009285 0.005582 0.999941 -0.000428 -0.000100 1.000000 0.004655 0.002753 0.999985 
0.013663 0.002810 0.999903 -0.009361 0.045770 0.998908 0.000165 -0.000638 1.000000 0.009507 0.005717 0.999938 0.000317 0.000074 1.000000 0.004455 0.002636 0.999987 
0.013668 0.002811 0.999903 -0.009365 0.045793 0.998907 0.000158 -0.000612 1.000000 0.009472 0.005695 0.999939 0.000281 0.000065 1.000000 0.004433 0.002623 0.999987 
0.013653 0.002808 0.999903 -0.009370 0.045815 0.998906 0.000152 -0.000586 1.000000 0.009440 0.005676 0.999939 0.000246 0.000057 1.000000 0.004407 0.002608 0.999987 
0.013618 0.002801 0.999903 -0.009365 0.045789 0.998907 0.000149 -0.000575 1.000000 0.009410 0.005658 0.999940 0.000238 0.000055 1.000000 0.004375 0.002589 0.999987 
0.013599 0.002797 0.999904 -0.009369 0.045806 0.998906 0.000144 -0.000555 1.000000 0.009382 0.005641 0.999940 0.000206 0.000048 1.000000 0.004352 0.002575 0.999987 
0.013597 0.002797 0.999904 -0.009369 0.045807 0.998906 0.000114 -0.000441 1.000000 0.009347 0.005620 0.999941 0.000185 0.000043 1.000000 0.004345 0.002571 0.999987 
0.013585 0.002795 0.999904 -0.009371 0.045815 0.998906 0.000111 -0.000430 1.000000 0.009324 0.005606 0.999941 0.000161 0.000038 1.000000 0.004326 0.002560 0.999987 
0.013577 0.002793 0.999904 -0.009372 0.045821 0.998906 0.000109 -0.000421 1.000000 0.009303 0.005594 0.999941 0.000139 0.000032 1.000000 0.004310 0.002550 0.999987 
0.013570 0.002791 0.999904 -0.009373 0.045824 0.998906 0.000111 -0.000427 1.000000 0.009291 0.005587 0.999941 0.000156 0.000036 1.000000 0.004289 0.002537 0.999988 
0.013440 0.002765 0.999906 -0.009381 0.045860 0.998904 0.000108 -0.000416 1.000000 0.009292 0.005588 0.999941 0.000131 0.000031 1.000000 0.004251 0.002516 0.999988 
0.013248 0.002726 0.999909 -0.009372 0.045806 0.998906 0.000301 -0.001162 0.999999 0.009563 0.005753 0.999938 0.001117 0.000261 0.999999 0.004010 0.002373 0.999989 
0.013010 0.002678 0.999912 -0.009375 0.045811 0.998906 0.000263 -0.001014 0.999999 0.009526 0.005731 0.999938 0.001004 0.000234 0.999999 0.003961 0.002345 0.999989 
0.012548 0.002585 0.999918 -0.009355 0.045674 0.998913 0.000398 -0.001536 0.999999 0.009507 0.005721 0.999938 0.000279 0.000065 1.000000 0.003944 0.002336 0.999989 
0.012537 0.002583 0.999918 -0.009360 0.045696 0.998912 0.000372 -0.001437 0.999999 0.009471 0.005700 0.999939 0.000243 0.000057 1.000000 0.003931 0.002328 0.999990 
0.012551 0.002586 0.999918 -0.009370 0.045742 0.998909 0.000338 -0.001302 0.999999 0.009440 0.005681 0.999939 0.000215 0.000050 1.000000 0.003931 0.002328 0.999990 
0.012286 0.002534 0.999921 -0.009289 0.045301 0.998930 0.000482 -0.001859 0.999998 0.009578 0.005765 0.999938 0.000550 0.000128 1.000000 0.003854 0.002282 0.999990 
0.013593 0.002803 0.999904 -0.009503 0.046337 0.998881 0.000446 -0.001719 0.999998 0.009329 0.005617 0.999941 0.000491 0.000115 1.000000 0.003851 0.002281 0.999990 
0.013566 0.002798 0.999904 -0.009520 0.046414 0.998877 0.000400 -0.001542 0.999999 0.009331 0.005618 0.999941 0.000452 0.000106 1.000000 0.003877 0.002297 0.999990 
0.013544 0.002793 0.999904 -0.009543 0.046527 0.998871 0.000370 -0.001425 0.999999 0.009343 0.005625 0.999941 0.000407 0.000095 1.000000 0.003898 0.002309 0.999990 
0.013523 0.002789 0.999905 -0.009564 0.046629 0.998867 0.000331 -0.001277 0.999999 0.009351 0.005630 0.999940 0.000369 0.000086 1.000000 0.003920 0.002322 0.999990 
