-0.244998 -0.122592 0.004963 -0.274055 0.012314 0.005056 0.483667 0.226820 0.004859 -0.035690 -0.077124 0.004167 0.449854 0.359283 0.004794 0.241104 0.311316 0.004808 
-0.245235 -0.123091 0.004962 -0.274630 0.011742 0.005118 0.485087 0.228303 0.005064 -0.036041 -0.077099 0.004341 0.450553 0.360581 0.004861 0.242067 0.311477 0.004885 
-0.244848 -0.125376 0.004954 -0.275427 0.009193 0.005228 0.486997 0.231027 0.005161 -0.036066 -0.077544 0.004398 0.451161 0.362957 0.004941 0.243169 0.311800 0.004939 
-0.244968 -0.125677 0.004946 -0.275716 0.008854 0.005160 0.488054 0.232041 0.005122 -0.036247 -0.077584 0.004482 0.452151 0.363954 0.004989 0.244185 0.312692 0.004955 
-0.245588 -0.126020 0.004900 -0.276347 0.008509 0.004964 0.488237 0.232781 0.005055 -0.036870 -0.077911 0.004514 0.452731 0.364800 0.004980 0.244612 0.314163 0.004969 
-0.246260 -0.125767 0.005030 -0.276763 0.008819 0.004983 0.488377 0.232875 0.005040 -0.037452 -0.078055 0.004349 0.453342 0.365020 0.004980 0.245043 0.315127 0.004930 
-0.247106 -0.125295 0.005573 -0.277127 0.009399 0.004975 0.488477 0.232881 0.004996 -0.038128 -0.078335 0.004692 0.453950 0.365160 0.004996 0.245461 0.316067 0.004986 
-0.248697 -0.123903 0.006484 -0.277747 0.010996 0.004969 0.488469 0.232776 0.004978 -0.039385 -0.078451 0.005679 0.454478 0.365194 0.004965 0.245792 0.316945 0.004988 
-0.249754 -0.122913 0.007211 -0.278135 0.012119 0.004967 0.488449 0.232726 0.004977 -0.040220 -0.078500 0.006474 0.454798 0.365230 0.004965 0.245989 0.317519 0.004985 
-0.250902 -0.121770 0.007865 -0.278533 0.013405 0.004999 0.488443 0.232666 0.004975 -0.041124 -0.078519 0.007157 0.455094 0.365247 0.004966 0.246177 0.318010 0.004984 
-0.251163 -0.121504 0.008392 -0.278666 0.013691 0.005251 0.488448 0.232642 0.004972 -0.041345 -0.078456 0.007494 0.455162 0.365239 0.004967 0.246222 0.318101 0.004982 
-0.250960 -0.121679 0.008703 -0.278630 0.013480 0.005463 0.488442 0.232621 0.004965 -0.041194 -0.078376 0.007649 0.455209 0.365231 0.004967 0.246251 0.318177 0.004986 
-0.250273 -0.122368 0.008902 -0.278466 0.012685 0.005752 0.488442 0.232621 0.004964 -0.040677 -0.078258 0.007614 0.455209 0.365231 0.004969 0.246251 0.318177 0.004986 
-0.249807 -0.122845 0.008821 -0.278352 0.012136 0.005758 0.488440 0.232618 0.004961 -0.040327 -0.078187 0.007571 0.455213 0.365229 0.004975 0.246252 0.318184 0.004989 
-0.249207 -0.123464 0.008616 -0.278234 0.011418 0.005766 0.488489 0.232643 0.004851 -0.039888 -0.078059 0.007399 0.455228 0.365246 0.004824 0.246279 0.318148 0.004832 
-0.248774 -0.123913 0.008333 -0.278125 0.010904 0.005674 0.488496 0.232650 0.004862 -0.039565 -0.078000 0.007243 0.455237 0.365253 0.004868 0.246288 0.318159 0.004841 
-0.248328 -0.124379 0.008082 -0.278013 0.010368 0.005638 0.488496 0.232724 0.004871 -0.039232 -0.077947 0.007060 0.455192 0.365316 0.004882 0.246259 0.318150 0.004856 
-0.248252 -0.124464 0.007914 -0.277995 0.010272 0.005538 0.488491 0.232825 0.004880 -0.039177 -0.077940 0.007018 0.455123 0.365401 0.004898 0.246212 0.318134 0.004872 
-0.248222 -0.124496 0.007899 -0.277988 0.010234 0.005519 0.488484 0.232979 0.004888 -0.039155 -0.077935 0.007046 0.455020 0.365530 0.004911 0.246144 0.318113 0.004886 
-0.248545 -0.124157 0.008051 -0.278069 0.010623 0.005490 0.488389 0.233067 0.004695 -0.039394 -0.077971 0.007248 0.454897 0.365612 0.004863 0.246031 0.318149 0.005043 
-0.248845 -0.123837 0.008247 -0.278148 0.010988 0.005512 0.488416 0.233174 0.004756 -0.039619 -0.077995 0.007441 0.454866 0.365705 0.004965 0.246021 0.318152 0.004903 
-0.249257 -0.123400 0.008606 -0.278250 0.011488 0.005645 0.488416 0.233175 0.004774 -0.039927 -0.078041 0.007686 0.454866 0.365705 0.004969 0.246021 0.318153 0.004912 
-0.249550 -0.123025 0.009020 -0.278285 0.011914 0.005881 0.488281 0.233351 0.004261 -0.040133 -0.078071 0.007883 0.454805 0.365898 0.005078 0.245933 0.318459 0.005137 
-0.250029 -0.122504 0.009575 -0.278397 0.012508 0.006263 0.488281 0.233353 0.004328 -0.040491 -0.078127 0.008077 0.454804 0.365900 0.005073 0.245933 0.318462 0.005123 
-0.250165 -0.122291 0.010135 -0.278402 0.012746 0.006728 0.488187 0.233360 0.004186 -0.040585 -0.078130 0.008194 0.454789 0.365925 0.005111 0.245889 0.318609 0.005128 
-0.250301 -0.122125 0.010569 -0.278428 0.012934 0.007114 0.488186 0.233359 0.004260 -0.040686 -0.078146 0.008260 0.454790 0.365925 0.005103 0.245889 0.318614 0.005115 
-0.250167 -0.122243 0.010916 -0.278387 0.012797 0.007486 0.488185 0.233361 0.004327 -0.040585 -0.078128 0.008252 0.454789 0.365928 0.005098 0.245889 0.318617 0.005106 
-0.249988 -0.122414 0.011144 -0.278337 0.012601 0.007765 0.488161 0.233330 0.004373 -0.040451 -0.078106 0.008217 0.454803 0.365906 0.005092 0.245889 0.318654 0.005111 
-0.249683 -0.122720 0.011271 -0.278256 0.012249 0.007985 0.488149 0.233318 0.004420 -0.040222 -0.078068 0.008138 0.454805 0.365899 0.005088 0.245886 0.318669 0.005111 
-0.249239 -0.123175 0.011295 -0.278142 0.011728 0.008143 0.488149 0.233320 0.004472 -0.039889 -0.078013 0.008017 0.454804 0.365901 0.005085 0.245885 0.318671 0.005103 
-0.248760 -0.123634 0.011282 -0.278000 0.011199 0.008260 0.488136 0.233590 0.004469 -0.039526 -0.077950 0.007897 0.454759 0.366160 0.005353 0.245852 0.318880 0.005110 
-0.248552 -0.123821 0.011371 -0.277926 0.010984 0.008414 0.487916 0.233519 0.004143 -0.039364 -0.077930 0.007847 0.454526 0.366086 0.005046 0.245624 0.318782 0.005289 
-0.248313 -0.124042 0.011403 -0.277846 0.010730 0.008519 0.487984 0.233719 0.004228 -0.039181 -0.077906 0.007785 0.454567 0.366279 0.005305 0.245674 0.318936 0.005156 
-0.248214 -0.124138 0.011473 -0.277818 0.010619 0.008629 0.487983 0.233723 0.004297 -0.039108 -0.077893 0.007753 0.454567 0.366283 0.005278 0.245673 0.318940 0.005142 
-0.248276 -0.124063 0.011657 -0.277829 0.010705 0.008791 0.487987 0.233731 0.004365 -0.039154 -0.077901 0.007781 0.454555 0.366288 0.005247 0.245667 0.318920 0.005125 
-0.248460 -0.123859 0.011905 -0.277871 0.010939 0.008979 0.487972 0.233732 0.004421 -0.039292 -0.077922 0.007850 0.454534 0.366288 0.005230 0.245649 0.318911 0.005119 
-0.248631 -0.123655 0.012203 -0.277886 0.011176 0.009214 0.487970 0.233736 0.004472 -0.039413 -0.077967 0.007931 0.454527 0.366291 0.005217 0.245643 0.318905 0.005116 
-0.248916 -0.123344 0.012479 -0.277952 0.011532 0.009421 0.487977 0.233742 0.004527 -0.039627 -0.078004 0.008007 0.454512 0.366292 0.005240 0.245636 0.318872 0.005151 
-0.249167 -0.123070 0.012727 -0.278009 0.011846 0.009611 0.487977 0.233742 0.004568 -0.039815 -0.078037 0.008070 0.454510 0.366291 0.005339 0.245635 0.318869 0.005259 
-0.249367 -0.122835 0.012912 -0.278026 0.012119 0.009728 0.487961 0.233723 0.004604 -0.039956 -0.078092 0.008159 0.454497 0.366272 0.005430 0.245621 0.318853 0.005358 
-0.249647 -0.122532 0.013118 -0.278091 0.012466 0.009859 0.487944 0.233705 0.004638 -0.040167 -0.078127 0.008237 0.454481 0.366254 0.005506 0.245605 0.318837 0.005441 
-0.249817 -0.122307 0.013181 -0.278066 0.012729 0.009839 0.487905 0.233667 0.004667 -0.040271 -0.078205 0.008357 0.454450 0.366218 0.005568 0.245571 0.318813 0.005510 
-0.249944 -0.122168 0.013260 -0.278094 0.012888 0.009879 0.487902 0.233662 0.004693 -0.040366 -0.078222 0.008395 0.454451 0.366213 0.005609 0.245570 0.318815 0.005560 
-0.249944 -0.122166 0.013271 -0.278094 0.012889 0.009874 0.487902 0.233662 0.004718 -0.040366 -0.078221 0.008408 0.454450 0.366214 0.005619 0.245570 0.318815 0.005573 
-0.249945 -0.122163 0.013301 -0.278094 0.012892 0.009879 0.487891 0.233655 0.004734 -0.040367 -0.078219 0.008429 0.454443 0.366208 0.005615 0.245561 0.318816 0.005582 
-0.249944 -0.122160 0.013344 -0.278093 0.012894 0.009891 0.487890 0.233656 0.004756 -0.040366 -0.078217 0.008459 0.454443 0.366209 0.005605 0.245561 0.318817 0.005573 
-0.249930 -0.122161 0.013447 -0.278079 0.012893 0.009951 0.487856 0.233641 0.004770 -0.040353 -0.078222 0.008504 0.454408 0.366195 0.005580 0.245526 0.318800 0.005557 
-0.249930 -0.122149 0.013596 -0.278076 0.012904 0.010051 0.487846 0.233638 0.004781 -0.040353 -0.078219 0.008552 0.454398 0.366192 0.005547 0.245516 0.318800 0.005534 
-0.249946 -0.122116 0.013792 -0.278076 0.012939 0.010188 0.487835 0.233673 0.004782 -0.040366 -0.078217 0.008611 0.454353 0.366218 0.005511 0.245483 0.318771 0.005510 
-0.249964 -0.122080 0.014006 -0.278075 0.012977 0.010346 0.487497 0.233698 0.004876 -0.040381 -0.078216 0.008668 0.453804 0.366192 0.005287 0.245011 0.318413 0.005331 
-0.249869 -0.122153 0.014148 -0.278023 0.012894 0.010450 0.487337 0.233809 0.004934 -0.040301 -0.078226 0.008718 0.453486 0.366262 0.005152 0.244749 0.318235 0.005190 
-0.249866 -0.122140 0.014325 -0.278017 0.012906 0.010569 0.487280 0.233789 0.004930 -0.040299 -0.078224 0.008777 0.453435 0.366244 0.005102 0.244695 0.318226 0.005142 
-0.249849 -0.122136 0.014490 -0.277996 0.012909 0.010673 0.487224 0.233771 0.004944 -0.040282 -0.078232 0.008844 0.453377 0.366225 0.005061 0.244639 0.318203 0.005081 
-0.249805 -0.122066 0.014580 -0.277919 0.012985 0.010707 0.487037 0.233906 0.004711 -0.040228 -0.078215 0.008900 0.453161 0.366352 0.005186 0.244434 0.318286 0.005044 
-0.249541 -0.121906 0.014544 -0.277593 0.013156 0.010615 0.486732 0.233890 0.004335 -0.039942 -0.078150 0.008949 0.452866 0.366338 0.005027 0.244135 0.318287 0.005000 
-0.249535 -0.121890 0.014773 -0.277584 0.013171 0.010797 0.486731 0.233891 0.004393 -0.039938 -0.078147 0.008994 0.452865 0.366339 0.005039 0.244134 0.318288 0.005012 
-0.249594 -0.121812 0.014963 -0.277595 0.013257 0.010911 0.486730 0.233893 0.004445 -0.039983 -0.078149 0.009067 0.452865 0.366341 0.005041 0.244133 0.318290 0.005016 
-0.249693 -0.121696 0.015096 -0.277618 0.013386 0.010955 0.486730 0.233894 0.004493 -0.040059 -0.078157 0.009153 0.452864 0.366343 0.005041 0.244133 0.318292 0.005017 
-0.249707 -0.121595 0.015131 -0.277558 0.013499 0.010898 0.486690 0.233890 0.004560 -0.040046 -0.078171 0.009258 0.452820 0.366338 0.005093 0.244090 0.318280 0.004972 
-0.249688 -0.121438 0.015125 -0.277447 0.013673 0.010808 0.486548 0.233896 0.004481 -0.039996 -0.078157 0.009336 0.452694 0.366347 0.005136 0.243958 0.318314 0.004980 
-0.249677 -0.121406 0.015218 -0.277405 0.013708 0.010825 0.486518 0.233887 0.004523 -0.039974 -0.078175 0.009426 0.452660 0.366337 0.005128 0.243926 0.318298 0.004988 
-0.249589 -0.121319 0.015236 -0.277277 0.013801 0.010776 0.486391 0.233900 0.004514 -0.039872 -0.078151 0.009486 0.452526 0.366349 0.005150 0.243794 0.318299 0.005011 
-0.249603 -0.121290 0.015344 -0.277275 0.013832 0.010822 0.486389 0.233901 0.004555 -0.039882 -0.078149 0.009543 0.452526 0.366350 0.005138 0.243793 0.318302 0.005013 
-0.249585 -0.121257 0.015397 -0.277238 0.013866 0.010814 0.486383 0.233915 0.004585 -0.039857 -0.078148 0.009600 0.452507 0.366361 0.005120 0.243779 0.318294 0.005018 
-0.249461 -0.121223 0.015370 -0.277102 0.013901 0.010733 0.486245 0.233902 0.004462 -0.039728 -0.078131 0.009648 0.452377 0.366350 0.005000 0.243647 0.318296 0.005096 
-0.249329 -0.121218 0.015366 -0.276968 0.013905 0.010678 0.486244 0.233903 0.004510 -0.039594 -0.078128 0.009695 0.452376 0.366352 0.005004 0.243646 0.318297 0.005087 
-0.249134 -0.121198 0.015312 -0.276771 0.013923 0.010577 0.486177 0.233895 0.004523 -0.039396 -0.078110 0.009736 0.452312 0.366344 0.004996 0.243580 0.318293 0.005097 
-0.248939 -0.121176 0.015260 -0.276572 0.013945 0.010481 0.486151 0.233905 0.004567 -0.039198 -0.078092 0.009776 0.452291 0.366355 0.005071 0.243557 0.318313 0.005071 
-0.248724 -0.121156 0.015222 -0.276354 0.013964 0.010395 0.486086 0.233896 0.004579 -0.038980 -0.078073 0.009820 0.452225 0.366346 0.005051 0.243492 0.318302 0.005078 
-0.248529 -0.121134 0.015183 -0.276156 0.013985 0.010305 0.486097 0.233904 0.004638 -0.038783 -0.078055 0.009865 0.452234 0.366354 0.005095 0.243501 0.318307 0.004968 
-0.248294 -0.121110 0.015154 -0.275917 0.014007 0.010222 0.486030 0.233898 0.004638 -0.038545 -0.078036 0.009916 0.452166 0.366347 0.005075 0.243434 0.318300 0.004990 
-0.247850 -0.121016 0.014943 -0.275445 0.014105 0.009961 0.485841 0.233908 0.004568 -0.038087 -0.077977 0.009959 0.451960 0.366353 0.005146 0.243234 0.318280 0.004869 
-0.247800 -0.120993 0.015056 -0.275384 0.014129 0.010013 0.485830 0.233909 0.004596 -0.038034 -0.077974 0.010018 0.451946 0.366353 0.005132 0.243221 0.318273 0.004892 
-0.247644 -0.120951 0.015106 -0.275213 0.014171 0.010000 0.485672 0.233842 0.004485 -0.037873 -0.077956 0.010079 0.451788 0.366287 0.004922 0.243063 0.318206 0.004928 
-0.247569 -0.120941 0.015185 -0.275136 0.014179 0.010023 0.485672 0.233843 0.004529 -0.037798 -0.077952 0.010133 0.451788 0.366288 0.004931 0.243063 0.318208 0.004934 
-0.247393 -0.120908 0.015149 -0.274949 0.014212 0.009936 0.485570 0.233850 0.004469 -0.037616 -0.077934 0.010181 0.451674 0.366291 0.004897 0.242953 0.318191 0.004994 
-0.247172 -0.120881 0.015088 -0.274721 0.014239 0.009829 0.485572 0.233860 0.004539 -0.037391 -0.077915 0.010224 0.451665 0.366299 0.004967 0.242949 0.318184 0.004897 
-0.247113 -0.120876 0.015143 -0.274662 0.014242 0.009839 0.485572 0.233862 0.004578 -0.037333 -0.077911 0.010268 0.451665 0.366300 0.004972 0.242948 0.318185 0.004908 
-0.247061 -0.120872 0.015159 -0.274610 0.014245 0.009817 0.485570 0.233866 0.004612 -0.037280 -0.077908 0.010305 0.451660 0.366304 0.004973 0.242944 0.318182 0.004917 
-0.246828 -0.120815 0.015049 -0.274371 0.014302 0.009671 0.485279 0.234075 0.004302 -0.037043 -0.077854 0.010337 0.451365 0.366510 0.005061 0.242651 0.318381 0.005211 
-0.246740 -0.120807 0.015062 -0.274280 0.014308 0.009641 0.485341 0.234019 0.004460 -0.036953 -0.077849 0.010378 0.451381 0.366443 0.005135 0.242683 0.318243 0.005005 
-0.246655 -0.120782 0.015087 -0.274194 0.014332 0.009616 0.485277 0.234014 0.004474 -0.036867 -0.077827 0.010426 0.451314 0.366438 0.005109 0.242618 0.318233 0.005025 
-0.246581 -0.120761 0.015082 -0.274120 0.014350 0.009564 0.485219 0.234008 0.004500 -0.036792 -0.077804 0.010471 0.451253 0.366431 0.005092 0.242558 0.318221 0.005036 
-0.246529 -0.120756 0.015133 -0.274068 0.014353 0.009560 0.485211 0.234012 0.004534 -0.036740 -0.077800 0.010525 0.451242 0.366434 0.005078 0.242548 0.318220 0.005040 
-0.246467 -0.120744 0.015153 -0.274008 0.014363 0.009534 0.485171 0.234005 0.004568 -0.036678 -0.077786 0.010573 0.451197 0.366426 0.005066 0.242505 0.318205 0.005041 
-0.246426 -0.120740 0.015181 -0.273967 0.014365 0.009510 0.485170 0.234007 0.004606 -0.036637 -0.077781 0.010622 0.451196 0.366428 0.005059 0.242504 0.318207 0.005037 
-0.246327 -0.120720 0.015163 -0.273869 0.014384 0.009450 0.485114 0.234000 0.004618 -0.036537 -0.077758 0.010663 0.451138 0.366420 0.005045 0.242446 0.318195 0.005045 
-0.246177 -0.120648 0.015079 -0.273729 0.014453 0.009365 0.484787 0.233955 0.004451 -0.036389 -0.077666 0.010674 0.450792 0.366371 0.004898 0.242108 0.318115 0.005135 
-0.246032 -0.120643 0.015052 -0.273584 0.014456 0.009278 0.484793 0.233918 0.004695 -0.036243 -0.077659 0.010750 0.450771 0.366327 0.004964 0.242096 0.318029 0.004832 
-0.246006 -0.120648 0.015077 -0.273563 0.014448 0.009272 0.484673 0.233925 0.004728 -0.036218 -0.077655 0.010777 0.450640 0.366332 0.004974 0.241970 0.318019 0.004836 
-0.245904 -0.120619 0.015059 -0.273460 0.014477 0.009239 0.484483 0.233900 0.004518 -0.036116 -0.077626 0.010791 0.450450 0.366307 0.004814 0.241779 0.317993 0.004968 
-0.245636 -0.120578 0.014945 -0.273194 0.014516 0.009088 0.484328 0.233901 0.004542 -0.035846 -0.077574 0.010844 0.450275 0.366303 0.004849 0.241611 0.317956 0.004954 
-0.245595 -0.120668 0.015053 -0.273157 0.014418 0.009032 0.484267 0.233887 0.004586 -0.035808 -0.077670 0.010780 0.450190 0.366282 0.004858 0.241535 0.317898 0.004952 
-0.245562 -0.120666 0.015072 -0.273123 0.014418 0.009031 0.484266 0.233887 0.004621 -0.035774 -0.077668 0.010817 0.450189 0.366283 0.004874 0.241534 0.317898 0.004956 
-0.245300 -0.120679 0.014924 -0.272868 0.014403 0.008853 0.484032 0.233870 0.004413 -0.035512 -0.077662 0.010890 0.449949 0.366264 0.004785 0.241297 0.317870 0.005036 
-0.245294 -0.120676 0.014943 -0.272861 0.014405 0.008854 0.483994 0.233855 0.004466 -0.035506 -0.077660 0.010919 0.449905 0.366247 0.004806 0.241255 0.317843 0.005032 
-0.245295 -0.120674 0.014959 -0.272861 0.014407 0.008846 0.483993 0.233856 0.004512 -0.035506 -0.077658 0.010951 0.449903 0.366248 0.004827 0.241254 0.317844 0.005029 
-0.245295 -0.120670 0.014974 -0.272860 0.014409 0.008836 0.483967 0.233873 0.004547 -0.035506 -0.077656 0.010985 0.449852 0.366258 0.004833 0.241211 0.317813 0.005031 
-0.245293 -0.120666 0.014983 -0.272859 0.014413 0.008832 0.483934 0.233864 0.004580 -0.035504 -0.077649 0.011008 0.449815 0.366249 0.004845 0.241176 0.317798 0.005032 
-0.245230 -0.120702 0.014968 -0.272799 0.014374 0.008773 0.483894 0.233853 0.004616 -0.035441 -0.077677 0.011080 0.449772 0.366236 0.004860 0.241134 0.317781 0.005027 
-0.245199 -0.120716 0.014957 -0.272769 0.014359 0.008739 0.483847 0.233832 0.004651 -0.035410 -0.077687 0.011121 0.449722 0.366214 0.004871 0.241085 0.317754 0.005021 
-0.245123 -0.120752 0.014923 -0.272698 0.014320 0.008673 0.483785 0.233809 0.004680 -0.035334 -0.077711 0.011187 0.449653 0.366190 0.004884 0.241019 0.317719 0.005018 
-0.245121 -0.120752 0.014921 -0.272697 0.014319 0.008658 0.483760 0.233782 0.004710 -0.035332 -0.077709 0.011198 0.449632 0.366164 0.004888 0.240996 0.317701 0.005011 
-0.245065 -0.120782 0.014889 -0.272644 0.014288 0.008605 0.483701 0.233758 0.004734 -0.035277 -0.077731 0.011241 0.449569 0.366140 0.004899 0.240934 0.317669 0.005008 
-0.244980 -0.120785 0.014830 -0.272564 0.014284 0.008537 0.483678 0.233753 0.004767 -0.035193 -0.077724 0.011260 0.449516 0.366127 0.004903 0.240892 0.317610 0.004937 
-0.244980 -0.120784 0.014830 -0.272563 0.014285 0.008531 0.483677 0.233753 0.004786 -0.035193 -0.077723 0.011262 0.449516 0.366127 0.004915 0.240892 0.317610 0.004942 
-0.244979 -0.120784 0.014827 -0.272563 0.014285 0.008523 0.483661 0.233750 0.004799 -0.035192 -0.077722 0.011263 0.449498 0.366124 0.004924 0.240875 0.317606 0.004949 
-0.244926 -0.120767 0.014801 -0.272511 0.014301 0.008494 0.483495 0.233783 0.004551 -0.035139 -0.077702 0.011262 0.449338 0.366158 0.004848 0.240713 0.317647 0.005098 
-0.244925 -0.120767 0.014792 -0.272511 0.014300 0.008472 0.483463 0.233765 0.004592 -0.035138 -0.077701 0.011272 0.449304 0.366139 0.004859 0.240679 0.317626 0.005083 
-0.244926 -0.120765 0.014791 -0.272511 0.014301 0.008451 0.483462 0.233766 0.004628 -0.035139 -0.077699 0.011289 0.449302 0.366140 0.004872 0.240678 0.317625 0.005071 
-0.244843 -0.120814 0.014750 -0.272441 0.014249 0.008381 0.483364 0.233723 0.004674 -0.035059 -0.077723 0.011342 0.449179 0.366091 0.004861 0.240564 0.317535 0.005043 
-0.244836 -0.120807 0.014732 -0.272434 0.014255 0.008355 0.483333 0.233712 0.004702 -0.035052 -0.077714 0.011346 0.449146 0.366079 0.004875 0.240532 0.317521 0.005037 
-0.244836 -0.120805 0.014725 -0.272434 0.014256 0.008336 0.483329 0.233713 0.004722 -0.035052 -0.077713 0.011353 0.449140 0.366080 0.004884 0.240527 0.317520 0.005035 
-0.244794 -0.120787 0.014685 -0.272392 0.014274 0.008288 0.483326 0.233708 0.004745 -0.035010 -0.077693 0.011356 0.449135 0.366074 0.004894 0.240522 0.317511 0.004975 
-0.244795 -0.120781 0.014671 -0.272393 0.014280 0.008276 0.483283 0.233687 0.004766 -0.035011 -0.077686 0.011353 0.449092 0.366053 0.004903 0.240479 0.317490 0.004976 
-0.244696 -0.120807 0.014609 -0.272298 0.014252 0.008186 0.483123 0.233678 0.004606 -0.034912 -0.077702 0.011397 0.448937 0.366045 0.004843 0.240322 0.317490 0.005086 
-0.244690 -0.120809 0.014606 -0.272293 0.014249 0.008177 0.483095 0.233664 0.004642 -0.034906 -0.077700 0.011397 0.448893 0.366027 0.004838 0.240284 0.317447 0.005065 
-0.244685 -0.120805 0.014583 -0.272288 0.014253 0.008143 0.483068 0.233652 0.004673 -0.034901 -0.077696 0.011403 0.448866 0.366016 0.004853 0.240257 0.317435 0.005054 
-0.244643 -0.120787 0.014535 -0.272249 0.014270 0.008086 0.483007 0.233624 0.004699 -0.034860 -0.077670 0.011407 0.448802 0.365987 0.004850 0.240194 0.317402 0.005038 
-0.244566 -0.120803 0.014479 -0.272185 0.014251 0.008022 0.483016 0.233611 0.004875 -0.034787 -0.077663 0.011421 0.448766 0.365962 0.004897 0.240175 0.317305 0.004803 
-0.244435 -0.120741 0.014393 -0.272056 0.014313 0.007946 0.482820 0.233561 0.004706 -0.034656 -0.077594 0.011405 0.448581 0.365915 0.004796 0.239985 0.317276 0.004866 
-0.244435 -0.120740 0.014393 -0.272056 0.014314 0.007942 0.482819 0.233561 0.004730 -0.034656 -0.077593 0.011404 0.448580 0.365915 0.004816 0.239985 0.317276 0.004878 
-0.244434 -0.120739 0.014388 -0.272055 0.014315 0.007935 0.482819 0.233561 0.004751 -0.034655 -0.077593 0.011403 0.448580 0.365915 0.004834 0.239985 0.317276 0.004888 
-0.244426 -0.120736 0.014375 -0.272049 0.014318 0.007925 0.482786 0.233549 0.004767 -0.034648 -0.077586 0.011397 0.448545 0.365903 0.004849 0.239951 0.317260 0.004901 
-0.244426 -0.120735 0.014370 -0.272049 0.014318 0.007918 0.482786 0.233550 0.004786 -0.034647 -0.077585 0.011396 0.448545 0.365903 0.004864 0.239950 0.317260 0.004909 
-0.244424 -0.120736 0.014366 -0.272048 0.014317 0.007914 0.482790 0.233557 0.004808 -0.034646 -0.077585 0.011393 0.448534 0.365906 0.004870 0.239945 0.317239 0.004910 
-0.244423 -0.120736 0.014362 -0.272047 0.014317 0.007909 0.482790 0.233557 0.004822 -0.034645 -0.077584 0.011391 0.448533 0.365906 0.004883 0.239944 0.317238 0.004918 
-0.244423 -0.120735 0.014358 -0.272047 0.014318 0.007904 0.482790 0.233557 0.004835 -0.034645 -0.077584 0.011389 0.448533 0.365906 0.004894 0.239944 0.317238 0.004925 
-0.244422 -0.120735 0.014355 -0.272046 0.014317 0.007900 0.482784 0.233558 0.004841 -0.034644 -0.077583 0.011387 0.448526 0.365907 0.004901 0.239938 0.317237 0.004936 
-0.244398 -0.120753 0.014339 -0.272025 0.014299 0.007879 0.482755 0.233546 0.004853 -0.034621 -0.077595 0.011400 0.448494 0.365894 0.004912 0.239907 0.317220 0.004940 
-0.244351 -0.120742 0.014285 -0.271982 0.014310 0.007833 0.482573 0.233530 0.004653 -0.034575 -0.077575 0.011388 0.448315 0.365878 0.004817 0.239727 0.317209 0.005063 
-0.244326 -0.120754 0.014239 -0.271964 0.014296 0.007786 0.482490 0.233488 0.004685 -0.034552 -0.077576 0.011394 0.448228 0.365836 0.004828 0.239642 0.317160 0.005049 
-0.244208 -0.120764 0.014121 -0.271870 0.014282 0.007687 0.482285 0.233420 0.004685 -0.034442 -0.077543 0.011377 0.448000 0.365762 0.004902 0.239422 0.317050 0.004963 
-0.244207 -0.120764 0.014118 -0.271869 0.014282 0.007681 0.482285 0.233421 0.004710 -0.034440 -0.077542 0.011376 0.447998 0.365762 0.004913 0.239421 0.317048 0.004966 
-0.244204 -0.120766 0.014125 -0.271868 0.014279 0.007681 0.482276 0.233424 0.004735 -0.034438 -0.077541 0.011380 0.447982 0.365763 0.004919 0.239407 0.317037 0.004966 
-0.244084 -0.120672 0.014038 -0.271775 0.014370 0.007657 0.482012 0.233404 0.004614 -0.034327 -0.077403 0.011351 0.447694 0.365737 0.004876 0.239128 0.316973 0.004997 
-0.244134 -0.120756 0.014183 -0.271828 0.014279 0.007655 0.481984 0.233394 0.004646 -0.034378 -0.077495 0.011210 0.447661 0.365726 0.004889 0.239097 0.316953 0.004997 
-0.244132 -0.120756 0.014209 -0.271828 0.014278 0.007670 0.481965 0.233372 0.004677 -0.034377 -0.077494 0.011242 0.447644 0.365704 0.004895 0.239079 0.316935 0.004994 
-0.244132 -0.120754 0.014239 -0.271827 0.014279 0.007685 0.481964 0.233372 0.004704 -0.034377 -0.077492 0.011277 0.447643 0.365704 0.004905 0.239078 0.316935 0.004994 
-0.244132 -0.120753 0.014266 -0.271827 0.014280 0.007697 0.481966 0.233375 0.004730 -0.034376 -0.077491 0.011309 0.447638 0.365706 0.004910 0.239076 0.316927 0.004991 
