0.977204 0.212260 -0.004165 0.210534 -0.977585 -0.001535 -0.247829 0.968804 -0.000408 0.863118 0.505000 0.001398 -0.974486 -0.224448 -0.000231 -0.865005 -0.501763 0.000615 
0.976184 0.216921 -0.003296 0.215201 -0.976570 -0.000610 -0.256673 0.966495 -0.002545 0.861912 0.507054 0.001800 -0.972393 -0.233347 -0.000571 -0.864437 -0.502741 0.000291 
0.974369 0.224936 -0.002956 0.223214 -0.974767 -0.002037 -0.267949 0.963433 -0.000325 0.859308 0.511456 0.001613 -0.969600 -0.244692 -0.001564 -0.862359 -0.506297 0.000526 
0.973915 0.226896 -0.002656 0.225177 -0.974316 -0.001801 -0.268400 0.963308 -0.000015 0.858760 0.512377 0.000984 -0.969486 -0.245145 0.000004 -0.861596 -0.507594 0.000369 
0.973520 0.228595 -0.001883 0.226877 -0.973921 -0.001952 -0.266598 0.963808 0.000226 0.858235 0.513256 0.000826 -0.969943 -0.243332 -0.000029 -0.860560 -0.509349 0.000244 
0.974146 0.225918 -0.001230 0.224203 -0.974543 -0.000029 -0.261475 0.965208 -0.001829 0.858440 0.512913 0.000669 -0.971221 -0.238178 -0.000818 -0.860384 -0.509646 0.000477 
0.974908 0.222605 -0.001250 0.220892 -0.975289 0.004159 -0.254685 0.967022 -0.002071 0.858617 0.512618 -0.000164 -0.972872 -0.231345 -0.000366 -0.860028 -0.510247 0.000258 
0.977226 0.212198 -0.001268 0.210468 -0.977456 0.016811 -0.246351 0.969178 -0.002435 0.859208 0.511619 -0.002903 -0.974827 -0.222964 -0.000416 -0.860847 -0.508864 0.000228 
0.979466 0.201606 -0.001184 0.199810 -0.979285 0.032823 -0.235116 0.971963 -0.002960 0.860379 0.509614 -0.006388 -0.977342 -0.211665 -0.000515 -0.861838 -0.507184 0.000197 
0.981998 0.188891 -0.000846 0.186929 -0.980879 0.054158 -0.221693 0.975112 -0.002955 0.861580 0.507493 -0.011379 -0.980168 -0.198169 -0.000418 -0.862808 -0.505532 0.000174 
0.983983 0.178262 0.000334 0.176028 -0.981670 0.073068 -0.209128 0.977879 -0.004353 0.862265 0.506210 -0.015811 -0.982636 -0.185543 -0.000375 -0.863092 -0.505047 0.000160 
0.985193 0.171386 0.004542 0.168567 -0.981631 0.089358 -0.200788 0.979600 -0.008289 0.862530 0.505602 -0.020197 -0.984180 -0.177168 -0.000335 -0.863037 -0.505141 0.000183 
0.985503 0.169432 0.008722 0.165930 -0.980800 0.102464 -0.195083 0.980646 -0.016608 0.862805 0.505019 -0.022875 -0.985191 -0.171458 -0.000312 -0.862703 -0.505710 0.000181 
-0.985746 -0.168240 -0.000299 -0.191833 0.981022 -0.028206 0.164463 -0.979484 0.116457 -0.862085 -0.506763 0.000085 0.985529 0.168933 0.013945 0.862680 0.505117 -0.025306 
-0.986591 -0.163212 -0.000465 -0.186723 0.981424 -0.044067 0.165205 -0.977615 0.130291 -0.861616 -0.507561 0.000109 0.985129 0.170784 0.018816 0.863260 0.504053 -0.026698 
-0.987201 -0.159432 -0.004062 -0.182613 0.981355 -0.059951 0.163857 -0.975385 0.147562 -0.861475 -0.507800 0.000124 0.984895 0.171191 0.025984 0.863870 0.502912 -0.028412 
-0.987129 -0.159536 -0.011183 -0.181915 0.980237 -0.077737 0.163363 -0.972735 0.164620 -0.861414 -0.507903 0.000159 0.984328 0.172950 0.034443 0.864251 0.502234 -0.028844 
-0.987248 -0.158114 -0.018481 -0.179375 0.979069 -0.096167 0.162125 -0.969503 0.183794 -0.861277 -0.508135 0.000165 0.983668 0.174601 0.043733 0.864780 0.501263 -0.029836 
-0.986674 -0.160474 -0.026894 -0.180044 0.976673 -0.117025 0.161941 -0.965756 0.202707 -0.860806 -0.508933 0.000177 0.982588 0.177861 0.053718 0.864694 0.501398 -0.030071 
-0.986325 -0.161275 -0.033958 -0.178900 0.974078 -0.138445 0.161055 -0.961424 0.222991 -0.860235 -0.509898 0.000176 0.981403 0.181038 0.063830 0.864732 0.501272 -0.031057 
-0.985454 -0.164995 -0.040718 -0.179996 0.969818 -0.164483 0.161329 -0.956377 0.243550 -0.859183 -0.511668 0.000187 0.979757 0.185980 0.074084 0.864111 0.502331 -0.031230 
-0.984660 -0.167963 -0.047248 -0.180052 0.965378 -0.188753 0.160560 -0.950644 0.265513 -0.858053 -0.513561 0.000197 0.978013 0.190645 0.084534 0.863540 0.503243 -0.032321 
-0.983676 -0.171543 -0.054353 -0.179860 0.959629 -0.216245 0.159383 -0.944133 0.288461 -0.856743 -0.515743 0.000201 0.975928 0.195901 0.095848 0.862781 0.504499 -0.033001 
-0.982818 -0.173800 -0.062150 -0.177717 0.953535 -0.243286 0.156597 -0.936481 0.313817 -0.855455 -0.517878 0.000183 0.973669 0.200838 0.107852 0.862283 0.505262 -0.034338 
-0.981782 -0.176126 -0.071306 -0.174353 0.945975 -0.273374 0.153435 -0.927498 0.340888 -0.854179 -0.519979 0.000181 0.970926 0.206819 0.120537 0.861943 0.505787 -0.035137 
-0.980837 -0.176811 -0.081833 -0.168217 0.937736 -0.303898 0.147212 -0.916684 0.371509 -0.853074 -0.521790 0.000213 0.967970 0.211925 0.134614 0.862045 0.505499 -0.036722 
-0.979621 -0.177182 -0.094602 -0.159724 0.927608 -0.337687 0.139570 -0.903926 0.404275 -0.852161 -0.523279 0.000232 0.964444 0.217810 0.149688 0.862521 0.504625 -0.037574 
-0.978030 -0.177387 -0.109504 -0.148838 0.915592 -0.373549 0.129485 -0.889023 0.439171 -0.852160 -0.523281 0.000296 0.960501 0.223665 0.165566 0.863954 0.502137 -0.037989 
-0.975904 -0.177622 -0.126738 -0.135349 0.901500 -0.411069 0.118186 -0.871889 0.475228 -0.852730 -0.522352 0.000472 0.956115 0.230327 0.181092 0.866006 0.498637 -0.037359 
-0.972906 -0.178896 -0.146460 -0.119510 0.884559 -0.450858 0.104268 -0.852690 0.511905 -0.855237 -0.518236 0.000978 0.952042 0.235645 0.195160 0.869368 0.492916 -0.035101 
-0.968476 -0.182321 -0.169744 -0.101477 0.864841 -0.491684 0.088396 -0.829760 0.551076 -0.858472 -0.512854 0.002510 0.947850 0.241348 0.208163 0.873064 0.486527 -0.032399 
-0.962568 -0.187152 -0.196052 -0.080017 0.841952 -0.533586 0.069396 -0.803257 0.591576 -0.862806 -0.505514 0.004686 0.943582 0.246530 0.221080 0.877379 0.478908 -0.029217 
-0.954304 -0.195049 -0.226405 -0.054569 0.814340 -0.577817 0.049204 -0.770945 0.634998 -0.867059 -0.498134 0.008454 0.938439 0.254539 0.233543 0.881392 0.471661 -0.026150 
-0.943630 -0.207228 -0.258105 -0.027453 0.782955 -0.621472 0.025787 -0.733923 0.678743 -0.871891 -0.489542 0.012462 0.932823 0.262987 0.246332 0.885403 0.464243 -0.023234 
0.003468 0.745716 -0.666255 0.001563 -0.689515 0.724270 0.925672 0.276214 0.258530 0.888580 0.458258 -0.020613 -0.929818 -0.224175 -0.291863 -0.875925 -0.482133 0.017420 
0.035896 0.702741 -0.710540 -0.025568 -0.640033 0.767922 0.917613 0.290976 0.270777 0.891742 0.452211 -0.017327 -0.913011 -0.247218 -0.324490 -0.880710 -0.473168 0.021489 
0.074077 0.653874 -0.752969 -0.054371 -0.582115 0.811287 0.907444 0.311406 0.282085 0.894306 0.447228 -0.014267 -0.893013 -0.273545 -0.357353 -0.884453 -0.465921 0.025683 
0.113831 0.600771 -0.791276 -0.086407 -0.519658 0.849994 0.896362 0.333012 0.292641 0.896899 0.442119 -0.010108 -0.870855 -0.303847 -0.386379 -0.888561 -0.457919 0.027754 
0.158901 0.545341 -0.823015 -0.119750 -0.450913 0.884498 0.881953 0.361936 0.301928 0.899439 0.436996 -0.006570 -0.846473 -0.334453 -0.414276 -0.891275 -0.452476 0.029892 
0.204024 0.486350 -0.849611 -0.154501 -0.381363 0.911423 0.866761 0.391584 0.308848 0.901576 0.432617 -0.001841 -0.820620 -0.368832 -0.436515 -0.894246 -0.446550 0.030299 
0.904507 0.424190 -0.043926 0.229546 0.426633 -0.874811 0.805720 0.406924 0.430381 -0.189386 -0.318727 0.928734 -0.892776 -0.440953 -0.092258 
0.909130 0.416050 -0.019628 -0.172824 -0.349435 0.920884 0.188873 0.401032 -0.896382 0.831347 0.407760 0.377616 -0.904794 -0.425764 -0.008472 -0.852948 -0.411630 -0.320999 
0.898826 0.434807 -0.055275 0.265026 0.393796 -0.880163 0.791181 0.418579 0.445898 -0.896787 -0.442350 -0.009952 -0.194804 -0.273459 0.941951 -0.828116 -0.466216 -0.311233 
0.894080 0.434376 -0.109266 -0.892067 -0.451557 0.017677 0.307159 0.388759 -0.868631 0.760122 0.433929 0.483654 -0.219519 -0.189412 0.957045 -0.811623 -0.506562 -0.290969 
0.891832 0.429415 -0.142259 -0.889285 -0.455565 0.040418 0.316133 0.375850 -0.871089 0.743935 0.456845 0.487703 -0.806829 -0.530285 -0.260433 -0.239941 -0.151252 0.958932 
0.885471 0.435834 -0.161211 -0.883630 -0.465305 0.051852 0.315459 0.372330 -0.872843 0.732246 0.475159 0.487894 -0.800461 -0.549529 -0.239332 -0.228428 -0.131188 0.964682 
0.873332 0.453161 -0.178706 -0.874662 -0.480820 0.061469 0.309485 0.382142 -0.870739 0.721513 0.487982 0.491216 -0.786110 -0.576073 -0.223989 -0.213126 -0.127570 0.968661 
0.860523 0.471487 -0.192873 -0.866012 -0.495578 0.066531 0.304789 0.406116 -0.861495 0.714165 0.486805 0.502980 -0.771662 -0.597469 -0.218102 -0.202160 -0.133346 0.970232 
0.846553 0.491910 -0.203402 -0.855441 -0.513437 0.067844 0.298475 0.437272 -0.848355 0.704127 0.484837 0.518786 -0.758581 -0.614563 -0.216491 -0.188732 -0.148167 0.970787 
0.833456 0.512719 -0.206084 -0.845189 -0.530371 0.066051 0.286169 0.478970 -0.829877 0.700426 0.471860 0.535492 -0.165642 -0.162715 0.972670 -0.746185 -0.622617 -0.235705 
0.279285 0.526200 -0.803190 -0.832737 -0.550614 0.058073 0.822854 0.532797 -0.197582 0.688239 0.458632 0.562124 -0.182668 -0.196448 0.963349 -0.733567 -0.623363 -0.270736 
0.826822 0.561873 0.025775 0.285046 0.558974 -0.778651 -0.201750 -0.229976 0.952055 -0.721587 -0.620366 -0.307341 -0.666388 -0.447693 -0.596237 -0.773611 -0.547088 0.319719 
0.813885 0.578619 0.052835 0.291934 0.589292 -0.753332 -0.227350 -0.260649 0.938283 -0.709374 -0.613522 -0.346959 -0.641875 -0.442115 -0.626523 -0.758813 -0.577446 0.301262 
0.802678 0.590908 0.080838 0.305342 0.615081 -0.726940 -0.249065 -0.295310 0.922366 -0.699555 -0.601272 -0.386128 -0.618428 -0.430711 -0.657294 -0.746726 -0.601622 0.283638 
0.792979 0.600206 0.104580 0.312575 0.646542 -0.695902 -0.597187 -0.413711 -0.687176 -0.279920 -0.325734 0.903074 -0.731961 -0.624825 0.271711 -0.685818 -0.587629 -0.429355 
0.784880 0.605263 0.132743 0.320689 0.672994 -0.666512 -0.576204 -0.397135 -0.714333 -0.308432 -0.359425 0.880729 -0.752150 -0.658405 0.027829 
0.776272 0.609395 0.161370 0.323898 0.700974 -0.635394 -0.551368 -0.382809 -0.741249 -0.339583 -0.390355 0.855749 -0.744945 -0.667126 -0.000678 
0.329219 0.724825 -0.605181 -0.524362 -0.369254 -0.767265 0.655403 0.516967 0.550628 0.779579 0.623303 0.061240 -0.366623 -0.421841 0.829239 -0.739375 -0.672458 -0.033535 
0.329080 0.751619 -0.571642 -0.497858 -0.352621 -0.792335 0.642023 0.487767 0.591515 0.769044 0.632869 0.089711 -0.392992 -0.455226 0.798953 -0.732205 -0.677919 -0.065594 
0.330782 0.775171 -0.538231 -0.473618 -0.332991 -0.815354 0.629053 0.453819 0.631143 0.758680 0.639999 0.121675 -0.417762 -0.489395 0.765485 -0.725750 -0.680553 -0.100674 
0.326252 0.801980 -0.500387 -0.453349 -0.307555 -0.836591 0.621732 0.402469 0.671914 0.746840 0.646533 0.155646 -0.444260 -0.527284 0.724296 -0.719177 -0.680843 -0.138699 
0.317994 0.828512 -0.460921 0.622539 0.344311 0.702776 0.732224 0.653395 0.192152 -0.435547 -0.279773 -0.855585 -0.459834 -0.567607 0.682916 -0.712195 -0.679219 -0.177312 
0.299943 0.858762 -0.415406 0.615837 0.276953 0.737592 0.721759 0.655752 0.221482 -0.428042 -0.243487 -0.870342 -0.482341 -0.609488 0.629184 -0.704206 -0.677587 -0.212061 
0.284962 0.887070 -0.363185 0.598206 0.223560 0.769526 0.722348 0.652670 0.228551 -0.424548 -0.198196 -0.883446 -0.512111 -0.633618 0.579888 -0.698654 -0.678530 -0.226893 
0.275886 0.905485 -0.322465 0.576459 0.207082 0.790450 0.737131 0.645994 0.198317 -0.440873 -0.154009 -0.884258 -0.537502 -0.634102 0.555884 -0.697293 -0.686031 -0.207710 
0.278252 0.911136 -0.303985 -0.464085 -0.124464 -0.877003 0.570574 0.187682 0.799513 0.747566 0.639938 0.177833 -0.550147 -0.637020 0.539949 -0.699735 -0.687442 -0.194410 
0.272164 0.918221 -0.287744 -0.484511 -0.102433 -0.868767 0.569713 0.153472 0.807387 0.753338 0.637685 0.160748 -0.563363 -0.643875 0.517733 -0.702292 -0.687914 -0.183195 
0.258626 0.923637 -0.282855 -0.501158 -0.096961 -0.859906 0.581346 0.117626 0.805109 0.753177 0.640820 0.148578 -0.572968 -0.644916 0.505758 -0.704035 -0.688710 -0.173246 
0.236552 0.929470 -0.283069 0.599493 0.072439 0.797095 0.753328 0.644371 0.131464 -0.524777 -0.098076 -0.845571 -0.582389 -0.645251 0.494444 -0.708355 -0.688053 -0.157531 
0.208091 0.932687 -0.294606 0.625735 0.023769 0.779674 0.752130 0.649801 0.109820 -0.557250 -0.109851 -0.823047 -0.589797 -0.641412 0.490643 -0.712976 -0.687887 -0.135929 
0.171475 0.936747 -0.305124 0.648004 -0.031687 0.760978 0.750471 0.655777 0.082159 -0.597723 -0.122947 -0.792219 -0.601881 -0.635391 0.483755 -0.715198 -0.690320 -0.109317 
0.131458 0.939237 -0.317101 0.673491 -0.095202 0.733039 0.744201 0.665223 0.060354 -0.633560 -0.142454 -0.760466 -0.612992 -0.628171 0.479211 -0.715038 -0.693819 -0.085648 
0.090569 0.939798 -0.329511 0.698029 -0.166152 0.696526 0.736347 0.675076 0.045439 -0.664811 -0.165720 -0.728397 -0.621204 -0.626665 0.470528 -0.715422 -0.695599 -0.065669 
0.060759 0.936844 -0.344430 0.720967 -0.221429 0.656640 0.729690 0.682928 0.034073 -0.689828 -0.186741 -0.699475 -0.622656 -0.625616 0.470005 -0.716294 -0.696129 -0.048244 
0.742073 -0.263309 0.616438 0.035661 0.936124 -0.349857 0.724047 0.689618 0.013498 -0.717561 -0.196671 -0.668151 -0.619375 -0.624261 0.476102 -0.714529 -0.699212 -0.023474 
0.760907 -0.295346 0.577746 0.009127 0.937132 -0.348857 0.718357 0.695461 -0.017258 -0.750337 -0.201404 -0.629628 -0.613213 -0.622407 0.486394 -0.709485 -0.704662 0.009149 
0.771846 -0.331524 0.542536 0.007350 0.934523 -0.355826 -0.757440 -0.204398 -0.620086 0.630450 0.610321 -0.479626 0.713504 0.697742 0.063775 -0.613415 -0.617892 0.491865 -0.711365 -0.702656 0.015311 
0.006137 0.934832 -0.355039 0.712557 0.699002 0.060485 -0.710784 -0.697598 0.090239 -0.762489 -0.202620 -0.614455 0.767371 -0.365445 0.526870 0.643087 0.601843 -0.473524 
0.749146 -0.411109 0.519393 0.670608 0.581352 -0.460776 -0.718514 -0.689209 0.093426 -0.768429 -0.196269 -0.609094 0.005867 0.937149 -0.348880 0.716197 0.695908 0.052663 
0.725807 -0.455548 0.515442 0.700246 0.555527 -0.448380 -0.727986 -0.678851 0.095902 -0.772507 -0.189807 -0.605976 0.005771 0.939880 -0.341457 0.721847 0.690594 0.044916 
0.697543 -0.502246 0.511060 0.731501 0.523479 -0.436892 -0.739922 -0.665375 0.098949 -0.770884 -0.187042 -0.608895 0.005633 0.941856 -0.335969 0.728906 0.683537 0.038388 
0.666517 -0.543873 0.509861 0.761019 0.491981 -0.422854 -0.750411 -0.653311 0.100341 -0.772014 -0.178107 -0.610141 0.007768 0.945583 -0.325289 0.736461 0.675737 0.031687 
0.633225 -0.581975 0.510228 0.788971 0.458924 -0.408551 -0.760271 -0.641557 0.101947 -0.773652 -0.165015 -0.611745 0.013056 0.949964 -0.312087 0.744364 0.667322 0.024562 
0.604786 -0.611428 0.510284 0.810374 0.430699 -0.397232 -0.768872 -0.631187 0.102172 -0.775359 -0.147514 -0.614051 0.023571 0.954219 -0.298178 0.752035 0.658805 0.020473 
0.578397 -0.636857 0.509775 0.828298 0.402490 -0.389773 -0.777427 -0.620469 0.103077 -0.775357 -0.126947 -0.618632 0.037863 0.958369 -0.283011 0.760066 0.649622 0.017057 
0.555605 -0.658448 0.507690 0.842430 0.379079 -0.382899 -0.785259 -0.610940 0.100602 -0.772822 -0.106280 -0.625660 0.051651 0.962649 -0.265780 0.767410 0.640901 0.018095 
0.527997 -0.683531 0.503989 0.065135 0.966434 -0.248523 -0.772757 -0.084777 -0.629015 -0.793988 -0.600053 0.097568 0.858182 0.352651 -0.373042 0.775788 0.630717 0.018680 
0.502086 -0.705354 0.500385 0.075905 0.970075 -0.230634 -0.769713 -0.065935 -0.634976 -0.802180 -0.589592 0.094282 0.871384 0.326191 -0.366456 0.783483 0.621081 0.020298 
0.483447 -0.713533 0.507099 0.085343 0.973799 -0.210790 -0.762098 -0.048264 -0.645660 -0.808990 -0.580472 0.092670 0.879792 0.300760 -0.368115 0.790679 0.611924 0.019388 
0.473469 -0.713585 0.516356 0.094726 0.976886 -0.191625 -0.752437 -0.031464 -0.657912 -0.814439 -0.573221 0.090045 0.883568 0.281992 -0.373884 0.796812 0.603890 0.020200 
0.466403 -0.711096 0.526128 0.103628 0.979755 -0.171296 -0.741388 -0.014329 -0.670924 -0.819209 -0.566579 0.088796 0.885328 0.263296 -0.383237 0.802401 0.596449 0.020047 
0.461780 -0.709628 0.532154 0.111627 0.982084 -0.151826 -0.732447 0.002500 -0.680820 -0.823030 -0.561372 0.086507 0.886142 0.250252 -0.390033 0.807069 0.590077 0.021169 
0.457868 -0.706837 0.539202 0.117421 0.984502 -0.130259 -0.725062 0.019835 -0.688397 -0.826007 -0.556924 0.086882 0.886244 0.235971 -0.398609 0.811417 0.584174 0.018514 
0.454464 -0.705468 0.543854 0.121912 0.986570 -0.108705 -0.720146 0.037037 -0.692833 -0.828270 -0.553569 0.086772 0.886395 0.225040 -0.404551 0.815151 0.579031 0.015901 
0.452040 -0.702247 0.550008 0.125162 0.988492 -0.084958 -0.714848 0.054939 -0.697119 -0.830035 -0.550694 0.088195 0.885589 0.212205 -0.413160 0.818599 0.574256 0.011242 
0.450014 -0.700895 0.553385 0.127729 0.989801 -0.063081 -0.710709 0.071419 -0.699852 -0.831049 -0.549436 0.086473 0.885611 0.205419 -0.416528 0.820932 0.570939 0.009990 
0.453814 -0.697369 0.554734 0.128535 0.990874 -0.040593 -0.704551 0.086821 -0.704322 -0.829698 -0.552415 0.080240 0.883647 0.206202 -0.420296 0.820339 0.571683 0.014938 
0.462198 -0.698247 0.546649 0.125588 0.991957 -0.015763 -0.698447 0.101425 -0.708438 -0.825474 -0.560661 0.065210 0.880944 0.221134 -0.418375 0.815950 0.577290 0.031006 
0.474300 -0.702564 0.530511 0.120379 0.992726 0.002012 -0.696545 0.110137 -0.709010 -0.818106 -0.573592 0.041163 0.878335 0.251941 -0.406268 0.807305 0.587241 0.058373 
0.483932 -0.693033 0.534337 -0.700563 0.109432 -0.705149 -0.813405 -0.579926 0.045359 0.118599 0.992940 0.002146 0.873486 0.255881 -0.414184 0.803461 0.592914 0.053887 
0.493317 -0.684422 0.536847 -0.708916 0.100064 -0.698159 -0.808304 -0.586629 0.050111 0.116885 0.993087 -0.010813 0.869167 0.262679 -0.418986 0.798599 0.599777 0.050066 
-0.802885 -0.593720 0.053589 -0.715608 0.089497 -0.692744 0.505662 -0.675067 0.537206 0.863132 0.272645 -0.425050 0.116059 0.992893 -0.026346 0.792976 0.607245 0.049435 
-0.796388 -0.602293 0.054863 -0.720212 0.075424 -0.689642 0.522167 -0.663369 0.535988 0.855225 0.289717 -0.429714 0.115251 0.992237 -0.046730 0.785672 0.616342 0.053313 
-0.789931 -0.610809 0.054045 -0.721886 0.060441 -0.689367 0.539423 -0.652614 0.532088 0.846280 0.308547 -0.434291 0.112856 0.991406 -0.066158 0.777800 0.625568 0.060762 
-0.782400 -0.620549 0.052617 -0.722001 0.044157 -0.690481 0.557659 -0.640217 0.528335 0.836165 0.327959 -0.439626 0.107253 0.990708 -0.083638 0.768649 0.635936 0.069031 
-0.774164 -0.630734 0.053348 -0.721497 0.029474 -0.691789 0.575792 -0.624327 0.527902 0.825183 0.343027 -0.448782 0.098692 0.990524 -0.095508 0.759510 0.646350 0.073319 
-0.764883 -0.641720 0.056110 -0.721246 0.015759 -0.692500 0.595522 -0.601969 0.531966 0.812762 0.357724 -0.459839 0.089729 0.990346 -0.105661 0.750331 0.656896 0.074094 
-0.755598 -0.652186 0.061031 -0.722622 0.004497 -0.691229 0.614193 -0.579575 0.535593 0.800127 0.370413 -0.471795 0.080695 0.990344 -0.112725 0.741952 0.666634 0.071458 
-0.745184 -0.663570 0.066150 -0.722032 -0.005899 -0.691834 0.634428 -0.550309 0.542827 0.785820 0.384044 -0.484765 0.071743 0.990407 -0.118097 0.733099 0.676693 0.068209 
-0.735016 -0.674396 0.070301 -0.720207 -0.015171 -0.693594 0.654081 -0.521247 0.548161 0.770760 0.396840 -0.498445 0.062910 0.990574 -0.121679 0.724429 0.686130 0.066544 
-0.723988 -0.686103 0.071448 -0.713966 -0.025443 -0.699717 0.674960 -0.486840 0.554451 0.753559 0.411167 -0.512923 0.053319 0.990746 -0.124815 0.714534 0.696142 0.069477 
-0.713538 -0.697026 0.070834 -0.706246 -0.036063 -0.707048 0.695522 -0.454277 0.556671 0.735018 0.423869 -0.529230 0.043558 0.990808 -0.128074 0.704478 0.705634 0.076099 
-0.693229 -0.049775 -0.718997 -0.702144 -0.708723 0.068600 0.032920 0.990465 -0.133772 0.692547 0.716122 0.086882 0.717374 -0.415423 0.559284 0.713574 0.435391 -0.548860 
-0.677600 -0.064505 -0.732596 -0.690812 -0.719978 0.066416 0.024453 0.989481 -0.142583 0.679515 0.726754 0.100437 0.739746 -0.374779 0.558853 0.689695 0.442740 -0.572976 
-0.660926 -0.080454 -0.746126 -0.679242 -0.731019 0.065129 0.016096 0.988088 -0.153048 0.665443 0.737559 0.114860 0.762075 -0.333101 0.555235 0.663888 0.445836 -0.600402 
-0.637795 -0.099754 -0.763719 -0.665724 -0.743366 0.064952 0.006696 0.986120 -0.165899 0.648675 0.749765 0.130667 0.785512 -0.278903 0.552434 0.633779 0.443631 -0.633653 
-0.002975 0.983952 -0.178408 0.629244 0.762930 0.148288 -0.612641 -0.119071 -0.781340 -0.651007 -0.756266 0.065205 0.807897 -0.224609 0.544842 0.602138 0.435476 -0.669172 
-0.011273 0.981458 -0.191345 0.608361 0.775598 0.168362 -0.583776 -0.138172 -0.800071 -0.634797 -0.770060 0.063564 0.826299 -0.162520 0.539275 0.570276 0.431019 -0.699291 
-0.013585 0.978873 -0.204018 0.589324 0.785220 0.190071 -0.557733 -0.153184 -0.815762 -0.621632 -0.780972 0.060470 0.840038 -0.110056 0.531247 0.543009 0.422169 -0.725889 
-0.012359 0.975807 -0.218283 0.571342 0.792222 0.214365 -0.528777 -0.168142 -0.831939 -0.610837 -0.789819 0.055359 0.850277 -0.058010 0.523128 0.518059 0.410221 -0.750556 
-0.008148 0.972617 -0.232271 0.553754 0.797215 0.240427 -0.499959 -0.181670 -0.846780 -0.602808 -0.796417 0.048404 0.858883 -0.017178 0.511883 0.496686 0.394397 -0.773146 
-0.004880 0.968810 -0.247756 0.534070 0.802221 0.266852 -0.465673 -0.198081 -0.862503 -0.594325 -0.803132 0.041902 0.866036 0.028268 0.499182 0.474843 0.373727 -0.796776 
-0.003449 0.965859 -0.259046 0.514010 0.806846 0.291192 -0.433549 -0.211569 -0.875942 -0.585389 -0.809971 0.035595 0.872562 0.065646 0.484072 0.453727 0.356879 -0.816559 
-0.006742 0.962857 -0.269926 0.493520 0.812902 0.309238 -0.401282 -0.226616 -0.887479 -0.574746 -0.817619 0.034144 0.877621 0.108494 0.466916 0.432050 0.333292 -0.838003 
-0.011706 0.959146 -0.282670 0.473377 0.820332 0.320889 -0.377439 -0.242879 -0.893616 -0.562387 -0.825873 0.040684 0.886496 0.148920 0.438118 0.401835 0.307288 -0.862614 
-0.017163 0.954306 -0.298338 0.452671 0.829080 0.328199 -0.355211 -0.261725 -0.897399 -0.547855 -0.834973 0.051721 0.891254 0.196998 0.408482 0.371586 0.277845 -0.885847 
-0.023314 0.947062 -0.320204 0.433702 0.838623 0.329567 -0.338084 -0.286057 -0.896588 -0.533745 -0.843043 0.066291 0.893889 0.239752 0.378790 0.343483 0.249983 -0.905278 
-0.031756 0.937773 -0.345794 0.414271 0.849743 0.326062 -0.320217 -0.314676 -0.893555 -0.518518 -0.850836 0.084952 0.894788 0.284308 0.344271 0.314380 0.214873 -0.924659 
-0.041383 0.926111 -0.374975 0.396219 0.861577 0.317325 -0.305135 -0.346766 -0.886931 -0.503618 -0.857388 0.106085 0.894314 0.322734 0.309913 0.287451 0.181153 -0.940508 
-0.052173 0.912352 -0.406069 0.377501 0.874576 0.304320 -0.289097 -0.381031 -0.878202 -0.487027 -0.863459 0.131315 0.890859 0.364338 0.271344 0.259965 0.141750 -0.955157 
-0.063071 0.895826 -0.439906 0.360233 0.887830 0.286340 -0.275712 -0.417689 -0.865748 -0.471438 -0.867338 0.159594 0.213580 0.093037 -0.972485 0.886805 0.396636 0.237186 
-0.074559 0.876414 -0.475751 0.342801 0.901255 0.265003 -0.262769 -0.456371 -0.850104 -0.453993 -0.870259 0.191155 0.184886 0.047079 -0.981632 0.880864 0.433075 0.191114 
-0.086332 0.853623 -0.513687 0.327590 0.914139 0.238818 -0.255035 -0.496804 -0.829544 -0.436355 -0.871067 0.225470 0.873186 0.465778 0.143519 
-0.428241 -0.902182 0.051745 -0.099140 0.825851 -0.555105 0.311416 0.926467 0.211374 0.862992 0.497718 0.086730 
0.852032 0.522535 0.031604 -0.109862 0.788604 -0.605007 0.297986 0.937861 0.177825 -0.408856 -0.907745 0.093997 
0.838918 0.543296 -0.032332 -0.130241 0.751546 -0.646697 0.286862 0.947660 0.140184 -0.387020 -0.911607 0.138519 
0.825519 0.555207 -0.101306 -0.158348 0.714920 -0.681040 0.278547 0.955363 0.098455 -0.364991 -0.912354 0.185452 
-0.350804 -0.932252 0.088561 -0.191792 0.682325 -0.705442 0.264664 0.956326 -0.124068 0.796492 0.579546 -0.172418 
-0.332330 -0.935716 0.118293 -0.222221 0.662881 -0.714987 0.245768 0.958305 -0.145775 0.758761 0.610447 -0.227236 0.142137 0.157693 0.977205 
-0.315188 -0.941058 0.122743 -0.240413 0.647327 -0.723305 0.224057 0.965085 -0.135682 0.224439 0.158289 0.961547 0.723665 0.633017 -0.274952 
