0.212262 -0.977213 0.000000 -0.977586 -0.210535 -0.000000 0.968804 0.247829 0.000000 0.505000 -0.863119 0.000000 -0.224448 0.974486 0.000000 -0.501763 0.865005 0.000000 
0.216922 -0.976189 0.000000 -0.976570 -0.215201 -0.000000 0.966498 0.256674 0.000000 0.507055 -0.861914 0.000000 -0.233347 0.972393 0.000000 -0.502741 0.864437 0.000000 
0.224937 -0.974373 0.000000 -0.974769 -0.223215 -0.000000 0.963433 0.267949 0.000000 0.511457 -0.859309 0.000000 -0.244692 0.969601 0.000000 -0.506297 0.862359 0.000000 
0.226897 -0.973919 0.000000 -0.974318 -0.225177 -0.000000 0.963308 0.268400 0.000000 0.512378 -0.858760 0.000000 -0.245145 0.969486 0.000000 -0.507594 0.861596 0.000000 
0.228596 -0.973521 0.000000 -0.973923 -0.226878 -0.000000 0.963808 0.266598 0.000000 0.513256 -0.858236 0.000000 -0.243332 0.969943 0.000000 -0.509349 0.860560 0.000000 
0.225918 -0.974146 0.000000 -0.974543 -0.224203 -0.000000 0.965210 0.261476 0.000000 0.512913 -0.858441 0.000000 -0.238178 0.971221 0.000000 -0.509646 0.860384 0.000000 
0.222606 -0.974909 0.000000 -0.975298 -0.220894 -0.000000 0.967024 0.254685 0.000000 0.512618 -0.858617 0.000000 -0.231345 0.972872 0.000000 -0.510247 0.860028 0.000000 
0.212198 -0.977227 0.000000 -0.977594 -0.210498 -0.000000 0.969180 0.246352 0.000000 0.511621 -0.859211 0.000000 -0.222964 0.974827 0.000000 -0.508864 0.860847 0.000000 
0.201606 -0.979467 0.000000 -0.979813 -0.199918 -0.000000 0.971967 0.235117 0.000000 0.509625 -0.860397 0.000000 -0.211665 0.977342 0.000000 -0.507184 0.861838 0.000000 
0.188891 -0.981998 0.000000 -0.982321 -0.187204 -0.000000 0.975116 0.221694 0.000000 0.507526 -0.861636 0.000000 -0.198169 0.980168 0.000000 -0.505532 0.862808 0.000000 
0.178262 -0.983983 0.000000 -0.984301 -0.176500 -0.000000 0.977888 0.209130 0.000000 0.506273 -0.862373 0.000000 -0.185543 0.982636 0.000000 -0.505047 0.863092 0.000000 
0.171388 -0.985204 0.000000 -0.985574 -0.169244 -0.000000 0.979633 0.200795 0.000000 0.505705 -0.862706 0.000000 -0.177168 0.984181 0.000000 -0.505141 0.863037 0.000000 
0.169439 -0.985541 0.000000 -0.985989 -0.166808 -0.000000 0.980781 0.195110 0.000000 0.505151 -0.863031 0.000000 -0.171458 0.985191 0.000000 -0.505710 0.862703 0.000000 
-0.168240 0.985746 0.000000 0.981413 0.191909 0.000000 -0.986195 -0.165589 -0.000000 -0.506763 0.862085 0.000000 0.168950 -0.985625 0.000000 0.505278 -0.862956 0.000000 
-0.163212 0.986591 0.000000 0.982378 0.186905 0.000000 -0.986020 -0.166625 -0.000000 -0.507561 0.861616 0.000000 0.170814 -0.985303 0.000000 0.504233 -0.863568 0.000000 
-0.159433 0.987209 0.000000 0.983124 0.182942 0.000000 -0.986181 -0.165671 -0.000000 -0.507800 0.861475 0.000000 0.171249 -0.985228 0.000000 0.503115 -0.864219 0.000000 
-0.159546 0.987190 0.000000 0.983212 0.182467 0.000000 -0.986189 -0.165623 -0.000000 -0.507903 0.861414 0.000000 0.173052 -0.984913 0.000000 0.502443 -0.864611 0.000000 
-0.158141 0.987417 0.000000 0.983628 0.180210 0.000000 -0.986305 -0.164935 -0.000000 -0.508135 0.861277 0.000000 0.174768 -0.984610 0.000000 0.501486 -0.865166 0.000000 
-0.160532 0.987031 0.000000 0.983430 0.181289 0.000000 -0.986231 -0.165374 -0.000000 -0.508933 0.860806 0.000000 0.178119 -0.984009 0.000000 0.501625 -0.865085 0.000000 
-0.161368 0.986894 0.000000 0.983549 0.180639 0.000000 -0.986258 -0.165215 -0.000000 -0.509898 0.860235 0.000000 0.181408 -0.983408 0.000000 0.501514 -0.865150 0.000000 
-0.165132 0.986272 0.000000 0.983209 0.182481 0.000000 -0.986069 -0.166338 -0.000000 -0.511668 0.859183 0.000000 0.186492 -0.982456 0.000000 0.502576 -0.864533 0.000000 
-0.168151 0.985761 0.000000 0.983048 0.183347 0.000000 -0.986035 -0.166537 -0.000000 -0.513561 0.858053 0.000000 0.191330 -0.981526 0.000000 0.503506 -0.863992 0.000000 
-0.171797 0.985132 0.000000 0.982885 0.184218 0.000000 -0.986048 -0.166459 -0.000000 -0.515743 0.856743 0.000000 0.196807 -0.980442 0.000000 0.504774 -0.863252 0.000000 
-0.174136 0.984722 0.000000 0.983072 0.183222 0.000000 -0.986306 -0.164928 -0.000000 -0.517878 0.855455 0.000000 0.202016 -0.979382 0.000000 0.505560 -0.862791 0.000000 
-0.176575 0.984287 0.000000 0.983436 0.181258 0.000000 -0.986591 -0.163210 -0.000000 -0.519979 0.854179 0.000000 0.208338 -0.978057 0.000000 0.506099 -0.862475 0.000000 
-0.177406 0.984138 0.000000 0.984288 0.176568 0.000000 -0.987349 -0.158560 -0.000000 -0.521790 0.853074 0.000000 0.213872 -0.976862 0.000000 0.505840 -0.862627 0.000000 
-0.177980 0.984034 0.000000 0.985497 0.169692 0.000000 -0.988289 -0.152596 -0.000000 -0.523279 0.852161 0.000000 0.220292 -0.975434 0.000000 0.504981 -0.863130 0.000000 
-0.178460 0.983947 0.000000 0.987043 0.160453 0.000000 -0.989559 -0.144127 -0.000000 -0.523281 0.852160 0.000000 0.226795 -0.973943 0.000000 0.502499 -0.864578 0.000000 
-0.179066 0.983837 0.000000 0.988916 0.148474 0.000000 -0.990938 -0.134323 -0.000000 -0.522352 0.852730 0.000000 0.234199 -0.972189 0.000000 0.498985 -0.866610 0.000000 
-0.180847 0.983511 0.000000 0.990996 0.133890 0.000000 -0.992606 -0.121377 -0.000000 -0.518236 0.855238 0.000000 0.240265 -0.970707 0.000000 0.493220 -0.869905 0.000000 
-0.185006 0.982737 0.000000 0.993186 0.116536 0.000000 -0.994373 -0.105933 -0.000000 -0.512855 0.858475 0.000000 0.246754 -0.969078 0.000000 0.486783 -0.873523 0.000000 
-0.190856 0.981618 0.000000 0.995514 0.094612 0.000000 -0.996289 -0.086073 -0.000000 -0.505519 0.862815 0.000000 0.252785 -0.967522 0.000000 0.479112 -0.877754 0.000000 
-0.200248 0.979745 0.000000 0.997762 0.066860 0.000000 -0.997969 -0.063694 -0.000000 -0.498152 0.867090 0.000000 0.261778 -0.965128 0.000000 0.471822 -0.881694 0.000000 
-0.214496 0.976725 0.000000 0.999386 0.035042 0.000000 -0.999383 -0.035114 -0.000000 -0.489580 0.871959 0.000000 0.271348 -0.962481 0.000000 0.464368 -0.885642 0.000000 
0.999989 -0.004651 0.000000 -0.999997 -0.002267 -0.000000 0.285935 -0.958249 0.000000 0.458355 -0.888769 0.000000 -0.234380 0.972145 0.000000 -0.482206 0.876058 0.000000 
0.998698 -0.051014 0.000000 -0.999203 0.039916 0.000000 0.302268 -0.953223 0.000000 0.452279 -0.891876 0.000000 -0.261360 0.965241 0.000000 -0.473277 0.880913 0.000000 
0.993644 -0.112569 0.000000 -0.995666 0.092998 0.000000 0.324587 -0.945856 0.000000 0.447273 -0.894397 0.000000 -0.292884 0.956148 0.000000 -0.466075 0.884745 0.000000 
0.982519 -0.186163 0.000000 -0.986456 0.164024 0.000000 0.348258 -0.937399 0.000000 0.442142 -0.896945 0.000000 -0.329431 0.944180 0.000000 -0.458095 0.888903 0.000000 
0.960074 -0.279745 0.000000 -0.966498 0.256675 0.000000 0.379654 -0.925128 0.000000 0.437005 -0.899459 0.000000 -0.367469 0.930036 0.000000 -0.452678 0.891674 0.000000 
0.922146 -0.386841 0.000000 -0.926828 0.375485 0.000000 0.411712 -0.911314 0.000000 0.432618 -0.901577 0.000000 -0.409952 0.912107 0.000000 -0.446755 0.894656 0.000000 
0.424600 -0.905381 0.000000 0.880626 -0.473812 0.000000 0.450812 -0.892619 0.000000 -0.859687 0.510821 0.000000 -0.442842 0.896600 0.000000 
0.416130 -0.909305 0.000000 -0.896362 0.443323 0.000000 0.904687 -0.426077 0.000000 0.440363 -0.897820 0.000000 -0.425780 0.904827 0.000000 -0.434631 0.900609 0.000000 
0.435473 -0.900202 0.000000 0.829616 -0.558334 0.000000 0.467642 -0.883918 0.000000 -0.442372 0.896832 0.000000 -0.814470 0.580206 0.000000 -0.490582 0.871395 0.000000 
0.436993 -0.899465 0.000000 -0.451627 0.892207 0.000000 0.784643 -0.619947 0.000000 0.495771 -0.868453 0.000000 -0.653279 0.757117 0.000000 -0.529471 0.848328 0.000000 
0.433828 -0.900996 0.000000 -0.455937 0.890012 0.000000 0.765285 -0.643692 0.000000 0.523298 -0.852150 0.000000 -0.549238 0.835666 0.000000 -0.533264 0.845949 0.000000 
0.441610 -0.897207 0.000000 -0.465932 0.884820 0.000000 0.762971 -0.646432 0.000000 0.544343 -0.838863 0.000000 -0.565977 0.824421 0.000000 -0.498020 0.867166 0.000000 
0.460575 -0.887621 0.000000 -0.481731 0.876319 0.000000 0.777114 -0.629360 0.000000 0.560230 -0.828337 0.000000 -0.591092 0.806604 0.000000 -0.513591 0.858035 0.000000 
0.480509 -0.876990 0.000000 -0.496678 0.867935 0.000000 0.799809 -0.600254 0.000000 0.563238 -0.826295 0.000000 -0.612207 0.790697 0.000000 -0.550614 0.834760 0.000000 
0.502413 -0.864628 0.000000 -0.514623 0.857417 0.000000 0.825933 -0.563768 0.000000 0.567124 -0.823632 0.000000 -0.629491 0.777008 0.000000 -0.617506 0.786567 0.000000 
0.523966 -0.851739 0.000000 -0.531532 0.847038 0.000000 0.858450 -0.512897 0.000000 0.558718 -0.829358 0.000000 -0.700776 0.713381 0.000000 -0.640668 0.767818 0.000000 
0.883295 -0.468817 0.000000 -0.551545 0.834145 0.000000 0.543511 -0.839402 0.000000 0.554538 -0.832159 0.000000 -0.732326 0.680954 0.000000 -0.647547 0.762026 0.000000 
0.562059 -0.827097 0.000000 0.890856 -0.454287 0.000000 -0.751733 0.659467 0.000000 -0.651919 0.758289 0.000000 -0.557659 0.830070 0.000000 -0.577394 0.816466 0.000000 
0.579428 -0.815023 0.000000 0.896071 -0.443911 0.000000 -0.753604 0.657329 0.000000 -0.654158 0.756358 0.000000 -0.567248 0.823547 0.000000 -0.605581 0.795784 0.000000 
0.592849 -0.805314 0.000000 0.895704 -0.444651 0.000000 -0.764423 0.644716 0.000000 -0.651824 0.758370 0.000000 -0.571512 0.820594 0.000000 -0.627388 0.778707 0.000000 
0.603516 -0.797351 0.000000 0.900305 -0.435259 0.000000 -0.569465 0.822016 0.000000 -0.758428 0.651757 0.000000 -0.649251 0.760574 0.000000 -0.650654 0.759374 0.000000 
0.610667 -0.791888 0.000000 0.902748 -0.430169 0.000000 -0.567494 0.823378 0.000000 -0.758888 0.651221 0.000000 -0.658660 0.752441 0.000000 
0.617487 -0.786581 0.000000 0.907776 -0.419455 0.000000 -0.570310 0.821430 0.000000 -0.754468 0.656337 0.000000 -0.667126 0.744945 0.000000 
0.910483 -0.413546 0.000000 -0.575762 0.817617 0.000000 0.619308 -0.785148 0.000000 0.624475 -0.781045 0.000000 -0.754778 0.655981 0.000000 -0.672837 0.739791 0.000000 
0.916047 -0.401071 0.000000 -0.577987 0.816046 0.000000 0.604949 -0.796264 0.000000 0.635431 -0.772158 0.000000 -0.756952 0.653470 0.000000 -0.679382 0.733785 0.000000 
0.919760 -0.392481 0.000000 -0.575152 0.818047 0.000000 0.585069 -0.810983 0.000000 0.644790 -0.764360 0.000000 -0.760575 0.649250 0.000000 -0.684028 0.729456 0.000000 
0.926286 -0.376821 0.000000 -0.561408 0.827539 0.000000 0.543415 -0.839464 0.000000 0.654509 -0.756054 0.000000 -0.764746 0.644332 0.000000 -0.687488 0.726196 0.000000 
0.933596 -0.358327 0.000000 0.483984 -0.875077 0.000000 0.665803 -0.746128 0.000000 -0.540455 0.841373 0.000000 -0.777015 0.629482 0.000000 -0.690155 0.723661 0.000000 
0.944072 -0.329740 0.000000 0.410151 -0.912018 0.000000 0.672452 -0.740140 0.000000 -0.494441 0.869211 0.000000 -0.784153 0.620568 0.000000 -0.693357 0.720595 0.000000 
0.952081 -0.305846 0.000000 0.350070 -0.936723 0.000000 0.670415 -0.741987 0.000000 -0.423014 0.906123 0.000000 -0.777736 0.628591 0.000000 -0.696700 0.717363 0.000000 
0.956585 -0.291455 0.000000 0.338079 -0.941118 0.000000 0.659085 -0.752068 0.000000 -0.329784 0.944057 0.000000 -0.762820 0.646611 0.000000 -0.701327 0.712840 0.000000 
0.956396 -0.292073 0.000000 -0.259038 0.965867 0.000000 0.312466 -0.949929 0.000000 0.650303 -0.759675 0.000000 -0.756827 0.653615 0.000000 -0.700813 0.713345 0.000000 
0.958770 -0.284183 0.000000 -0.206843 0.978374 0.000000 0.260112 -0.965579 0.000000 0.646087 -0.763264 0.000000 -0.752593 0.658486 0.000000 -0.699756 0.714381 0.000000 
0.962962 -0.269638 0.000000 -0.189951 0.981794 0.000000 0.198315 -0.980138 0.000000 0.648012 -0.761630 0.000000 -0.747577 0.664175 0.000000 -0.699284 0.714844 0.000000 
0.969107 -0.246640 0.000000 0.119962 -0.992779 0.000000 0.650013 -0.759923 0.000000 -0.183709 0.982981 0.000000 -0.742342 0.670021 0.000000 -0.696753 0.717311 0.000000 
0.976003 -0.217755 0.000000 0.037958 -0.999279 0.000000 0.653755 -0.756706 0.000000 -0.193408 0.981118 0.000000 -0.736104 0.676868 0.000000 -0.694331 0.719655 0.000000 
0.983655 -0.180062 0.000000 -0.048841 -0.998807 -0.000000 0.658002 -0.753016 0.000000 -0.201474 0.979494 0.000000 -0.725992 0.687704 0.000000 -0.694482 0.719510 0.000000 
0.990347 -0.138611 0.000000 -0.139965 -0.990156 -0.000000 0.666438 -0.745561 0.000000 -0.219370 0.975642 0.000000 -0.715701 0.698407 0.000000 -0.696378 0.717675 0.000000 
0.995388 -0.095926 0.000000 -0.231561 -0.972820 -0.000000 0.675774 -0.737109 0.000000 -0.241873 0.970308 0.000000 -0.710195 0.704005 0.000000 -0.697104 0.716970 0.000000 
0.997904 -0.064719 0.000000 -0.293592 -0.955931 -0.000000 0.683325 -0.730114 0.000000 -0.261302 0.965257 0.000000 -0.708782 0.705428 0.000000 -0.696940 0.717129 0.000000 
-0.334402 -0.942431 -0.000000 0.999275 -0.038067 0.000000 0.689681 -0.724113 0.000000 -0.264334 0.964431 0.000000 -0.709879 0.704324 0.000000 -0.699405 0.714726 0.000000 
-0.361848 -0.932237 -0.000000 0.999953 -0.009739 0.000000 0.695564 -0.718464 0.000000 -0.259241 0.965813 0.000000 -0.712348 0.701826 0.000000 -0.704691 0.709514 0.000000 
-0.394656 -0.918829 -0.000000 0.999969 -0.007865 0.000000 -0.260534 0.965465 0.000000 0.695544 -0.718483 0.000000 0.699166 -0.714960 0.000000 -0.709673 0.704531 0.000000 -0.702738 0.711448 0.000000 
0.999978 -0.006565 0.000000 0.700284 -0.713864 0.000000 -0.700456 0.713695 0.000000 -0.256822 0.966459 0.000000 -0.429963 -0.902847 -0.000000 0.683306 -0.730132 0.000000 
-0.481091 -0.876671 -0.000000 0.655033 -0.755600 0.000000 -0.692237 0.721671 0.000000 -0.247471 0.968895 0.000000 0.999980 -0.006260 0.000000 0.696875 -0.717192 0.000000 
-0.531608 -0.846990 -0.000000 0.621504 -0.783411 0.000000 -0.681994 0.731357 0.000000 -0.238606 0.971116 0.000000 0.999981 -0.006140 0.000000 0.691291 -0.722576 0.000000 
-0.584317 -0.811526 -0.000000 0.581958 -0.813219 0.000000 -0.668657 0.743571 0.000000 -0.235792 0.971804 0.000000 0.999982 -0.005981 0.000000 0.684041 -0.729443 0.000000 
-0.632221 -0.774788 -0.000000 0.542907 -0.839793 0.000000 -0.656625 0.754218 0.000000 -0.224800 0.974405 0.000000 0.999966 -0.008215 0.000000 0.676077 -0.736831 0.000000 
-0.676684 -0.736274 -0.000000 0.502800 -0.864403 0.000000 -0.644917 0.764253 0.000000 -0.208601 0.978001 0.000000 0.999906 -0.013742 0.000000 0.667524 -0.744589 0.000000 
-0.710957 -0.703235 -0.000000 0.469315 -0.883031 0.000000 -0.634507 0.772917 0.000000 -0.186900 0.982379 0.000000 0.999695 -0.024694 0.000000 0.658943 -0.752193 0.000000 
-0.740266 -0.672314 -0.000000 0.437057 -0.899434 0.000000 -0.623792 0.781590 0.000000 -0.161576 0.986860 0.000000 0.999220 -0.039477 0.000000 0.649716 -0.760177 0.000000 
-0.764269 -0.644897 -0.000000 0.410352 -0.911927 0.000000 -0.614055 0.789263 0.000000 -0.136240 0.990676 0.000000 0.998564 -0.053578 0.000000 0.641006 -0.767536 0.000000 
-0.791389 -0.611312 -0.000000 0.997737 -0.067245 0.000000 -0.109052 0.994036 0.000000 -0.602929 0.797795 0.000000 0.380088 -0.924950 0.000000 0.630827 -0.775923 0.000000 
-0.814682 -0.579908 -0.000000 0.996953 -0.078008 0.000000 -0.085349 0.996351 0.000000 -0.592230 0.805769 0.000000 0.350579 -0.936533 0.000000 0.621209 -0.783645 0.000000 
-0.827872 -0.560916 -0.000000 0.996182 -0.087305 0.000000 -0.063204 0.998001 0.000000 -0.582980 0.812486 0.000000 0.323474 -0.946237 0.000000 0.612039 -0.790827 0.000000 
-0.833263 -0.552877 -0.000000 0.995332 -0.096515 0.000000 -0.041780 0.999127 0.000000 -0.575559 0.817760 0.000000 0.304042 -0.952659 0.000000 0.604013 -0.796974 0.000000 
-0.836185 -0.548448 -0.000000 0.994453 -0.105182 0.000000 -0.019323 0.999813 0.000000 -0.568826 0.822458 0.000000 0.285060 -0.958510 0.000000 0.596569 -0.802562 0.000000 
-0.838162 -0.545422 -0.000000 0.993602 -0.112936 0.000000 0.003413 0.999994 0.000000 -0.563484 0.826127 0.000000 0.271777 -0.962360 0.000000 0.590209 -0.807250 0.000000 
-0.839298 -0.543672 -0.000000 0.992962 -0.118430 0.000000 0.027345 0.999626 0.000000 -0.559038 0.829142 0.000000 0.257295 -0.966333 0.000000 0.584274 -0.811556 0.000000 
-0.840664 -0.541558 -0.000000 0.992451 -0.122639 0.000000 0.051362 0.998680 0.000000 -0.555665 0.831406 0.000000 0.246075 -0.969251 0.000000 0.579104 -0.815254 0.000000 
-0.840854 -0.541262 -0.000000 0.992079 -0.125616 0.000000 0.076627 0.997060 0.000000 -0.552848 0.833282 0.000000 0.233024 -0.972471 0.000000 0.574292 -0.818650 0.000000 
-0.841485 -0.540280 -0.000000 0.991776 -0.127984 0.000000 0.099986 0.994989 0.000000 -0.551502 0.834174 0.000000 0.225953 -0.974138 0.000000 0.570968 -0.820973 0.000000 
-0.838156 -0.545431 -0.000000 0.991691 -0.128641 0.000000 0.122304 0.992493 0.000000 -0.554202 0.832382 0.000000 0.227248 -0.973837 0.000000 0.571747 -0.820430 0.000000 
-0.833865 -0.551969 -0.000000 0.992081 -0.125603 0.000000 0.143708 0.989620 0.000000 -0.561856 0.827235 0.000000 0.243466 -0.969910 0.000000 0.577568 -0.816343 0.000000 
-0.828811 -0.559529 -0.000000 0.992728 -0.120379 0.000000 0.156179 0.987729 0.000000 -0.574078 0.818800 0.000000 0.275721 -0.961238 0.000000 0.588244 -0.808684 0.000000 
-0.819894 -0.572516 -0.000000 0.154334 0.988019 0.000000 -0.580524 0.814243 0.000000 0.992942 -0.118599 0.000000 0.281128 -0.959670 0.000000 0.593777 -0.804630 0.000000 
-0.811235 -0.584720 -0.000000 0.139765 0.990185 0.000000 -0.587367 0.809321 0.000000 0.993145 -0.116892 0.000000 0.289296 -0.957240 0.000000 0.600530 -0.799602 0.000000 
-0.594575 0.804040 0.000000 0.124098 0.992270 0.000000 -0.800363 -0.599516 -0.000000 0.301209 -0.953558 0.000000 0.993238 -0.116099 0.000000 0.607988 -0.793946 0.000000 
-0.603202 0.797589 0.000000 0.104155 0.994561 0.000000 -0.785772 -0.618516 -0.000000 0.320850 -0.947130 0.000000 0.993322 -0.115377 0.000000 0.617219 -0.786791 0.000000 
-0.611703 0.791088 0.000000 0.083435 0.996513 0.000000 -0.770784 -0.637097 -0.000000 0.342536 -0.939505 0.000000 0.993583 -0.113104 0.000000 0.626726 -0.779240 0.000000 
-0.621410 0.783485 0.000000 0.061045 0.998135 0.000000 -0.754052 -0.656815 -0.000000 0.365137 -0.930954 0.000000 0.994191 -0.107630 0.000000 0.637456 -0.770486 0.000000 
-0.631633 0.775267 0.000000 0.040818 0.999167 0.000000 -0.735103 -0.677956 -0.000000 0.383854 -0.923394 0.000000 0.995073 -0.099145 0.000000 0.648094 -0.761560 0.000000 
-0.642733 0.766090 0.000000 0.021844 0.999761 0.000000 -0.710903 -0.703290 -0.000000 0.402841 -0.915270 0.000000 0.995921 -0.090234 0.000000 0.658707 -0.752400 0.000000 
-0.653404 0.757009 0.000000 0.006223 0.999981 0.000000 -0.686313 -0.727306 -0.000000 0.420109 -0.907474 0.000000 0.996697 -0.081213 0.000000 0.668342 -0.743854 0.000000 
-0.665027 0.746819 0.000000 -0.008170 0.999967 0.000000 -0.655251 -0.755411 -0.000000 0.439086 -0.898445 0.000000 0.997387 -0.072249 0.000000 0.678273 -0.734810 0.000000 
-0.676069 0.736839 0.000000 -0.021060 0.999778 0.000000 -0.623223 -0.782044 -0.000000 0.457757 -0.889077 0.000000 0.997989 -0.063381 0.000000 0.687655 -0.726038 0.000000 
-0.687861 0.725843 0.000000 -0.035613 0.999366 0.000000 -0.584992 -0.811039 -0.000000 0.478973 -0.877830 0.000000 0.998555 -0.053739 0.000000 0.697828 -0.716265 0.000000 
-0.698782 0.715335 0.000000 -0.050997 0.998699 0.000000 -0.546838 -0.837238 -0.000000 0.499564 -0.866277 0.000000 0.999035 -0.043919 0.000000 0.707686 -0.706527 0.000000 
-0.071617 0.997432 0.000000 -0.710396 0.703802 0.000000 0.999448 -0.033219 0.000000 0.718840 -0.695176 0.000000 -0.501127 -0.865374 -0.000000 0.520856 -0.853644 0.000000 
-0.094768 0.995499 0.000000 -0.721571 0.692340 0.000000 0.999695 -0.024705 0.000000 0.730448 -0.682969 0.000000 -0.451941 -0.892048 -0.000000 0.540208 -0.841531 0.000000 
-0.120837 0.992672 0.000000 -0.732574 0.680687 0.000000 0.999867 -0.016288 0.000000 0.742472 -0.669877 0.000000 -0.400509 -0.916293 -0.000000 0.557506 -0.830173 0.000000 
-0.154526 0.987989 0.000000 -0.744939 0.667132 0.000000 0.999977 -0.006790 0.000000 0.756248 -0.654285 0.000000 -0.334594 -0.942362 -0.000000 0.573450 -0.819241 0.000000 
0.999995 0.003024 0.000000 0.771459 -0.636279 0.000000 -0.190787 0.981631 0.000000 -0.757879 0.652396 0.000000 -0.267858 -0.963458 -0.000000 0.586020 -0.810297 0.000000 
0.999934 0.011485 0.000000 0.786829 -0.617171 0.000000 -0.230324 0.973114 0.000000 -0.771620 0.636083 0.000000 -0.192986 -0.981201 -0.000000 0.602961 -0.797771 0.000000 
0.999904 0.013877 0.000000 0.799800 -0.600267 0.000000 -0.264846 0.964291 0.000000 -0.782404 0.622772 0.000000 -0.129903 -0.991527 -0.000000 0.613785 -0.789473 0.000000 
0.999920 0.012665 0.000000 0.811076 -0.584940 0.000000 -0.303031 0.952981 0.000000 -0.791032 0.611775 0.000000 -0.068067 -0.997681 -0.000000 0.620787 -0.783979 0.000000 
0.999965 0.008377 0.000000 0.821306 -0.570488 0.000000 -0.341522 0.939874 0.000000 -0.797351 0.603515 0.000000 -0.019996 -0.999800 -0.000000 0.621853 -0.783134 0.000000 
0.999987 0.005037 0.000000 0.832406 -0.554166 0.000000 -0.391426 0.920210 0.000000 -0.803838 0.594848 0.000000 0.032624 -0.999468 0.000000 0.618473 -0.785806 0.000000 
0.999994 0.003571 0.000000 0.843395 -0.537293 0.000000 -0.438560 0.898702 0.000000 -0.810484 0.585760 0.000000 0.075022 -0.997182 0.000000 0.618228 -0.785999 0.000000 
0.999975 0.007002 0.000000 0.854800 -0.518957 0.000000 -0.491736 0.870744 0.000000 -0.818096 0.575081 0.000000 0.122689 -0.992445 0.000000 0.610799 -0.791786 0.000000 
0.999926 0.012204 0.000000 0.866136 -0.499809 0.000000 -0.541135 0.840936 0.000000 -0.826557 0.562853 0.000000 0.165666 -0.986182 0.000000 0.607453 -0.794356 0.000000 
0.999838 0.017982 0.000000 0.877697 -0.479216 0.000000 -0.593184 0.805067 0.000000 -0.836092 0.548589 0.000000 0.215826 -0.976432 0.000000 0.598835 -0.800872 0.000000 
0.999697 0.024609 0.000000 0.888247 -0.459365 0.000000 -0.645923 0.763402 0.000000 -0.844902 0.534922 0.000000 0.259056 -0.965862 0.000000 0.588444 -0.808538 0.000000 
0.999427 0.033844 0.000000 0.898867 -0.438221 0.000000 -0.700908 0.713251 0.000000 -0.853923 0.520399 0.000000 0.302819 -0.953048 0.000000 0.564274 -0.825587 0.000000 
0.999003 0.044640 0.000000 0.908533 -0.417813 0.000000 -0.750735 0.660604 0.000000 -0.862254 0.506476 0.000000 0.339446 -0.940625 0.000000 0.533161 -0.846014 0.000000 
0.998369 0.057092 0.000000 0.918122 -0.396297 0.000000 -0.796652 0.604438 0.000000 -0.871001 0.491282 0.000000 0.378539 -0.925585 0.000000 0.478724 -0.877965 0.000000 
0.997531 0.070231 0.000000 0.926630 -0.375976 0.000000 -0.834575 0.550895 0.000000 -0.878599 0.477559 0.000000 0.399363 -0.916793 0.000000 0.408287 -0.912854 0.000000 
0.996401 0.084766 0.000000 0.934672 -0.355512 0.000000 -0.866614 0.498979 0.000000 -0.886608 0.462522 0.000000 0.246765 -0.969075 0.000000 0.441207 -0.897405 0.000000 
0.994925 0.100623 0.000000 0.941379 -0.337352 0.000000 -0.889626 0.456690 0.000000 -0.894089 0.447888 0.000000 0.470650 -0.882320 0.000000 
-0.903392 0.428816 0.000000 0.992871 0.119191 0.000000 0.947884 -0.318615 0.000000 0.499601 -0.866256 0.000000 
0.522796 -0.852458 0.000000 0.990435 0.137979 0.000000 0.953050 -0.302812 0.000000 -0.911782 0.410674 0.000000 
0.543581 -0.839357 0.000000 0.985314 0.170752 0.000000 0.957111 -0.289722 0.000000 -0.920481 0.390788 0.000000 
0.558078 -0.829788 0.000000 0.976338 0.216249 0.000000 0.960027 -0.279907 0.000000 -0.928459 0.371434 0.000000 
-0.935929 0.352188 0.000000 0.962692 0.270599 0.000000 0.963773 -0.266725 0.000000 0.588357 -0.808601 0.000000 
-0.942332 0.334680 0.000000 0.948141 0.317850 0.000000 0.968652 -0.248422 0.000000 0.626846 -0.779143 0.000000 0.742794 -0.669520 0.000000 
-0.948228 0.317590 0.000000 0.937436 0.348157 0.000000 0.974093 -0.226149 0.000000 0.576348 -0.817205 0.000000 0.658393 -0.752675 0.000000 
