-0.036212 -0.077342 0.004433 -0.245532 -0.122761 0.004962 0.449514 0.359280 0.004968 0.483369 0.226827 0.004950 0.240779 0.311246 0.004758 -0.274557 0.012152 0.005003 
-0.036477 -0.077437 0.004492 -0.245820 -0.122748 0.004968 0.449446 0.358921 0.005493 0.483246 0.226456 0.004994 0.240691 0.310974 0.005480 -0.274773 0.012179 0.005736 
-0.036815 -0.077486 0.004551 -0.246067 -0.123213 0.004967 0.449720 0.358957 0.004916 0.483631 0.226519 0.004484 0.241006 0.310832 0.005411 -0.275289 0.011655 0.005768 
-0.036983 -0.077505 0.004600 -0.246167 -0.123541 0.004961 0.450058 0.359205 0.005570 0.484076 0.226797 0.004628 0.241382 0.310914 0.005468 -0.275588 0.011282 0.006066 
-0.037092 -0.077495 0.004434 -0.246247 -0.123663 0.004957 0.450061 0.359260 0.005672 0.484090 0.226856 0.004657 0.241389 0.310951 0.005579 -0.275750 0.011138 0.006486 
-0.037207 -0.077511 0.004250 -0.246354 -0.123714 0.004949 0.450078 0.359339 0.006044 0.484127 0.226943 0.004683 0.241413 0.310999 0.005912 -0.275874 0.011075 0.007088 
-0.037359 -0.077518 0.003997 -0.246504 -0.123725 0.004941 0.450107 0.359369 0.006375 0.484182 0.226983 0.004707 0.241452 0.310986 0.006281 -0.276020 0.011054 0.007669 
-0.037398 -0.077576 0.004074 -0.246553 -0.123737 0.004949 0.450151 0.359432 0.007019 0.484270 0.227067 0.004733 0.241513 0.310976 0.006938 -0.276035 0.011034 0.008346 
-0.037550 -0.077541 0.003752 -0.246701 -0.123716 0.004935 0.450077 0.359542 0.007463 0.484272 0.227208 0.004598 0.241469 0.310961 0.007546 -0.276177 0.011032 0.009196 
-0.037550 -0.077592 0.003867 -0.246750 -0.123547 0.004946 0.450165 0.359457 0.008505 0.484362 0.227149 0.004631 0.241560 0.310863 0.008589 -0.276074 0.011200 0.010172 
-0.037562 -0.077636 0.003955 -0.246873 -0.123087 0.004961 0.450188 0.359423 0.009613 0.484393 0.227153 0.004663 0.241588 0.310802 0.009702 -0.275861 0.011690 0.011203 
-0.037555 -0.077678 0.004048 -0.246969 -0.122652 0.004983 0.450231 0.359316 0.011067 0.484421 0.227104 0.004691 0.241631 0.310696 0.011165 -0.275631 0.012126 0.012554 
-0.037580 -0.077740 0.004102 -0.247048 -0.122456 0.005349 0.450290 0.359235 0.012579 0.484460 0.227097 0.004717 0.241690 0.310618 0.012688 -0.275511 0.012288 0.014173 
-0.037561 -0.077790 0.004179 -0.247095 -0.122185 0.005819 0.450494 0.359098 0.014455 0.484501 0.227040 0.004754 0.241844 0.310694 0.014570 -0.275301 0.012499 0.016247 
-0.037537 -0.077839 0.004248 -0.247121 -0.121964 0.006547 0.450855 0.358954 0.016476 0.484523 0.226971 0.004773 0.242097 0.311017 0.016720 -0.275079 0.012638 0.018574 
-0.037507 -0.077890 0.004310 -0.247205 -0.121416 0.007494 0.451553 0.359016 0.018861 0.484602 0.227111 0.004762 0.242607 0.311914 0.019722 -0.274676 0.013128 0.021182 
-0.037474 -0.077941 0.004366 -0.247302 -0.120743 0.008612 0.452195 0.358842 0.021171 0.484646 0.227054 0.004779 0.243093 0.312467 0.023047 -0.274175 0.013738 0.023993 
-0.037433 -0.078002 0.004418 -0.247382 -0.120051 0.009975 0.452810 0.358833 0.023648 0.484735 0.227241 0.004831 0.243616 0.312957 0.026994 -0.273586 0.014320 0.027352 
-0.037386 -0.078071 0.004464 -0.247413 -0.119503 0.011524 0.453352 0.358474 0.026371 0.484787 0.227179 0.004842 0.244107 0.312960 0.031134 -0.272976 0.014682 0.031143 
-0.037330 -0.078150 0.004507 -0.247418 -0.118912 0.013406 0.453956 0.358102 0.029344 0.484850 0.227200 0.004853 0.244697 0.312874 0.035888 -0.272216 0.015018 0.035581 
-0.037266 -0.078235 0.004546 -0.247383 -0.118315 0.015591 0.454681 0.357552 0.032595 0.484918 0.227143 0.004862 0.245427 0.312625 0.041104 -0.271311 0.015291 0.040510 
-0.037194 -0.078329 0.004582 -0.247290 -0.117780 0.018036 0.455506 0.356926 0.036132 0.485002 0.227148 0.004864 0.246310 0.312215 0.046892 -0.270261 0.015397 0.045967 
-0.037116 -0.078429 0.004614 -0.247151 -0.117215 0.020703 0.456454 0.356302 0.039929 0.485116 0.227315 0.004849 0.247368 0.311723 0.053099 -0.269014 0.015438 0.051834 
-0.037032 -0.078541 0.004645 -0.246911 -0.116895 0.023554 0.457427 0.355257 0.043915 0.485204 0.227222 0.004860 0.248526 0.310641 0.059647 -0.267659 0.015070 0.058180 
-0.036940 -0.078661 0.004672 -0.246594 -0.116597 0.026674 0.458487 0.354005 0.048143 0.485297 0.227125 0.004870 0.249851 0.309184 0.066579 -0.266049 0.014535 0.065015 
-0.036841 -0.078793 0.004698 -0.246151 -0.116543 0.030029 0.459681 0.352512 0.052683 0.485401 0.227042 0.004877 0.251407 0.307300 0.074031 -0.264239 0.013545 0.072384 
-0.036731 -0.078938 0.004723 -0.245580 -0.116617 0.033705 0.460902 0.350811 0.057497 0.485512 0.227056 0.004877 0.253126 0.304830 0.081848 -0.262085 0.012182 0.080421 
-0.036612 -0.079097 0.004746 -0.244843 -0.116982 0.037646 0.462343 0.348693 0.062610 0.485631 0.226977 0.004880 0.255184 0.301765 0.090187 -0.259627 0.010250 0.089003 
-0.036480 -0.079268 0.004767 -0.243911 -0.117487 0.042041 0.463958 0.346233 0.067986 0.485757 0.226930 0.004886 0.257576 0.298034 0.098982 -0.256652 0.007882 0.098294 
-0.036361 -0.079403 0.004888 -0.242829 -0.118114 0.046722 0.465952 0.343314 0.073661 0.485894 0.226852 0.004894 0.260494 0.293702 0.108347 -0.253246 0.005068 0.108054 
-0.036225 -0.079502 0.005038 -0.241490 -0.118721 0.052003 0.468281 0.340049 0.079648 0.486016 0.226960 0.004907 0.263963 0.288689 0.118303 -0.249055 0.001922 0.118577 
-0.036070 -0.079655 0.005216 -0.239824 -0.119738 0.057708 0.471063 0.336187 0.085771 0.486130 0.226981 0.004920 0.268119 0.282836 0.128726 -0.244219 -0.002002 0.129562 
-0.035889 -0.079819 0.005434 -0.237724 -0.120920 0.064180 0.474360 0.331776 0.092130 0.486311 0.227163 0.004934 0.273094 0.275950 0.139601 -0.238300 -0.006517 0.141353 
-0.035713 -0.079939 0.005605 -0.235120 -0.122779 0.071023 0.478175 0.326401 0.098471 0.486504 0.227033 0.004948 0.278921 0.267659 0.150671 -0.231529 -0.012241 0.153561 
-0.231681 -0.124931 0.078711 0.482033 0.320297 0.104951 0.285338 0.257653 0.162087 -0.223039 -0.018850 0.166553 -0.035284 -0.080153 0.005905 0.486238 0.227152 0.004971 
-0.226941 -0.127727 0.086873 0.486376 0.312552 0.111231 0.292886 0.245233 0.173741 -0.212559 -0.026488 0.179544 -0.034148 -0.080778 0.006224 0.485630 0.226512 0.004993 
-0.220089 -0.129766 0.096341 0.492803 0.302281 0.117087 0.303503 0.229396 0.185870 -0.198543 -0.033450 0.192793 -0.031648 -0.081565 0.006651 0.485796 0.224350 0.004982 
-0.210526 -0.134434 0.102800 0.500985 0.288541 0.121671 0.315032 0.209944 0.193239 -0.183149 -0.044435 0.203769 -0.026248 -0.082297 0.006878 0.489585 0.218225 0.004986 
-0.201110 -0.145010 0.107873 0.512883 0.272295 0.125656 0.328898 0.188400 0.196286 -0.168861 -0.062820 0.213933 -0.022018 -0.084607 0.007099 0.498986 0.209575 0.004979 
-0.185113 -0.165764 0.107746 0.526754 0.251194 0.130628 0.342804 0.161242 0.193467 -0.150512 -0.093515 0.220116 -0.011201 -0.091683 0.007028 0.515735 0.194878 0.006544 
0.544542 0.169665 0.007431 0.545476 0.224495 0.132661 -0.165269 -0.189278 0.096223 0.358483 0.131567 0.180368 -0.134187 -0.128536 0.216175 
0.567902 0.199858 0.147348 -0.150365 -0.192048 0.089277 0.377407 0.055781 0.059196 0.570646 0.147444 0.021114 0.377374 0.109996 0.186100 -0.120913 -0.137075 0.212381 0.057824 -0.046728 0.128213 
0.386518 0.043304 0.092028 0.578563 0.182217 0.184977 0.580049 0.135394 0.056544 -0.139535 -0.185112 0.090449 0.072570 -0.044735 0.126261 -0.106807 -0.131137 0.213167 
0.395947 0.034993 0.133506 0.587050 0.168084 0.236385 0.590641 0.127342 0.105936 -0.135411 -0.182770 0.091003 0.077745 -0.043872 0.126340 -0.101823 -0.129372 0.213741 
0.078373 -0.040700 0.126114 0.402970 0.027540 0.178398 -0.134037 -0.180383 0.089408 -0.102297 -0.125450 0.211960 0.592219 0.154390 0.292026 0.599376 0.118590 0.160280 
0.591165 0.138243 0.354637 0.078534 -0.038054 0.126810 0.405054 0.018462 0.228809 0.602842 0.108043 0.221816 -0.132573 -0.177954 0.083935 -0.104456 -0.123018 0.207367 
-0.130808 -0.181651 0.072393 -0.110086 -0.129132 0.198315 0.396934 0.007841 0.279601 0.593950 0.098612 0.291395 0.572718 0.121530 0.424488 0.074750 -0.038420 0.129028 
-0.125986 -0.186004 0.054491 -0.116115 -0.138538 0.183695 0.379363 -0.006759 0.325938 0.572214 0.086171 0.362901 0.536663 0.102089 0.493945 0.070567 -0.040067 0.132245 
-0.118167 -0.189253 0.034171 -0.120685 -0.147945 0.165819 0.351298 -0.024333 0.368870 0.535700 0.070196 0.434092 0.483820 0.078690 0.560291 0.066095 -0.041385 0.134964 
-0.123987 -0.156255 0.142756 -0.106868 -0.190841 0.010261 0.417729 0.050258 0.619672 0.061286 -0.043012 0.136148 0.486502 0.048847 0.501527 0.314944 -0.045400 0.407298 
-0.131220 -0.164774 0.137354 0.423021 0.023363 0.564051 0.339348 0.017137 0.671986 0.049618 -0.045054 0.149937 -0.103799 -0.191160 0.004704 0.268149 -0.069850 0.443553 
-0.142705 -0.171625 0.135986 0.032580 -0.047637 0.169087 0.352294 -0.006783 0.618180 -0.104107 -0.190112 0.004789 0.215256 -0.098288 0.476614 
-0.155425 -0.178422 0.133099 0.011987 -0.050849 0.186877 0.276140 -0.044265 0.672906 -0.105437 -0.188958 0.004903 0.158695 -0.129176 0.511072 
-0.167501 -0.184563 0.127893 0.197708 -0.092619 0.726682 0.049230 -0.059135 0.081922 -0.010569 -0.055527 0.204808 -0.012149 -0.191664 0.616561 0.103131 -0.165710 0.545280 
-0.177398 -0.192599 0.121593 -0.081313 -0.239054 0.628660 -0.033569 -0.063454 0.220731 0.111912 -0.149729 0.772402 0.041839 -0.207410 0.575028 
0.030752 -0.063758 0.127107 -0.024444 -0.251609 0.592258 0.016532 -0.208263 0.801150 -0.054127 -0.075607 0.233619 -0.181989 -0.202853 0.112568 
0.027530 -0.068845 0.148811 -0.094435 -0.298747 0.598514 -0.070440 -0.085840 0.242635 -0.178465 -0.210789 0.101525 
0.022691 -0.074840 0.176685 -0.087239 -0.097604 0.254705 -0.322197 -0.374150 0.792458 -0.164339 -0.348606 0.594352 
-0.423069 -0.439426 0.741180 -0.107867 -0.110750 0.261225 -0.361074 -0.428786 0.536433 -0.232741 -0.398466 0.577121 0.012405 -0.083102 0.202403 -0.039830 -0.198237 0.029506 
-0.513947 -0.501899 0.671179 -0.129619 -0.127676 0.271081 -0.396727 -0.478499 0.737524 -0.298685 -0.449113 0.545905 -0.002094 -0.095974 0.233369 -0.024507 -0.202809 0.049083 
-0.024257 -0.111937 0.263974 -0.013280 -0.211652 0.074727 -0.593768 -0.560096 0.583435 -0.155723 -0.146585 0.278327 -0.488980 -0.544613 0.669862 -0.360974 -0.499103 0.500342 
-0.055087 -0.131845 0.296802 -0.014880 -0.221049 0.106266 -0.660252 -0.617159 0.483278 -0.186670 -0.168267 0.289784 -0.569776 -0.608183 0.585373 -0.418577 -0.549176 0.440975 
-0.092339 -0.156152 0.309666 -0.028784 -0.240582 0.123359 -0.708307 -0.668174 0.380410 -0.221666 -0.193894 0.286434 -0.631897 -0.662902 0.493651 -0.464365 -0.595706 0.372773 
-0.740269 -0.714714 0.286332 -0.051331 -0.268215 0.122592 -0.137894 -0.185634 0.300257 -0.262826 -0.225948 0.262091 -0.676791 -0.715383 0.407410 -0.497715 -0.640911 0.309535 
-0.762310 -0.760958 0.198354 -0.075704 -0.302680 0.102642 -0.181474 -0.216881 0.267957 -0.301158 -0.260368 0.218214 -0.710155 -0.766180 0.324617 -0.523746 -0.686343 0.246697 
-0.778653 -0.813989 0.113572 -0.223098 -0.246961 0.217115 -0.337501 -0.295918 0.160501 -0.102545 -0.340333 0.066694 -0.737119 -0.819314 0.243712 -0.546734 -0.734588 0.182322 
-0.790755 -0.861579 0.056754 -0.243586 -0.267717 0.213872 -0.355152 -0.316314 0.151572 -0.115748 -0.365717 0.072694 -0.757121 -0.867893 0.189112 -0.566849 -0.774657 0.141183 
-0.801337 -0.875002 0.071516 -0.265825 -0.289997 0.208371 -0.374278 -0.340642 0.142319 -0.131378 -0.393443 0.077600 -0.767409 -0.890496 0.203041 -0.576264 -0.796310 0.160777 
-0.810675 -0.893137 0.077413 -0.286731 -0.310839 0.203084 -0.394212 -0.363818 0.137273 -0.150448 -0.420705 0.079656 -0.775870 -0.912099 0.208252 -0.584732 -0.817428 0.167056 
-0.820072 -0.918741 0.072662 -0.310378 -0.330194 0.203006 -0.416440 -0.385451 0.136768 -0.171394 -0.441406 0.083872 -0.785566 -0.939527 0.203304 -0.595419 -0.841880 0.164537 
-0.826137 -0.941650 0.061751 -0.331044 -0.348391 0.208647 -0.435905 -0.404941 0.141594 -0.189747 -0.456216 0.089120 -0.792744 -0.964294 0.192373 -0.603181 -0.864187 0.157187 
-0.829775 -0.954818 0.061915 -0.207241 -0.468967 0.095690 -0.351236 -0.365191 0.215580 -0.454625 -0.423268 0.147553 -0.796195 -0.980240 0.191976 -0.606895 -0.878955 0.158802 
-0.833447 -0.968486 0.062906 -0.223731 -0.478082 0.103639 -0.369350 -0.378599 0.225196 -0.471796 -0.437871 0.156775 -0.799262 -0.994730 0.192646 -0.610668 -0.892092 0.159608 
-0.838051 -0.985630 0.065093 -0.241101 -0.484046 0.109388 -0.388225 -0.389516 0.233066 -0.489678 -0.450660 0.164812 -0.802606 -1.010545 0.194757 -0.615706 -0.905492 0.159742 
-0.842565 -1.001895 0.069770 -0.259274 -0.489911 0.108964 -0.409247 -0.400152 0.232775 -0.508809 -0.463696 0.163932 -0.805285 -1.024767 0.199296 -0.620471 -0.917205 0.160981 
-0.847618 -1.017214 0.074775 -0.278807 -0.497459 0.098138 -0.432347 -0.410974 0.219889 -0.529423 -0.478254 0.151045 -0.808403 -1.037238 0.204201 -0.625784 -0.927510 0.161727 
-0.853383 -1.031747 0.082057 -0.299585 -0.506316 0.078510 -0.458469 -0.422862 0.195424 -0.551703 -0.495154 0.126351 -0.811768 -1.048453 0.211204 -0.631800 -0.936487 0.163571 
-0.857822 -1.043764 0.090037 -0.312801 -0.508518 0.079687 -0.474227 -0.429136 0.195954 -0.565443 -0.502845 0.125694 -0.814094 -1.058033 0.218777 -0.636576 -0.944025 0.166979 
-0.862030 -1.053027 0.103894 -0.323182 -0.510310 0.081464 -0.487590 -0.434796 0.196117 -0.576496 -0.509510 0.123982 -0.815488 -1.065808 0.231801 -0.640647 -0.949762 0.175612 
-0.864517 -1.057032 0.122023 -0.329818 -0.513331 0.082892 -0.496925 -0.440580 0.195410 -0.583708 -0.516270 0.121724 -0.815029 -1.070321 0.248768 -0.642247 -0.952769 0.189424 
-0.866607 -1.058135 0.148648 -0.335302 -0.516411 0.085307 -0.506044 -0.446955 0.194398 -0.589967 -0.523281 0.118102 -0.812964 -1.072778 0.273539 -0.642561 -0.953945 0.210014 
-0.866988 -1.056679 0.176984 -0.337869 -0.519288 0.087386 -0.511612 -0.452106 0.193110 -0.593113 -0.528753 0.114543 -0.809153 -1.073128 0.299762 -0.640811 -0.953624 0.232134 
-0.866626 -1.055260 0.208595 -0.339923 -0.520568 0.090067 -0.516978 -0.456070 0.191895 -0.595690 -0.532607 0.110430 -0.804094 -1.073212 0.328834 -0.638398 -0.952960 0.256183 
-0.865061 -1.053517 0.235803 -0.339326 -0.520444 0.092835 -0.518984 -0.457549 0.191045 -0.595461 -0.533545 0.106986 -0.799026 -1.071671 0.354123 -0.635601 -0.951160 0.276900 
-0.862932 -1.051976 0.263153 -0.338915 -0.518559 0.096585 -0.521395 -0.457742 0.190819 -0.595296 -0.532610 0.103507 -0.793657 -1.068929 0.379786 -0.632880 -0.948383 0.297245 
-0.859970 -1.049204 0.286131 -0.338107 -0.516733 0.099314 -0.523013 -0.457500 0.189750 -0.594553 -0.531282 0.099595 -0.788453 -1.064157 0.401680 -0.629734 -0.944261 0.314348 
-0.856106 -1.045492 0.310103 -0.338170 -0.514687 0.101090 -0.526078 -0.457509 0.186525 -0.594439 -0.530099 0.092998 -0.782541 -1.057541 0.424702 -0.626018 -0.938744 0.332064 
-0.851599 -1.040660 0.331144 -0.338375 -0.513324 0.103616 -0.528626 -0.457715 0.184795 -0.594297 -0.529278 0.088587 -0.776672 -1.049600 0.445144 -0.621750 -0.932454 0.347832 
-0.845696 -1.035521 0.354699 -0.338630 -0.512426 0.106599 -0.531641 -0.458508 0.182212 -0.593861 -0.528668 0.082732 -0.769404 -1.040940 0.468012 -0.616192 -0.925862 0.365656 
-0.839151 -1.031928 0.376346 -0.337918 -0.512636 0.109010 -0.533227 -0.459616 0.179161 -0.592274 -0.528781 0.077085 -0.761942 -1.033567 0.489155 -0.610328 -0.920473 0.382307 
-0.831451 -1.030119 0.399457 -0.335739 -0.513224 0.111869 -0.533519 -0.460503 0.174968 -0.588700 -0.528503 0.069988 -0.753455 -1.027733 0.511710 -0.603636 -0.916468 0.400498 
-0.826314 -1.033913 0.413780 -0.332030 -0.514742 0.113614 -0.531445 -0.461366 0.170733 -0.583645 -0.528927 0.063959 -0.748815 -1.027313 0.526208 -0.600440 -0.916451 0.412682 
-0.826150 -1.047143 0.414836 -0.527832 -0.463588 0.164769 -0.576570 -0.531647 0.056684 -0.326755 -0.517916 0.114828 -0.373077 -0.587418 0.004974 -0.751687 -1.036254 0.528969 -0.603802 -0.923150 0.417026 
-0.827973 -1.065116 0.410913 -0.522062 -0.464542 0.158101 -0.566666 -0.532325 0.048075 -0.319429 -0.520218 0.116658 -0.361554 -0.589460 0.004966 -0.756961 -1.051705 0.526962 -0.609679 -0.934330 0.418682 
-0.518677 -0.467875 0.150644 -0.831738 -1.089016 0.398557 -0.557904 -0.535038 0.038216 -0.314331 -0.523705 0.118964 -0.351003 -0.592323 0.004987 -0.766044 -1.073090 0.517387 -0.619338 -0.949642 0.415252 
-0.517384 -0.472700 0.143036 -0.834839 -1.111151 0.382050 -0.549861 -0.537750 0.027262 -0.311376 -0.527480 0.122111 -0.341209 -0.593949 0.004911 -0.774429 -1.094157 0.503506 -0.628238 -0.964710 0.408294 
-0.516567 -0.481261 0.130839 -0.838175 -1.134330 0.346625 -0.308747 -0.532956 0.126792 -0.326871 -0.595273 0.005004 -0.786107 -1.120148 0.472234 -0.638872 -0.982373 0.391404 
-0.513493 -0.487552 0.129970 -0.839951 -1.154791 0.288323 -0.304991 -0.535783 0.138802 -0.312677 -0.591046 0.012585 -0.799445 -1.143533 0.418409 -0.650161 -0.998873 0.355309 
-0.507248 -0.494334 0.134496 -0.836942 -1.174509 0.210519 -0.300047 -0.541775 0.160857 -0.293981 -0.586624 0.030489 -0.811789 -1.170419 0.344834 -0.660937 -1.018498 0.307990 
-0.490573 -0.494456 0.137424 -0.826732 -1.192786 0.125609 -0.288279 -0.547828 0.183321 -0.266884 -0.579738 0.050776 -0.668112 -1.040198 0.253571 
-0.480154 -0.496290 0.137043 -0.818242 -1.217816 0.182030 -0.280649 -0.552754 0.190777 -0.252471 -0.578479 0.058156 -0.668590 -1.054739 0.051697 
-0.815976 -1.232468 0.139320 -0.278652 -0.562431 0.196302 -0.475272 -0.501793 0.136790 -0.244987 -0.582302 0.063955 -0.661475 -1.067330 0.017518 
-0.820005 -1.240955 0.141059 -0.234169 -0.589925 0.071889 -0.274008 -0.573183 0.202949 -0.466092 -0.506467 0.135641 
-0.822524 -1.255294 0.139727 -0.225655 -0.599613 0.076444 -0.268244 -0.582146 0.206541 -0.456894 -0.510477 0.134762 
-0.822949 -1.267988 0.139066 -0.220039 -0.608619 0.079435 -0.797777 -1.269321 0.004699 -0.264261 -0.590317 0.208870 -0.450413 -0.515119 0.134235 
-0.823812 -1.272548 0.138409 -0.218658 -0.614750 0.081032 -0.795681 -1.277868 0.004729 -0.262336 -0.595367 0.210495 -0.447698 -0.518117 0.135990 
-0.825149 -1.275570 0.137040 -0.218798 -0.617191 0.082464 -0.792818 -1.287857 0.004777 -0.260313 -0.596813 0.212484 -0.445822 -0.517608 0.140438 
-0.823877 -1.292194 0.135337 -0.216213 -0.615578 0.081802 -0.787095 -1.310591 0.004959 -0.256586 -0.594761 0.212112 -0.441588 -0.513229 0.141370 
-0.821248 -1.309857 0.134236 -0.208914 -0.612057 0.084657 -0.782155 -1.331101 0.004968 -0.394711 -0.524491 0.013906 -0.432905 -0.506552 0.143942 
-0.820329 -1.316623 0.133079 -0.201727 -0.609148 0.087855 -0.779153 -1.340777 0.004973 -0.385373 -0.516953 0.017372 -0.424016 -0.500268 0.147442 
-0.818959 -1.320719 0.132042 -0.196806 -0.606468 0.093932 -0.774809 -1.345689 0.005089 -0.379157 -0.510786 0.024745 -0.417516 -0.495244 0.155041 
-0.817407 -1.321606 0.131155 -0.193113 -0.602045 0.105032 -0.770956 -1.347380 0.005187 -0.374898 -0.503016 0.039145 -0.412100 -0.489619 0.170013 
-0.815762 -1.322242 0.130224 -0.188559 -0.596735 0.120774 -0.767624 -1.348446 0.004980 -0.369536 -0.493352 0.059510 -0.405303 -0.483163 0.191065 
-0.814185 -1.322676 0.129273 -0.182227 -0.592522 0.135759 -0.764126 -1.349713 0.004963 -0.361856 -0.484481 0.078713 -0.396473 -0.477241 0.210770 
-0.353232 -0.477506 0.093453 -0.761914 -1.349917 0.004970 -0.175368 -0.589780 0.147790 -0.387711 -0.472889 0.225663 -0.812713 -1.322490 0.128893 
-0.346983 -0.472759 0.103943 -0.759842 -1.350443 0.004971 -0.170579 -0.588227 0.156314 -0.381767 -0.470558 0.236137 -0.810918 -1.323113 0.128802 
-0.344334 -0.470372 0.107937 -0.757270 -1.352767 0.005739 -0.168599 -0.587349 0.159192 -0.379216 -0.469413 0.240119 -0.808902 -1.325171 0.129281 
-0.345086 -0.468444 0.108063 -0.754085 -1.359834 0.008574 -0.169032 -0.585347 0.158388 -0.380088 -0.468825 0.240216 -0.805600 -1.331357 0.131964 
-0.344246 -0.466747 0.103314 -0.751628 -1.367126 0.011867 -0.168371 -0.583739 0.154057 -0.379921 -0.467696 0.235285 -0.802907 -1.337463 0.135076 
-0.343010 -0.465025 0.096585 -0.167564 -0.582252 0.148261 -0.748976 -1.376178 0.015999 -0.379922 -0.466794 0.228207 -0.799975 -1.344896 0.138923 
-0.341583 -0.464011 0.087526 -0.166695 -0.581367 0.140777 -0.746761 -1.384434 0.019869 -0.379847 -0.466029 0.218758 -0.797490 -1.351622 0.142506 
-0.341183 -0.463684 0.076952 -0.166811 -0.580783 0.132415 -0.744390 -1.393342 0.024159 -0.381555 -0.466504 0.207535 -0.794545 -1.359028 0.146621 
-0.340364 -0.464914 0.063509 -0.166741 -0.581490 0.122320 -0.743085 -1.399482 0.027715 -0.383321 -0.468009 0.193259 -0.792432 -1.363935 0.150154 
-0.338286 -0.468691 0.046471 -0.166143 -0.584298 0.111243 -0.741309 -1.406823 0.030626 -0.385501 -0.471743 0.174734 -0.790346 -1.370412 0.152934 
-0.337670 -0.474557 0.031689 -0.167047 -0.588951 0.102369 -0.738633 -1.418131 0.034193 -0.388586 -0.476779 0.158545 -0.787998 -1.381409 0.156276 
-0.337408 -0.483391 0.013449 -0.168893 -0.595662 0.092136 -0.735726 -1.433406 0.045767 -0.393434 -0.484837 0.138144 -0.784444 -1.395947 0.167887 -0.700026 -1.198246 0.136557 
-0.338152 -0.489314 0.006522 -0.170982 -0.600883 0.088985 -0.397001 -0.491072 0.129906 -0.701092 -1.211993 0.148527 -0.732734 -1.449118 0.061417 -0.780028 -1.411258 0.183971 
-0.337585 -0.495054 0.006427 -0.171454 -0.607703 0.089520 -0.395533 -0.493915 0.130244 -0.701406 -1.224891 0.164112 -0.729685 -1.463609 0.080256 -0.775013 -1.425459 0.203462 
-0.336899 -0.501997 0.005695 -0.171502 -0.615788 0.088697 -0.392025 -0.495671 0.130639 -0.701125 -1.235299 0.180224 -0.727582 -1.475198 0.099193 -0.770535 -1.436634 0.223119 
-0.336773 -0.508755 0.005390 -0.172173 -0.623616 0.088501 -0.390011 -0.498857 0.130920 -0.700619 -1.243400 0.197363 -0.725829 -1.484736 0.120296 -0.766098 -1.445042 0.244765 
-0.336835 -0.515075 0.005196 -0.172624 -0.631888 0.086334 -0.383488 -0.496863 0.132403 -0.700709 -1.249648 0.213008 -0.724864 -1.492214 0.139551 -0.762777 -1.451392 0.264394 
-0.336809 -0.519621 0.005166 -0.173332 -0.637755 0.085873 -0.380935 -0.498035 0.132746 -0.699830 -1.252809 0.229887 -0.724233 -1.496722 0.161123 -0.759337 -1.454020 0.286160 
-0.173626 -0.645329 0.084053 -0.699374 -1.253306 0.246072 -0.373229 -0.495147 0.133266 -0.213034 -0.613292 0.212368 -0.724488 -1.497998 0.180398 -0.756945 -1.454103 0.305736 
-0.174130 -0.650364 0.083750 -0.697479 -1.250702 0.263772 -0.370357 -0.495868 0.133184 -0.210716 -0.614943 0.212011 -0.724098 -1.496360 0.202444 -0.753332 -1.450603 0.327909 
-0.174397 -0.654772 0.083213 -0.695430 -1.246389 0.279100 -0.366639 -0.495438 0.132945 -0.207326 -0.615278 0.211275 -0.723810 -1.492691 0.221241 -0.750214 -1.445419 0.346772 
-0.174659 -0.659864 0.082138 -0.692778 -1.241261 0.294218 -0.361143 -0.494002 0.132445 -0.202227 -0.615050 0.209715 -0.722753 -1.488230 0.240131 -0.746293 -1.439334 0.365609 
-0.174584 -0.667164 0.080399 -0.690445 -1.235734 0.308766 -0.350460 -0.490078 0.130655 -0.192350 -0.613260 0.206187 -0.722138 -1.482987 0.257008 -0.742990 -1.433171 0.382600 
-0.174443 -0.673415 0.079587 -0.686797 -1.229129 0.325313 -0.342667 -0.488726 0.128659 -0.185524 -0.613587 0.203449 -0.720495 -1.476769 0.276774 -0.738091 -1.425669 0.402349 
-0.173998 -0.678065 0.079552 -0.683205 -1.222141 0.340322 -0.337021 -0.488419 0.127254 -0.180749 -0.614485 0.201847 -0.719128 -1.470033 0.294753 -0.733677 -1.417746 0.420228 
-0.174146 -0.682642 0.079183 -0.679200 -1.215667 0.354171 -0.332931 -0.489128 0.125630 -0.177249 -0.616047 0.200011 -0.716821 -1.463960 0.312304 -0.728511 -1.410162 0.437440 
