47.148387
21.358734
23.230310
22.863411
24.223645
23.332554
22.689077
20.192303
18.353395
15.865383
14.263501
12.481088
11.450256
10.619366
10.607395
10.932071
11.638135
12.308680
13.171372
14.184821
15.611812
17.385407
19.579255
22.089621
25.028097
28.450591
32.563765
37.464591
43.342273
50.297673
58.506415
68.127316
79.346629
92.301554
107.187960
124.129151
143.372269
165.123105
189.696899
217.194415
139.041565
46.408213
38.882595
32.277154
26.214047
21.970295
19.884865
16.728420
15.732119
12.730996
10.646699
8.745333
8.123007
7.316912
7.283331
7.276812
7.927118
8.767822
10.254756
11.949988
13.949549
15.606847
17.898312
13.168202
4.875015
2.011273
1.210471
2.175669
4.447306
6.921333
9.801472
10.726685
10.341121
9.037428
8.444769
6.926524
3.497584
1.965997
1.394211
1.339447
1.715681
1.640709
1.500266
1.406077
1.688080
1.944816
1.899588
1.987307
2.342436
2.299064
2.352852
2.160652
2.312225
2.343487
2.621411
2.445053
2.286696
2.805588
3.860181
1.008664
1.385674
2.118261
2.637085
2.255149
1.831949
1.440296
1.176389
1.042509
1.155660
1.340066
1.711015
2.021045
2.676365
3.219963
3.746280
5.029312
5.202966
5.093310
4.532816
5.224489
5.668870
6.310233
5.535461
5.346660
5.034442
5.292189
5.454419
6.370034
7.348622
9.048864
10.898584
13.363055
16.249503
19.876674
23.471020
27.324493
29.924311
15.605982
9.591056
6.712771
