37.049748
20.010707
19.582699
18.019339
17.617136
15.465083
13.649884
10.732345
8.412463
5.845651
4.053130
2.500751
1.643085
1.099708
0.989146
0.947992
1.130952
1.300764
1.594505
1.738304
1.843202
1.678747
1.424112
1.021390
0.651618
0.323429
0.127764
0.032529
0.011584
0.010882
0.013106
0.024574
0.052981
0.096529
0.158912
0.209836
0.245008
0.236507
0.195146
0.128532
0.064793
0.020637
0.001748
0.001223
0.001634
0.002276
0.003642
0.005639
0.007643
0.013235
0.007783
0.006735
0.006541
0.009733
0.009643
0.010129
0.010239
0.009795
0.012648
0.008800
0.007766
0.006955
0.006016
0.004929
0.004042
0.003313
0.003032
0.003205
0.003371
0.003322
0.003365
0.006893
0.005159
0.004309
0.002548
0.002525
0.002308
0.002029
0.001597
0.005734
0.002081
0.002598
0.003560
0.004023
0.003489
0.002937
0.002580
0.006131
0.033624
0.000925
0.000885
0.001058
0.000849
0.000693
0.000808
0.000770
0.001291
0.002619
0.002640
0.000720
0.000495
0.000517
0.000412
0.000307
0.000106
0.000104
0.000077
0.000209
0.000524
0.000969
0.000490
0.000367
0.000292
0.000212
0.001716
0.005230
0.000244
0.002239
0.000316
0.000368
0.000065
0.000064
0.000060
0.000038
0.000042
0.000028
0.000018
0.000011
0.000009
0.000048
0.000367
0.000584
0.000976
0.000301
0.000165
0.000283
0.000240
0.000342
0.000447
0.000352
