15.143822
14.032340
13.305188
11.107863
9.510008
7.073940
5.322420
3.476671
2.378615
1.462200
1.106990
0.855193
0.906841
0.951749
1.187735
1.316612
1.477197
1.403683
1.285798
0.982407
0.699472
0.398459
0.202989
0.074233
0.029212
0.014038
0.023380
0.045286
0.094259
0.142208
0.188501
0.194705
0.181402
0.134518
0.084012
0.036967
0.010595
0.000773
0.000220
0.000797
0.000292
0.000206
0.000194
0.000189
0.000169
0.000123
0.000118
0.000249
0.000274
0.000205
0.000241
0.000130
0.000102
0.000097
0.000086
0.000079
0.000061
0.000063
0.000040
0.000049
0.000030
0.000026
0.000026
0.000019
0.000023
0.000013
0.000007
0.000047
0.000054
0.000026
0.000026
0.000012
0.000025
0.000009
0.000012
0.000004
0.000002
0.000007
0.000584
0.000008
0.000003
0.000003
0.017972
0.000093
0.000033
0.000019
0.000025
0.000031
0.000018
0.000028
0.002463
0.000043
0.000078
0.000060
0.000043
0.000050
0.000070
0.000054
0.000073
0.000099
0.000890
0.000075
0.000067
0.000061
0.000072
0.000078
0.000049
0.000847
0.000022
0.000019
0.000022
0.000014
0.000029
0.000011
0.000015
0.000011
0.000012
0.000011
0.000005
0.000004
0.000006
0.000022
0.000226
0.000055
0.000105
0.000137
0.000106
0.000171
0.000349
0.000299
0.000264
0.000246
0.000182
0.000138
0.000123
0.000215
0.000108
0.000604
0.001386
0.000529
