12.013399
10.443170
9.981524
9.822321
9.764002
9.575797
9.578479
9.616566
9.790454
10.030863
10.387291
10.822703
11.382357
12.059895
12.915336
13.962019
15.250372
16.786669
18.624063
20.783973
23.327093
26.301644
29.797391
33.895690
38.703949
44.324074
50.888774
58.526634
67.410197
77.688413
89.592558
103.298112
119.059675
137.061696
157.603296
163.494581
172.022347
180.507519
189.093185
102.518264
85.156009
75.525643
74.836870
44.252861
45.501430
41.949691
38.831208
38.693374
41.895046
47.262674
50.705264
56.477314
64.210016
65.508695
61.879375
62.509587
63.151345
64.639792
66.152302
68.619871
71.519516
68.268714
64.395354
63.778655
65.747901
51.991617
20.996678
15.158612
12.243985
9.875459
8.553907
6.148600
5.893000
5.906182
6.322849
4.649483
4.946382
1.261028
0.712017
1.143275
1.903509
2.045025
1.911020
1.422697
1.349538
1.122610
1.270872
1.124779
1.360001
1.220423
1.378086
0.814808
1.592488
1.560703
1.453122
2.815512
7.134299
12.557285
18.385640
18.642289
12.270216
3.212003
2.732098
1.788264
1.133515
1.501767
3.662133
1.276440
0.717289
0.279397
0.620643
1.132659
1.333239
1.154307
0.737472
0.319982
0.224504
0.371304
0.466973
0.663760
0.812355
1.073885
1.204815
1.066617
1.250796
2.637611
1.238599
1.492627
1.380269
1.270838
1.062432
1.033819
1.041134
1.124012
0.905519
1.015097
1.288228
1.359911
1.068687
0.825612
