0.079758
0.088463
0.093508
0.102624
0.110375
0.115671
0.120749
0.124805
0.128997
0.134185
0.140970
0.148924
0.158360
0.169460
0.181477
0.196941
0.215206
0.238703
0.265966
0.298064
0.335474
0.379287
0.430801
0.491487
0.562453
0.646381
0.744570
0.857395
0.989027
1.139589
1.314763
1.515764
1.748510
2.014271
2.319034
2.390370
2.531045
2.680790
2.735915
0.748541
0.476948
0.310606
0.216891
5.541098
5.512822
5.509194
5.504700
5.491130
0.000949
0.005654
0.351974
0.141536
0.106710
0.092472
4.972976
4.800443
4.261516
0.189021
0.071798
0.099266
0.603950
0.158490
0.230398
0.329141
0.476599
0.252536
5.486068
5.395876
5.343868
0.000814
0.001760
5.385988
0.000239
0.000032
0.000476
0.000204
0.000922
5.370756
5.388860
5.397064
5.399693
5.393548
5.383637
5.372649
5.364315
5.352799
5.328996
5.316555
5.293828
5.268941
5.231936
0.000385
0.003704
0.001025
0.002294
0.002320
0.011016
0.017560
0.026290
0.034794
0.034819
0.011428
4.818568
4.697008
4.596273
4.541820
0.002405
0.000105
0.000158
4.365259
4.326095
4.303488
4.280004
4.248826
4.218923
4.197646
0.000033
0.000787
0.001718
0.002672
0.003911
0.005130
0.006194
0.000363
4.128824
0.000051
4.042982
3.991416
3.939439
3.893708
3.840850
3.803812
3.757769
3.731644
3.710489
3.685546
3.647838
3.615938
3.593559
3.572500
