0.048244
0.000000
0.013890
0.034173
0.046393
0.056632
0.061864
0.070445
0.076952
0.081564
0.086059
0.094243
0.103855
0.115512
0.126597
0.137835
0.150219
0.162927
0.176084
0.189610
0.206037
0.225113
0.250604
0.285471
0.329975
0.383326
0.449739
0.528440
0.623325
0.732460
0.854418
0.994060
1.152794
1.338584
1.549391
1.795335
2.071284
2.388855
2.732435
3.106998
0.894108
0.121868
5.131227
5.394084
5.627651
5.803875
0.002954
0.007522
0.014710
0.009075
0.005044
0.002468
0.000861
0.001010
0.001404
0.001773
0.001409
0.002747
0.005490
0.010137
0.007799
0.014736
0.024190
0.009530
3.736938
3.440807
3.182364
5.005085
4.972872
0.000472
0.003136
4.815240
4.727556
4.659609
4.614085
4.522874
4.502451
4.490315
0.000277
0.000729
0.000751
0.000584
2.306424
2.215594
4.269293
4.250723
4.214752
4.177956
4.149543
4.137384
4.126243
4.112118
4.078666
4.035572
3.983975
3.940616
3.925596
3.931185
0.443339
0.445188
0.004090
0.011350
0.014064
0.010022
0.003993
4.139723
4.170517
4.191725
4.214235
4.226209
4.229342
4.219851
4.210019
4.205725
4.202149
4.209902
4.228052
4.252816
4.275903
4.295455
4.309992
4.331265
4.352250
4.384247
4.434277
4.510722
4.602437
4.716718
0.000565
0.001485
0.005038
0.009406
0.018275
0.033551
0.027748
0.042085
0.034871
4.869072
4.773106
4.733708
