0.049761
0.056800
0.071376
0.082848
0.095855
0.104822
0.118859
0.132695
0.146728
0.162261
0.178114
0.196069
0.212932
0.232227
0.251574
0.273328
0.299459
0.320732
0.348345
0.375047
0.405085
0.437707
0.470806
0.506153
0.543387
0.582104
0.622128
0.662536
0.703521
0.744688
0.784143
0.821103
0.854588
0.883619
0.906964
0.902001
0.908694
0.947215
0.959105
0.878786
0.774424
0.796046
0.814949
0.794758
0.796116
0.797789
0.796492
0.794664
0.793075
0.758305
0.751627
0.743450
0.864221
0.732227
0.726935
0.711630
0.000000
0.000000
0.703834
0.688290
0.679837
0.641895
0.635404
0.624504
0.732273
0.710364
0.716479
0.706045
0.698530
0.694632
0.693013
0.694051
0.693702
0.694169
0.695358
0.695211
0.695614
0.701816
0.705152
0.707499
0.709564
0.710190
0.710426
0.710013
0.709843
0.588410
0.590780
0.591252
0.591780
0.589793
0.588955
0.588307
0.702913
0.699416
0.695023
0.691119
0.680163
0.682212
0.679233
0.668032
0.660560
0.665305
0.651549
0.639757
0.630556
0.626326
0.624044
0.619511
0.613333
0.607957
0.606569
0.607966
0.606973
0.603279
0.599399
0.595794
0.594343
0.593095
0.591530
0.588907
0.586782
0.583575
0.581333
0.575103
0.572256
0.564864
0.569686
0.567801
0.558928
0.555035
0.550432
0.548165
0.544837
0.543522
0.542550
0.541409
0.536672
0.537281
0.535730
0.534667
