0.028450
0.008277
0.018045
0.028453
0.037368
0.047851
0.044761
0.067489
0.082310
0.090894
0.105351
0.117401
0.132757
0.148968
0.168874
0.182803
0.205108
0.219157
0.239059
0.258165
0.285627
0.301254
0.325148
0.352601
0.382044
0.414634
0.447926
0.483592
0.520870
0.557978
0.595167
0.629875
0.664725
0.697695
0.728240
0.753422
0.774319
0.782305
0.785826
0.783635
0.656800
0.686905
0.993925
0.851116
0.745165
0.769529
0.795007
0.784849
0.778833
0.849915
0.873960
0.863680
0.823344
0.856542
0.766784
0.771022
0.718978
0.742848
0.720323
0.730593
0.704250
0.698789
0.691673
0.774917
0.699347
0.697216
0.688492
0.684571
0.677991
0.667889
0.659499
0.653984
0.640768
0.637647
0.628470
0.641144
0.658365
0.636824
0.633522
0.628397
0.623825
0.618138
0.613626
0.610586
0.608085
0.604357
0.599584
0.597475
0.597297
0.595246
0.592282
0.587900
0.583360
0.578648
0.574984
0.572192
0.570826
0.567158
0.563528
0.579547
0.585438
0.593072
0.601480
0.606330
0.609586
0.609980
0.609502
0.610472
0.612118
0.613145
0.615205
0.615878
0.619806
0.621199
0.623225
0.626133
0.625495
0.625248
0.622662
0.622957
0.621011
0.619422
0.613970
0.609844
0.604968
0.601395
0.597667
0.593680
0.589491
0.585037
0.580606
0.575977
0.571548
0.000000
0.000000
0.000000
0.000000
0.000000
0.000000
0.000000
