0.079846
0.082919
0.098288
0.106026
0.114634
0.114076
0.120740
0.125082
0.127677
0.132774
0.138118
0.147151
0.153712
0.164786
0.175621
0.191227
0.217000
0.230767
0.260225
0.287252
0.323926
0.369558
0.418310
0.477779
0.548366
0.631137
0.727926
0.838666
0.968474
1.123142
1.297167
1.495402
1.719975
1.978703
2.276703
2.238605
2.261367
2.314308
2.523631
1.227477
0.157067
0.940172
2.563637
0.649268
0.891890
0.747713
0.459010
0.379086
0.286619
0.404237
1.276788
1.116815
0.854940
1.481391
1.096287
2.673032
5.155319
6.188202
3.940996
4.889943
5.738631
6.220939
6.513564
6.361687
5.875041
4.395191
1.362521
0.114394
6.122015
6.096803
6.102511
0.015570
4.399643
4.257542
6.281590
6.186725
6.037801
3.990845
0.010691
0.041949
0.087440
0.097566
0.081892
0.052830
0.036215
0.037071
0.045346
0.036300
9.500453
9.634109
9.831074
9.903022
2.890819
2.616001
5.032759
1.925860
4.667049
4.961708
0.446643
6.663138
5.322194
0.030980
0.000163
5.110439
5.022819
0.000021
0.001994
0.004790
0.007733
0.007158
0.024207
0.065747
0.082500
0.060682
0.035525
0.008629
0.004919
0.000186
4.967148
4.940144
4.905792
4.866338
4.823631
4.722813
4.670073
4.569990
0.009563
0.042004
0.001156
0.000481
0.000006
0.000540
0.000450
0.000773
0.045373
0.059966
4.446762
0.057231
0.061396
0.070571
