0.047274
0.012305
0.024073
0.035639
0.043993
0.053340
0.043218
0.067385
0.086255
0.081982
0.092784
0.097193
0.111046
0.116787
0.130667
0.134766
0.158391
0.158113
0.174534
0.186214
0.226257
0.223075
0.247454
0.282485
0.325012
0.380226
0.441508
0.516527
0.607926
0.709179
0.826396
0.947184
1.093029
1.262504
1.462832
1.679518
1.947659
2.151764
2.414989
2.734059
0.035802
1.280170
1.480594
0.945006
0.506468
0.183054
0.248819
0.191533
9.509724
7.236563
0.272023
4.541955
8.269531
4.219888
3.966162
3.743912
3.522996
3.329210
3.087982
2.850434
6.310028
6.119861
5.831521
5.762679
5.710659
5.699742
5.663002
5.592558
5.472585
5.272410
5.128408
4.959846
4.841445
4.709182
4.527440
2.800862
1.209826
0.000176
1.166213
1.140602
4.580355
4.548220
4.517844
4.498794
4.485902
4.463487
4.421965
4.388348
4.369614
0.526635
4.347144
4.325688
4.290643
4.241159
4.194550
4.148085
4.115881
4.069209
4.002821
0.000201
0.014603
0.048918
0.070053
0.048082
0.017123
0.006285
0.351057
0.369833
0.383233
0.390566
0.396304
0.401336
0.409709
0.423160
0.442920
0.463119
0.492696
0.533805
0.574695
0.099901
0.107433
0.150328
0.102319
0.103647
0.073603
0.079425
0.062990
1.320095
1.502045
1.702627
1.921703
2.153053
2.386251
0.097176
0.038754
0.061388
0.009121
6.475338
6.413358
6.369276
