0.127381 0.046690 0.013146 -1.877285 -0.258115 -0.105658 1.868873 -0.078517 0.318606 -0.285233 0.133767 0.045213 1.879965 -0.060376 0.285570 0.651634 -0.770055 0.029744 -3.000000 -2.237759 -0.016966 -0.031869 -0.344909 -1.747722 -0.571366 -0.313336 -0.001909 0.144518 0.006574 -2.005717 1.145238 0.126270 -0.860382 0.003923 0.085923 0.003764 
0.074337 0.013255 -0.056704 -0.986297 -0.490230 -0.082118 0.974799 0.041895 0.370326 0.298791 0.122234 0.033105 0.981476 0.056823 0.247407 0.519055 -0.705654 0.035351 -2.659206 -0.000004 -0.000000 0.000001 -0.891400 -1.558869 -0.438141 -0.584166 -0.000000 0.091834 0.012666 -1.963472 1.309480 0.084975 -0.682356 0.000000 0.101772 0.000001 
0.083232 0.049811 -0.038102 -1.065451 -0.366943 -0.083065 1.058027 -0.015868 0.347165 0.068237 0.112075 0.030431 0.860090 0.153541 0.235685 0.373836 -0.646894 0.032589 -2.530526 -0.000000 -0.000000 0.000000 -0.205912 -1.801968 -0.573520 -0.461019 -0.000000 0.194126 0.000000 -1.473133 1.429412 0.169126 -0.603034 0.000000 0.155807 0.145928 
0.060870 0.100246 -0.007887 -1.329612 -0.160437 -0.046604 1.123384 -0.314059 0.179987 -0.139778 0.102759 0.027964 0.906129 0.128992 0.187209 0.349830 -0.593135 0.030336 -2.154337 0.000002 -0.000000 0.000000 0.123485 -1.814258 -0.602276 -0.031115 -0.000000 0.227092 0.000000 -1.142721 1.232990 0.156461 -0.536826 0.000000 0.175641 0.000001 
0.055552 0.117995 0.002908 -1.240687 0.028425 -0.038122 1.049583 -0.352497 0.008582 -0.186999 0.094193 0.025668 0.742256 0.116246 0.053946 0.326983 -0.543751 0.027880 -2.309104 -0.000000 -0.000001 0.000000 0.360040 -1.625419 -0.572035 -0.000001 -0.000000 0.231956 0.160704 -0.992085 0.960271 0.120652 -0.451255 0.000000 0.110172 0.115518 
0.081254 0.103946 0.009155 -1.221871 0.068652 -0.085250 0.952012 -0.283056 0.079032 -0.349786 0.086354 0.023511 0.974474 0.029939 -0.030109 0.359290 -0.498448 0.025592 -2.049605 -0.000000 -0.000001 0.000000 0.578037 -1.441113 -0.502069 0.030742 -0.000000 0.238371 0.000000 -1.054528 0.773354 0.082100 -0.430742 0.000000 0.087179 0.000000 
0.081877 0.108251 0.007017 -1.122133 0.110052 -0.052300 0.609485 -0.382017 0.073486 -0.308244 0.079153 0.021520 0.850146 0.000002 -0.049361 0.359230 -0.456913 0.023459 -1.921690 -0.000003 -0.000001 0.000000 0.384607 -1.157190 -0.432650 0.000001 -0.000000 0.179511 0.156585 -1.293070 0.585824 0.056788 -0.562496 0.000000 0.053064 0.009696 
0.075796 0.092977 0.011749 -1.102177 0.097957 -0.066159 0.593213 -0.348080 0.059028 -0.308137 0.073591 0.015078 0.849833 0.039714 -0.025491 0.313724 -0.420205 0.026318 -1.501501 -0.000000 -0.004282 0.000001 0.167635 -0.887300 -0.319115 0.000001 -0.000000 0.144970 0.000000 -1.513928 0.470413 0.047768 -0.713445 0.000000 0.039492 0.000000 
0.067008 0.071283 0.004877 -0.926931 0.070903 -0.066470 0.383407 -0.311453 0.062176 -0.243068 0.067456 0.013798 0.689051 0.075283 -0.026095 0.285400 -0.385187 0.024111 -1.321298 -0.014610 -0.018443 0.000001 -0.062263 -0.637985 -0.234107 -0.064769 -0.000000 0.088757 0.033661 -1.605740 0.373942 0.030497 -0.831429 0.000000 0.023523 0.000000 
0.062932 0.047235 0.001046 -0.769805 0.012486 -0.062050 0.435258 -0.181706 0.072145 -0.165670 0.061827 0.012631 0.641477 0.061844 0.010203 0.261814 -0.353082 0.022093 -1.040871 -0.072242 -0.017518 0.000001 -0.181017 -0.470722 -0.160090 -0.159010 -0.000000 0.038159 0.000000 -1.492456 0.249529 0.018489 -0.834764 0.000000 0.007309 -0.000000 
0.060742 0.029351 0.000647 -0.537319 -0.025443 -0.015616 0.324826 -0.125428 0.089246 -0.071719 0.056672 0.011569 0.507531 0.004945 0.065711 0.212426 -0.323658 0.020249 -0.969422 -0.166561 -0.020622 0.000001 -0.284912 -0.379837 -0.130896 -0.322796 -0.000000 0.001191 -0.000000 -1.202587 0.139289 0.000001 -0.720662 0.000000 0.000000 -0.021271 
0.069729 0.014003 -0.002172 -0.440095 -0.183862 -0.012090 0.353961 0.001536 0.247237 -0.061504 0.051945 0.010606 0.453074 0.077204 0.213238 0.224869 -0.296681 0.018569 -0.708223 0.099807 -0.009372 -0.161165 -0.521917 -0.426366 -0.129828 -0.395063 -0.000000 0.000000 -0.000000 -1.007027 0.050536 0.000001 -0.572554 0.000000 0.000000 -0.000000 
0.043203 0.008225 0.000856 -0.330088 -0.127195 0.034687 0.279180 -0.034737 0.153482 -0.000002 0.047615 0.009725 0.338977 0.017484 0.176347 0.120289 -0.271958 0.017030 -0.644171 -0.000000 -0.016881 0.000000 -0.467310 -0.479349 -0.151255 -0.448240 -0.000000 0.000000 -0.028733 -0.536187 0.077571 0.000001 -0.379864 0.000000 0.000000 -0.073713 
0.028317 0.002813 0.001386 -0.343664 -0.111291 0.050439 0.326002 -0.038372 0.120574 -0.001214 0.043643 0.008925 0.351584 0.004586 0.160040 0.078989 -0.249289 0.015623 -0.486189 -0.000000 -0.013294 -0.000000 -0.395329 -0.526733 -0.160730 -0.341947 -0.000000 0.004549 -0.000000 -0.163453 0.133631 0.000001 -0.131628 0.000000 0.000000 -0.000000 
0.028790 -0.000725 -0.000265 -0.258653 -0.097410 0.059255 0.232778 -0.038412 0.124226 -0.000002 0.040005 0.008187 0.265839 0.000520 0.146341 0.075171 -0.228515 0.014330 -0.546717 -0.000000 -0.014706 -0.000000 -0.226068 -0.573271 -0.184903 -0.287532 -0.000000 0.041907 -0.029465 0.050684 0.224577 0.009230 0.000000 0.000000 0.000000 -0.069868 
0.025350 -0.000228 0.001122 -0.295296 -0.078077 0.051379 0.279541 -0.038785 0.091951 -0.000021 0.036672 0.007511 0.301070 0.000001 0.126117 0.066656 -0.209469 0.013147 -0.499971 -0.000000 -0.011026 -0.000000 -0.091943 -0.550036 -0.181158 -0.120846 -0.000000 0.058944 -0.008978 0.069359 0.299475 0.040160 0.033189 0.000000 0.000000 -0.000000 
0.028129 0.000695 -0.002341 -0.275063 -0.059205 0.043849 0.199468 -0.060110 0.085687 -0.000003 0.033617 0.006887 0.279493 0.000001 0.096239 0.089218 -0.192014 0.012057 -0.632385 0.000001 -0.008972 -0.000000 -0.000000 -0.462796 -0.161650 -0.049890 -0.000000 0.059011 -0.000000 -0.000911 0.375113 0.062517 0.000001 0.000000 0.000000 -0.013959 
0.028849 0.006127 -0.003763 -0.333157 -0.047361 0.027797 0.248221 -0.064397 0.071261 -0.010000 0.030815 0.006314 0.336306 -0.000000 0.072934 0.111220 -0.176010 0.011060 -0.640675 0.052591 -0.010534 -0.000000 0.001145 -0.407973 -0.149709 -0.000000 -0.000000 0.053444 -0.000000 -0.189183 0.405996 0.065194 0.000000 0.000000 0.000000 -0.000000 
0.029811 0.010359 -0.003363 -0.329712 -0.019539 0.010589 0.173477 -0.091769 0.044721 -0.008499 0.028249 0.005787 0.330720 -0.003800 0.040595 0.116851 -0.161342 0.010144 -0.711172 0.068752 -0.011958 -0.000000 0.029434 -0.407707 -0.158205 -0.000000 -0.000000 0.066371 -0.000000 -0.437658 0.423212 0.063835 -0.000001 0.000000 0.027511 -0.000000 
0.034300 0.011968 -0.005078 -0.370349 0.003182 -0.003939 0.195863 -0.099570 0.031546 -0.028145 0.025895 0.005305 0.369700 -0.000002 0.010666 0.143685 -0.147895 0.009305 -0.667061 0.021843 -0.010248 -0.000001 0.014467 -0.418338 -0.150981 -0.000000 -0.000000 0.066034 -0.000000 -0.566539 0.394312 0.058300 -0.115811 0.000000 0.048088 -0.000000 
0.038078 0.012307 -0.005445 -0.333523 0.014045 -0.008270 0.138407 -0.104306 0.030252 -0.027313 0.023739 0.004862 0.332523 0.000001 -0.000001 0.148996 -0.135570 0.008530 -0.684415 0.000001 -0.008162 -0.000001 0.000000 -0.438061 -0.157402 -0.000001 -0.000000 0.076413 -0.000000 -0.675599 0.349857 0.048215 -0.254511 0.000000 0.051687 0.000000 
0.036081 0.012790 -0.001530 -0.321238 0.019543 -0.013596 0.163875 -0.089541 0.015389 -0.029672 0.021761 0.004455 0.319787 0.000003 0.003805 0.124272 -0.124267 0.007820 -0.606949 -0.000001 -0.007231 -0.000001 -0.000000 -0.439085 -0.154016 -0.026187 -0.000000 0.078880 0.000000 -0.717579 0.275758 0.037564 -0.359407 0.000000 0.047743 0.000000 
0.035873 -0.002373 0.002069 -0.305426 0.005475 -0.044049 0.104462 -0.045115 0.004973 -0.024160 0.019949 0.004082 0.306407 0.071491 0.004553 0.106808 -0.113908 0.007168 -0.550025 -0.000003 -0.006423 -0.000001 -0.000001 -0.372679 -0.135529 -0.025054 -0.000000 0.071530 0.002186 -0.642139 0.223798 0.027512 -0.379741 0.000000 0.036948 0.000000 
0.037560 0.006114 0.004139 -0.264592 0.013731 -0.007008 0.132753 -0.067682 0.017551 -0.021328 0.018286 0.003741 0.264257 0.015698 0.032085 0.087966 -0.104412 0.006565 -0.459797 -0.039115 -0.007193 -0.000001 -0.031756 -0.330335 -0.111666 -0.076668 -0.000000 0.059011 0.000000 -0.519021 0.118941 0.005092 -0.318045 0.000000 0.018614 0.000000 
0.032973 0.001024 0.003593 -0.211531 0.019297 -0.008464 0.098265 -0.050726 0.006689 -0.014394 0.016762 0.003429 0.211330 0.023356 0.018426 0.074688 -0.095709 0.006019 -0.369682 -0.043742 -0.006415 -0.001145 -0.040395 -0.284121 -0.107143 -0.087875 -0.000000 0.063040 0.000000 -0.361923 0.081209 0.000001 -0.252216 0.000000 0.007945 0.000000 
0.028647 0.001112 0.004195 -0.159041 0.015867 0.001610 0.105226 -0.033989 0.012769 -0.017362 0.015363 0.003142 0.158921 0.012183 0.026591 0.054215 -0.087726 0.005515 -0.249203 -0.024137 -0.005040 -0.008090 -0.083568 -0.233011 -0.076834 -0.081273 -0.000000 0.037321 0.023216 -0.224051 0.044714 0.000001 -0.149449 0.000000 0.000912 -0.000000 
0.024465 0.001459 0.003199 -0.092060 0.011606 0.012111 0.073631 -0.024671 0.018242 -0.006492 0.014082 0.002879 0.091983 0.000003 0.030355 0.040981 -0.080413 0.005056 -0.165653 -0.000003 -0.004884 -0.005461 -0.092361 -0.169878 -0.055551 -0.096893 -0.000000 0.030336 0.000000 -0.088252 0.048474 0.000001 -0.066529 0.000000 0.000000 -0.000000 
0.019428 -0.000099 0.001904 -0.061338 0.007728 0.013790 0.081975 -0.006749 0.019929 -0.009443 0.012907 0.002637 0.061469 0.000001 0.025776 0.033492 -0.073709 0.004635 -0.046000 -0.000000 -0.004034 -0.006225 -0.067107 -0.105390 -0.031867 -0.067839 -0.000000 0.010881 0.008724 0.000000 0.067368 0.000001 -0.000000 0.000000 0.002809 -0.000000 
0.016431 -0.000743 0.000136 -0.026565 0.000710 0.016542 0.054656 -0.000001 0.024963 -0.001007 0.011830 0.002415 0.027110 -0.000002 0.025041 0.031736 -0.067565 0.004250 -0.000002 0.000001 -0.002113 -0.008099 -0.045631 -0.020678 -0.003246 -0.051808 -0.000000 0.000000 0.000000 0.011448 0.092606 0.015536 0.000000 0.000000 0.012041 -0.000000 
0.013990 0.003760 -0.001325 -0.007009 0.005521 0.029018 0.090360 0.000001 0.025728 -0.000003 0.010843 0.002212 0.006707 -0.025420 0.022965 0.031263 -0.061933 0.003896 -0.000000 0.000003 -0.001542 -0.001039 -0.034001 0.000000 -0.000001 -0.030813 -0.000000 0.000000 0.000000 0.022164 0.104880 0.020675 0.000000 0.000000 0.017717 0.000000 
0.013943 -0.002821 0.001344 -0.040860 -0.007912 0.008140 0.032440 0.000001 0.014334 -0.016592 0.009938 0.002025 0.061760 -0.000002 0.061706 0.018311 -0.056772 0.003572 -0.000002 0.031477 -0.000753 -0.003151 -0.000364 -0.000000 -0.000001 -0.004946 -0.000000 0.000000 -0.000000 0.001672 0.129266 0.030457 0.000001 0.000000 0.025981 0.000000 
0.017679 0.000343 -0.000545 -0.058939 -0.001888 0.016878 0.087496 -0.003133 0.025940 -0.000003 0.009107 0.001854 0.059482 0.001051 0.027269 0.042865 -0.052045 0.003275 -0.049081 0.016564 -0.001218 -0.002933 -0.000001 -0.000000 -0.000001 -0.000001 -0.000000 0.000000 -0.000000 0.001346 0.116891 0.025022 0.000001 0.000000 0.023610 0.000000 
0.011784 -0.002078 0.000442 -0.045389 0.018951 0.010667 0.069355 -0.005828 0.000680 -0.007634 0.008348 0.001698 0.045315 0.000002 0.000002 0.025275 -0.047707 0.003001 -0.165079 0.017657 -0.001823 -0.000001 -0.007743 -0.000001 -0.000001 -0.000069 -0.000000 0.000000 -0.000000 -0.000000 0.119719 0.021522 0.000000 0.000000 0.022998 0.000000 
0.014625 -0.001029 0.000287 -0.087738 0.016316 0.011600 0.061271 -0.028435 0.005904 -0.007235 0.007652 0.001555 0.087794 0.000002 0.006570 0.034782 -0.043728 0.002750 -0.199252 0.019123 -0.003556 -0.001831 -0.000001 -0.030247 -0.000001 -0.009130 -0.000000 0.000000 -0.000000 -0.028540 0.091888 0.012099 0.000000 0.000000 0.015106 0.000000 
0.015735 0.000204 0.001627 -0.102894 0.015716 0.008750 0.042816 -0.040980 0.004354 -0.005200 0.007014 0.001424 0.102862 0.000002 0.011701 0.032306 -0.040084 0.002522 -0.234031 0.029311 -0.003389 -0.000034 -0.000000 -0.113911 -0.021390 -0.000001 -0.000000 0.000000 -0.000000 -0.119635 0.069181 0.006184 0.000000 0.000000 0.009976 0.000000 
0.018088 -0.003949 0.003126 -0.122728 0.004345 -0.004028 0.052613 -0.022162 0.011833 -0.017607 0.006429 0.001304 0.169310 -0.000003 0.033569 0.063285 -0.036742 0.002312 -0.229847 0.027900 -0.004848 -0.006711 -0.000001 -0.181609 -0.063166 -0.000001 -0.000000 0.000000 -0.000000 -0.197290 0.055482 0.001217 -0.000000 0.000000 0.007523 0.000000 
0.015643 -0.002911 0.003862 -0.114068 0.011887 -0.002277 0.033724 -0.032824 0.000003 -0.009532 0.005892 0.001196 0.114530 0.017116 0.014793 0.022708 -0.033688 0.002121 -0.249669 0.000002 -0.002523 -0.003333 -0.000001 -0.224306 -0.079068 -0.000001 -0.000000 0.000000 0.000000 -0.235485 0.053486 0.003293 -0.012094 0.000000 0.006972 0.000000 
0.017225 -0.009790 0.003760 -0.133363 -0.012021 -0.020053 0.041285 -0.000002 0.012328 -0.015439 0.005400 0.001096 0.296429 0.000001 0.007569 0.034289 -0.030879 0.001945 -0.213860 0.013333 -0.002282 -0.000001 -0.000001 -0.221675 -0.081860 -0.005388 -0.000000 0.000000 0.000000 -0.221373 0.059019 0.003403 -0.073182 0.000000 0.007478 0.000000 
0.010453 -0.004744 0.004259 -0.104536 -0.002966 -0.008381 0.025171 -0.018087 0.000425 -0.004981 0.004948 0.001007 0.105491 0.022264 0.013107 0.020134 -0.028305 0.001781 -0.208253 -0.000000 -0.002598 -0.002627 -0.013697 -0.198662 -0.070636 -0.021259 -0.000000 0.017550 0.000000 -0.207237 0.059732 0.005461 -0.104423 0.000000 0.008380 0.000000 
0.007751 -0.003159 0.005050 -0.085474 -0.010402 -0.003596 0.028119 -0.012533 0.004191 -0.000850 0.004536 0.000925 0.086646 0.018062 0.024023 0.006876 -0.025945 0.001633 -0.162637 -0.000001 -0.002423 -0.002197 -0.025057 -0.157010 -0.053315 -0.023368 -0.000000 0.025690 0.000000 -0.176194 0.051667 0.005528 -0.106984 0.000000 0.007272 0.009033 
0.003954 -0.004134 0.003123 -0.066811 -0.016060 -0.006454 -0.000000 -0.008731 0.007199 -0.000651 0.004157 0.000848 0.068294 0.023384 0.016772 0.007516 -0.023782 0.001496 -0.099670 -0.000002 -0.001843 -0.003593 -0.019048 -0.112003 -0.040154 -0.024391 -0.000000 0.021050 0.024800 -0.132279 0.050334 0.006616 -0.093382 0.000001 0.009777 0.000000 
0.002373 -0.001674 0.003667 -0.079896 -0.023425 -0.004367 -0.000010 -0.074018 -0.000000 -0.023364 0.003811 0.000779 0.081570 0.020705 0.026910 0.001472 -0.021799 0.001372 -0.000003 -0.000002 -0.000001 -0.000001 -0.014913 -0.055749 -0.022984 -0.019539 -0.000000 0.015266 0.000000 -0.078146 0.034633 0.007408 -0.055983 0.000001 0.005756 0.011955 
-0.000704 0.001136 0.000408 -0.007131 -0.015798 0.002470 -0.000000 -0.000002 0.013431 -0.000003 0.003495 0.000720 0.007986 0.003821 0.012616 0.002559 -0.019982 0.001257 -0.000002 -0.000002 -0.000001 -0.003106 -0.023428 -0.004477 -0.000001 -0.014841 -0.000000 0.000001 0.004256 -0.014351 0.023974 0.006809 -0.029824 0.000001 0.008337 0.000000 
-0.000898 0.003123 0.000061 0.000486 -0.011632 0.000132 -0.000000 0.000001 0.009649 -0.000003 0.003204 0.000661 -0.000001 -0.000002 0.007345 0.003352 -0.018317 0.001152 0.013577 -0.000001 -0.000001 -0.001869 -0.007379 0.000001 -0.000000 -0.004206 -0.000000 0.000000 0.000000 0.003562 0.011223 0.006626 -0.000000 0.000001 0.002933 0.013506 
-0.000551 0.004472 -0.000446 0.000187 -0.008178 -0.004517 0.000000 0.000002 0.005440 -0.000003 0.002937 0.000606 -0.000000 -0.000083 0.000733 0.007585 -0.016791 0.001056 0.013668 -0.000000 -0.000001 -0.001933 -0.000001 0.002578 -0.000000 -0.000001 -0.000000 0.000000 0.000000 0.013716 0.009436 0.002958 -0.000000 0.000001 0.003643 0.000000 
0.000288 0.005883 -0.000353 0.000043 -0.007357 -0.007515 0.000000 0.000002 0.004370 -0.000003 0.002693 0.000555 0.000000 -0.000065 0.000003 0.009210 -0.015392 0.000968 0.000778 -0.000000 -0.000001 -0.001431 -0.000001 0.011678 -0.000000 -0.000001 -0.000000 0.000000 0.000000 0.019505 0.010706 0.002254 -0.000000 0.000001 0.000508 0.007531 
0.001744 0.007681 0.000090 -0.000161 -0.005890 -0.011413 -0.000000 0.000001 0.002817 -0.000308 0.002468 0.000509 0.000002 -0.000002 0.000003 0.010582 -0.014110 0.000887 0.000001 -0.000000 -0.000178 -0.000872 -0.000001 0.000001 -0.000000 -0.000001 -0.000000 0.000000 0.000000 0.000001 0.016195 0.000704 -0.000000 0.000001 0.001733 0.000000 
0.002558 0.009237 0.000659 -0.000401 -0.004610 -0.014969 0.000000 -0.000000 0.001368 -0.002079 0.002262 0.000466 0.000081 -0.000001 0.000002 0.010100 -0.012933 0.000813 0.000000 -0.000000 -0.000331 -0.000645 -0.000001 0.000001 -0.000000 -0.000001 -0.000000 0.000000 0.000000 0.000000 0.024054 0.003665 -0.000000 0.000001 0.001959 0.007271 
0.003164 0.010419 0.001320 -0.004723 -0.003078 -0.017930 -0.000000 -0.001946 0.000003 -0.005146 0.002073 0.000427 0.004237 0.000002 0.000002 0.009174 -0.011855 0.000745 -0.000001 -0.000001 -0.000617 -0.000001 -0.000531 0.000000 -0.000000 -0.003134 -0.000000 0.000000 0.000000 0.000000 0.032541 0.004365 -0.000000 0.000001 0.005513 0.000000 
0.001826 0.004103 0.004697 0.012116 -0.003041 -0.031200 0.000002 0.027723 0.000001 -0.032634 0.001899 0.000391 0.240432 -0.047666 -0.000001 0.005725 -0.010867 0.000683 -0.020716 0.000000 -0.000593 -0.000001 -0.000001 0.000000 -0.000000 -0.000001 -0.000000 0.000000 0.000000 -0.000000 0.045053 0.004476 -0.000000 0.000001 0.004251 0.012624 
0.001918 0.010092 0.002232 0.000794 -0.001996 -0.017466 0.000003 -0.000002 -0.000001 -0.011207 0.001735 0.000361 -0.000550 0.000002 0.011841 0.016656 -0.009956 0.000622 -0.001799 -0.002495 -0.000779 -0.012224 -0.013181 -0.000000 -0.000000 -0.013836 -0.000000 0.000000 0.000000 -0.000000 0.035512 0.006157 -0.000001 0.000001 0.011515 0.000000 
0.001112 0.009688 0.001681 -0.000638 -0.002699 -0.017573 -0.000000 -0.000003 -0.000000 -0.011334 0.001587 0.000330 0.000002 0.000029 0.001195 0.000536 -0.009126 0.000572 -0.003070 -0.000001 -0.000112 -0.000001 -0.006346 -0.000000 -0.000000 -0.010306 -0.000000 0.000000 0.000000 -0.000000 0.029494 0.005678 -0.000001 0.000001 0.004533 0.010455 
0.003039 0.008708 0.002989 -0.009196 -0.010050 -0.018078 -0.000002 -0.013258 -0.000001 -0.011340 0.001453 0.000302 0.009539 0.004686 0.011591 0.000000 -0.008364 0.000524 -0.000003 0.000000 -0.001242 -0.000001 -0.000001 0.000000 -0.000001 -0.000001 -0.000000 0.000000 0.000000 -0.000000 0.015127 0.005339 -0.000000 0.000001 0.005177 0.000000 
0.006199 0.004967 0.000859 -0.027592 -0.020631 -0.020701 0.000002 0.005054 -0.000003 -0.001656 0.001330 0.000279 0.007367 -0.033625 0.065741 -0.133140 -0.007665 0.000481 -0.000001 0.001078 -0.000001 -0.000001 -0.010786 -0.000000 -0.000000 -0.000001 -0.000000 0.000000 0.000000 0.000001 0.005293 0.002908 -0.000000 0.000001 0.001367 0.008141 
0.003399 0.005147 0.002858 -0.017891 0.001738 -0.022840 -0.000000 0.000003 -0.024577 -0.000002 0.001216 0.000261 0.012660 0.007545 0.000001 0.002950 -0.007011 0.000447 -0.044518 -0.006668 -0.001161 -0.010039 0.000000 0.000001 -0.000000 -0.000000 -0.000000 0.000000 0.000000 -0.000001 0.017008 0.000457 -0.005017 0.000001 0.001583 0.000000 
0.003015 0.008899 0.001769 -0.001951 -0.004850 -0.013960 0.000000 -0.000638 -0.000000 -0.000002 0.001110 0.000241 0.001657 0.000002 -0.000003 0.012520 -0.006420 0.000408 -0.066062 -0.000001 -0.000037 -0.000001 -0.000001 -0.000001 -0.000001 -0.003598 -0.000000 0.000000 0.000000 -0.015261 0.004711 0.000001 -0.000001 0.000001 0.000000 0.000642 
0.000359 0.009238 0.001215 -0.021614 -0.009292 -0.014196 0.000000 -0.008904 -0.000001 -0.000002 0.001016 0.000221 0.021524 0.001089 -0.000002 0.011430 -0.005884 0.000374 -0.042571 -0.000001 -0.000466 -0.000001 -0.000001 -0.000001 -0.000001 -0.000001 -0.000000 0.000000 0.000000 -0.031006 0.005741 0.000001 -0.000001 0.000001 0.000000 0.000000 
-0.001958 0.007759 0.001120 -0.022043 -0.014399 -0.016244 -0.000000 -0.003186 -0.000001 -0.000002 0.000930 0.000202 0.022357 0.007111 -0.000002 0.007651 -0.005393 0.000343 -0.032894 -0.000001 -0.000424 -0.000001 -0.000001 -0.000001 -0.000001 -0.000001 -0.000000 0.000000 0.000000 -0.040726 0.007904 0.000001 -0.000001 0.000001 0.000000 0.001172 
-0.000839 0.005547 0.002538 -0.030587 -0.021923 -0.019903 0.000005 -0.000001 -0.011944 -0.000003 0.000852 0.000186 0.000003 0.005421 0.110560 -0.043919 -0.004944 0.000314 -0.015030 0.000000 -0.000926 -0.000001 0.000000 -0.007296 -0.000001 -0.000000 -0.000000 0.000000 0.000000 -0.036578 0.004556 0.000660 -0.000001 0.000001 0.003993 0.000000 
-0.001869 0.005254 0.003241 -0.029713 -0.013091 -0.021283 0.000000 -0.000001 -0.009281 -0.007503 0.000777 0.000173 0.030070 0.015619 -0.000002 0.000234 -0.004546 0.000292 -0.021243 -0.002988 -0.000001 -0.000001 -0.002539 -0.007197 -0.000001 -0.004005 -0.000000 0.000000 0.000000 -0.013118 0.007545 0.000001 -0.008417 0.000001 0.000000 0.000000 
-0.001345 0.008698 0.001086 -0.006760 -0.011016 -0.013596 -0.000000 -0.001551 0.000000 -0.000001 0.000711 0.000159 0.007121 0.001406 -0.000528 0.006035 -0.004162 0.000266 -0.024433 -0.000002 -0.000617 -0.000001 -0.000001 -0.038527 -0.000001 -0.000001 -0.000000 0.000000 0.000000 -0.023582 0.001532 0.000001 -0.014634 0.000001 0.000000 0.000000 
-0.001356 0.008783 0.001821 -0.006279 -0.009468 -0.014048 0.000000 -0.001676 -0.002049 -0.000003 0.000650 0.000146 0.006321 0.001036 -0.000002 0.003014 -0.003815 0.000244 -0.019507 -0.000002 -0.000289 -0.000001 -0.003278 -0.030198 -0.000001 -0.009084 -0.000000 0.000000 0.000000 -0.017638 0.004051 0.000001 -0.006878 0.000001 0.000000 0.000000 
-0.001810 0.008546 0.001054 -0.004890 -0.012121 -0.013529 0.000000 -0.000277 -0.000001 -0.000002 0.000594 0.000134 0.005105 0.002136 -0.000003 0.005278 -0.003493 0.000223 -0.008015 -0.000002 -0.000001 -0.000001 -0.000001 -0.023653 -0.005305 -0.000001 -0.000000 0.000000 0.000000 -0.013220 0.007438 0.000001 -0.010677 0.000001 0.000000 0.001112 
-0.001553 0.007622 0.000470 -0.001136 -0.011297 -0.011207 0.000001 -0.000001 -0.000880 -0.000003 0.000543 0.000123 0.001565 0.001284 -0.000002 0.005689 -0.003202 0.000204 -0.009173 -0.009517 -0.000001 -0.000001 -0.000001 -0.004952 -0.002163 -0.000001 -0.000000 0.000000 0.000000 -0.000180 0.008391 0.000247 -0.001334 0.000001 0.000768 0.000000 
-0.000992 0.006930 0.001580 -0.001043 -0.007634 -0.012990 -0.000000 -0.000001 -0.010424 -0.000003 0.000497 0.000112 0.000883 0.002607 -0.000002 0.002938 -0.002935 0.000187 -0.007157 -0.004287 -0.000001 -0.000001 -0.000001 -0.003346 -0.005811 -0.000001 -0.000000 0.000000 0.005870 -0.000706 0.006521 0.000001 -0.006637 0.000001 0.000000 0.000946 
-0.002133 0.006441 0.001602 -0.001188 -0.008086 -0.011771 -0.000000 -0.000001 -0.009292 -0.000003 0.000455 0.000103 0.001099 0.002164 -0.000002 0.000002 -0.002690 0.000171 -0.000003 -0.000003 -0.000001 -0.000001 -0.000001 -0.000307 -0.000499 -0.000001 -0.000001 0.000000 0.000000 -0.003123 0.007366 0.000001 -0.005840 0.000001 0.000000 0.000000 
-0.001091 0.006421 0.001882 -0.000215 -0.005605 -0.011899 0.000000 -0.000288 -0.010544 -0.000529 0.000415 0.000094 0.000002 0.001406 -0.000002 0.000003 -0.002465 0.000157 -0.000375 -0.000003 -0.000001 -0.000001 -0.000001 -0.005754 -0.003930 -0.000001 -0.000001 0.000000 0.000000 -0.006162 0.002864 0.000001 -0.004022 0.000001 0.000000 0.000797 
-0.000721 0.006967 0.002007 -0.000226 -0.004690 -0.011712 0.000000 -0.001449 -0.008908 -0.002399 0.000378 0.000087 0.000002 0.000002 -0.000003 0.000003 -0.002259 0.000144 -0.002034 -0.000002 -0.000001 -0.000001 -0.000001 -0.007298 -0.004639 -0.000001 -0.000001 0.000000 0.002519 -0.009026 0.000359 0.000001 -0.004120 0.000001 0.000000 0.000497 
-0.000147 0.006715 0.002202 -0.000262 -0.004113 -0.013174 0.000000 -0.000002 -0.009364 -0.004485 0.000344 0.000080 0.000003 0.001606 -0.000002 0.000003 -0.002068 0.000131 -0.005636 -0.000003 -0.000001 -0.000001 -0.000001 -0.002144 -0.003043 -0.000001 -0.000001 0.000000 0.003117 -0.005663 0.002654 0.000001 -0.004795 0.009767 0.000000 0.000000 
-0.000046 0.006561 0.002235 -0.000148 -0.003307 -0.012992 -0.000000 -0.000294 -0.011796 -0.004809 0.000312 0.000073 0.000002 0.001350 -0.001299 0.000003 -0.001894 0.000120 -0.007774 -0.000003 -0.000001 -0.000001 -0.000001 -0.006701 -0.001833 -0.000001 -0.000001 0.000000 0.001167 -0.008067 0.002610 0.000001 -0.001340 0.000001 0.000000 0.000076 
0.000739 0.006786 0.002107 -0.000574 -0.003450 -0.012550 -0.000000 -0.000002 -0.007509 -0.004144 0.000283 0.000067 0.000392 0.000983 -0.000003 0.001742 -0.001735 0.000110 -0.008024 -0.000003 -0.000001 -0.000001 -0.000001 -0.005894 -0.004283 -0.000001 -0.000001 0.000000 0.003129 -0.009067 0.002529 0.000001 -0.006604 0.010659 0.000000 0.000000 
0.004472 -0.000495 0.003751 -0.021164 -0.008359 -0.033274 -0.000001 0.020781 -0.020941 -0.016975 0.000256 0.000062 0.149850 -0.000670 -0.007574 0.019462 -0.001588 0.000100 -0.000000 0.000002 -0.000001 -0.000001 0.000797 -0.000000 -0.000095 0.000000 -0.000001 0.000000 0.003762 0.000574 0.012018 0.001032 -0.000000 0.000001 0.000000 0.000000 
0.002844 0.008497 0.000095 -0.004323 -0.002756 -0.014550 -0.000000 -0.000003 -0.000003 -0.000081 0.000228 0.000059 0.004153 0.000003 -0.007443 0.018471 -0.001450 0.000087 -0.007210 -0.001524 -0.000001 -0.000001 -0.000001 -0.014528 -0.005657 -0.000001 -0.000001 0.000000 0.000000 -0.021074 0.001762 0.000001 -0.013886 0.009847 0.000000 0.000000 
0.002783 0.007043 0.000359 -0.004687 -0.002200 -0.013883 0.000000 -0.000003 -0.004483 -0.002397 0.000207 0.000053 0.004347 0.001673 -0.006356 0.017228 -0.001330 0.000080 -0.011490 -0.003736 -0.000001 -0.000001 -0.000001 -0.003255 -0.004366 -0.000001 -0.000001 0.001799 0.008015 -0.012780 0.008417 0.000001 -0.007563 0.000001 0.000000 0.000000 
0.000888 0.005987 0.001265 -0.000221 -0.003296 -0.009881 0.000000 -0.000002 -0.005247 -0.002457 0.000187 0.000049 0.000003 0.000003 -0.001568 0.006676 -0.001217 0.000074 -0.009993 -0.000003 -0.000001 -0.000001 -0.000001 -0.003566 -0.002748 -0.000001 -0.000001 0.002526 0.000000 -0.015748 0.008252 0.000001 -0.007084 0.008494 0.000000 0.000000 
0.003519 0.001380 0.003124 -0.012952 -0.012347 -0.015087 0.000003 0.007413 -0.014817 -0.000002 0.000170 0.000045 0.026199 0.009401 0.018516 0.000900 -0.001115 0.000067 -0.000002 -0.003808 -0.000001 -0.000001 0.000001 -0.000001 -0.000982 -0.000000 -0.000001 0.000000 0.000000 -0.000000 0.000588 0.009047 -0.000001 0.000001 0.003828 0.000000 
-0.000265 0.005432 0.002148 -0.000223 -0.000816 -0.010748 -0.000000 -0.000875 -0.011683 -0.004944 0.000155 0.000042 0.000002 0.000001 -0.003517 0.000453 -0.001022 0.000062 -0.006902 -0.000003 -0.000001 -0.000001 -0.000001 -0.012456 -0.000514 -0.000124 -0.000001 0.002621 0.000000 -0.013548 0.000674 0.000001 -0.002718 0.006521 0.000000 0.000000 
-0.001086 0.005566 0.001100 0.000086 -0.006827 -0.007821 0.000000 -0.000002 -0.001926 -0.001146 0.000139 0.000039 0.000003 0.000001 -0.000003 0.002978 -0.000934 0.000056 -0.000365 -0.000003 -0.000001 -0.000001 -0.000001 -0.005256 -0.003194 -0.000001 -0.000001 0.002741 0.004352 -0.007082 0.000019 0.000001 -0.007501 0.000001 0.000000 0.000000 
-0.001420 0.004794 0.000517 0.000181 -0.007583 -0.005943 0.000000 -0.000126 -0.000002 -0.000003 0.000126 0.000035 0.000002 0.000002 -0.000002 0.003918 -0.000856 0.000051 -0.000003 -0.000003 -0.000001 -0.000001 -0.000000 -0.000834 -0.001448 -0.000001 -0.000001 0.001990 0.000000 -0.000001 0.000001 0.000001 -0.001064 0.006515 0.000000 0.000000 
0.001723 0.003858 0.002300 -0.006223 -0.009537 -0.011806 -0.000005 0.024114 -0.020991 -0.048411 0.000115 0.000032 0.027074 -0.009377 0.050540 0.042671 -0.000785 0.000047 0.000001 -0.000000 -0.000001 -0.000001 0.000001 -0.000001 -0.003155 0.000000 -0.000001 0.000001 0.000507 -0.000001 0.000001 0.001912 -0.004519 0.000001 0.000000 0.004664 
-0.001180 0.005966 0.000232 0.000025 -0.003506 -0.008899 -0.000000 -0.000003 -0.001379 -0.001080 0.000104 0.000027 0.000002 0.000001 -0.007099 0.008111 -0.000732 0.000044 -0.002376 -0.000002 -0.000001 -0.000001 -0.000001 -0.003989 -0.003434 -0.000001 -0.000001 0.002878 0.003654 -0.010299 0.000001 0.000001 -0.004480 0.000001 0.000000 0.000000 
-0.001469 0.006530 0.000711 0.000134 -0.006839 -0.008831 0.000000 -0.000002 -0.000002 -0.000003 0.000093 0.000025 0.000002 0.000000 -0.002510 0.005365 -0.000667 0.000039 -0.000003 -0.000002 -0.000001 -0.000001 -0.000000 -0.000001 -0.000001 -0.000001 -0.000001 0.000000 0.000000 -0.000928 0.000001 0.000001 -0.002710 0.005814 0.000000 0.000000 
-0.000594 0.006709 0.002148 0.005108 -0.009389 -0.011061 0.000002 0.001910 -0.009635 -0.000002 0.000084 0.000023 0.000003 -0.000002 0.005276 0.000463 -0.000610 0.000036 -0.006066 -0.001324 -0.000001 -0.000001 0.000000 -0.000689 -0.002090 -0.000000 -0.000001 0.000000 0.000000 -0.000001 0.000000 0.000001 -0.000488 0.000001 0.000000 0.000000 
-0.002150 0.007736 0.000500 0.000244 -0.010633 -0.010480 0.000000 -0.000002 -0.000002 -0.000003 0.000077 0.000021 0.000002 -0.000000 -0.000939 0.005479 -0.000559 0.000033 -0.000003 -0.000002 -0.000001 -0.000001 -0.000000 -0.000001 -0.000001 -0.000001 -0.000001 0.000000 0.000000 -0.000001 0.000001 0.000001 -0.000077 0.004710 0.000000 0.000000 
-0.002149 0.007135 0.000506 0.000190 -0.010444 -0.009370 0.000000 -0.000003 -0.000002 -0.000002 0.000069 0.000019 0.000001 0.000002 -0.000003 0.004423 -0.000512 0.000030 -0.000003 -0.000003 -0.000001 -0.000001 -0.000000 -0.000001 -0.000335 -0.000001 -0.000001 0.001074 0.000000 -0.000001 0.000001 0.000001 -0.000001 0.004639 0.000000 0.000000 
-0.001978 0.006535 0.000456 0.000196 -0.009593 -0.008619 -0.000000 -0.000002 -0.000002 -0.000002 0.000062 0.000018 0.000001 0.000001 -0.000002 0.003992 -0.000468 0.000027 -0.000003 -0.000003 -0.000001 -0.000001 -0.000000 -0.000001 -0.000291 -0.000001 -0.000001 0.000679 0.000000 -0.000001 0.000001 0.000001 -0.000001 0.000001 0.000000 0.000000 
-0.001680 0.006186 0.001080 0.000035 -0.007099 -0.009167 -0.000000 0.000000 -0.001645 -0.000003 0.000056 0.000016 0.000002 -0.000002 -0.000003 0.001145 -0.000429 0.000025 -0.000003 -0.000002 -0.000001 -0.000001 -0.000000 -0.002218 -0.001756 -0.000001 -0.000001 0.001555 0.000000 -0.000001 0.000001 0.000001 -0.000936 0.000001 0.000000 0.000000 
-0.001165 0.004423 0.002709 -0.002554 -0.008672 -0.013880 -0.000004 0.027524 -0.022404 -0.050872 0.000050 0.000015 0.018212 -0.008481 0.037542 0.050066 -0.000392 0.000023 0.000000 0.000000 -0.000001 -0.000001 0.003284 -0.000000 -0.001923 0.000000 -0.000001 0.000001 0.001558 0.000001 0.000001 0.000001 -0.000000 0.003142 0.000000 0.000000 
0.000285 0.004678 0.002382 -0.003842 -0.009793 -0.012501 0.000001 0.000780 -0.020043 -0.000003 0.000045 0.000012 0.024504 0.117717 0.282071 -0.092123 -0.000370 0.000023 -0.000000 -0.000002 -0.000001 -0.000001 0.000000 -0.000001 -0.000001 -0.000000 -0.000001 0.000000 0.000000 0.000001 -0.000000 0.000001 -0.000000 0.001835 0.000000 0.000000 
-0.000259 0.003656 0.000246 -0.000240 -0.003865 -0.005432 -0.000000 0.000001 -0.000001 -0.000002 0.000029 0.000008 0.000377 0.000000 -0.002535 0.005667 -0.000381 0.000002 -0.000003 -0.002985 -0.000001 -0.000001 -0.000000 -0.005706 -0.001939 -0.000001 -0.000001 0.001579 0.001584 -0.000001 0.000001 0.000001 -0.000001 0.000001 0.000000 0.000000 
0.000733 0.003391 0.001269 -0.000343 -0.000620 -0.006152 -0.000000 -0.000001 -0.005691 -0.000003 0.000029 0.000008 0.000001 -0.000001 -0.001012 0.004125 -0.000381 0.000002 -0.002389 -0.002660 -0.000001 -0.000001 -0.000001 -0.003468 -0.003532 -0.000001 -0.000001 0.004991 0.000000 -0.005251 0.002120 0.000001 -0.001757 0.005292 0.000000 0.000000 
-0.000706 0.003052 0.002022 0.000331 0.003351 -0.009195 -0.000004 0.000001 -0.013718 -0.002053 0.000029 0.000008 -0.000001 -0.000000 -0.005921 -0.001632 -0.000381 0.000002 -0.004515 -0.001406 -0.000001 -0.000001 -0.000001 -0.004104 -0.000001 -0.000001 -0.000001 0.000000 0.000000 -0.001505 0.000636 0.000001 -0.001215 0.000001 0.000000 0.000000 
-0.000167 0.002715 0.002312 0.000885 0.001155 -0.007123 0.000000 -0.000389 -0.013364 -0.000003 0.000022 0.000008 -0.000000 0.000003 -0.000733 -0.003601 -0.000345 0.000001 -0.001188 -0.001829 -0.000001 -0.000001 -0.001270 -0.007412 -0.000001 -0.000001 -0.000001 0.000000 0.000000 -0.000960 0.000001 0.000001 -0.001192 0.000001 0.000000 0.000000 
-0.001696 0.002879 0.000811 -0.000024 -0.004442 -0.003949 -0.000000 0.000002 -0.000107 -0.000003 0.000022 0.000008 0.000001 -0.000002 -0.000001 0.000000 -0.000345 0.000001 -0.000002 -0.000002 -0.000001 -0.000001 -0.000000 -0.000001 -0.000001 -0.000001 -0.000001 0.000000 0.000000 -0.000001 0.000001 0.000001 -0.000001 0.004872 0.000000 0.000000 
0.000677 0.002228 0.001892 0.002074 0.001356 -0.005310 -0.000000 -0.000146 -0.010071 -0.000003 0.000022 0.000008 -0.000001 0.000001 -0.000003 0.000003 -0.000345 0.000001 -0.000002 -0.012386 -0.000001 -0.000001 -0.000001 -0.010676 -0.000001 -0.000001 -0.000001 0.005309 0.000000 -0.001567 0.002755 0.000001 -0.006232 0.005497 0.000000 0.000000 
-0.002448 0.002870 0.000885 -0.000260 -0.003355 -0.004907 0.000000 -0.000001 -0.002258 -0.001235 0.000022 0.000008 0.000000 -0.000002 -0.002356 0.000002 -0.000345 0.000001 -0.000002 -0.000002 -0.000001 -0.000001 -0.000000 -0.000001 -0.000001 -0.000001 -0.000001 0.000000 0.000000 -0.002578 0.000883 0.000001 -0.000001 0.000001 0.000000 0.000000 
-0.002620 0.003781 0.000799 -0.000066 -0.006399 -0.005059 -0.000000 -0.000000 -0.000292 -0.000003 0.000022 0.000008 0.000000 -0.000001 -0.000001 0.000001 -0.000345 0.000001 -0.000002 -0.000002 -0.000001 -0.000001 -0.000000 -0.000001 -0.000001 -0.000001 -0.000001 0.000000 0.000000 -0.000001 0.000001 0.000001 -0.000001 0.005124 0.000000 0.000000 
0.000864 0.000618 0.000402 -0.001319 -0.014523 -0.008496 -0.000001 0.012091 0.006214 -0.000001 0.000020 0.000007 0.172302 -0.049620 -0.003863 0.012576 -0.000316 0.000001 0.000002 0.000003 -0.000001 -0.000001 0.000199 0.000001 -0.000000 0.000000 -0.000001 0.000000 0.000000 0.006139 0.000000 0.000001 -0.000000 0.001666 0.000000 0.000000 
-0.002480 0.002585 0.000695 0.002273 -0.004459 -0.005620 -0.000001 0.002677 -0.002191 -0.000003 0.000016 0.000009 0.000003 -0.012216 0.029957 0.051889 -0.000290 0.000000 -0.001904 -0.000002 -0.000001 -0.000001 0.000000 -0.000001 -0.001343 -0.000000 -0.000001 0.000000 0.000000 -0.000001 0.000903 0.000001 -0.000001 0.000507 0.000000 0.000000 
-0.002143 0.002718 0.000559 -0.000032 -0.004918 -0.003511 0.000000 0.000001 -0.000319 -0.000003 0.000012 0.000008 -0.000000 -0.000089 -0.000001 0.000001 -0.000280 0.000003 -0.000002 -0.000002 -0.000001 -0.000001 -0.000000 -0.000001 -0.000001 -0.000000 -0.000001 0.000000 0.000000 -0.000001 0.000001 0.000001 -0.000001 0.000001 0.000000 0.000000 
-0.001431 0.002269 0.000730 0.000612 -0.003401 -0.003725 -0.000004 0.000487 -0.001526 -0.000003 0.000012 0.000008 -0.000002 -0.000003 -0.000002 -0.000578 -0.000280 0.000003 -0.000051 -0.000275 -0.000001 -0.000001 -0.000001 -0.004931 -0.000001 -0.000001 -0.000001 0.000000 0.000000 -0.000221 0.000001 0.000001 -0.001316 0.003601 0.000000 0.000000 
-0.001337 0.000583 0.001592 0.015985 -0.002186 -0.006198 0.000015 0.008944 -0.005567 -0.000003 0.000012 0.000008 -0.007325 0.000003 -0.000001 -0.003849 -0.000280 0.000003 -0.014788 -0.000003 -0.000001 -0.000001 -0.000001 -0.004590 -0.000001 -0.000001 -0.000001 0.000000 0.000000 -0.000001 0.000001 0.000001 -0.000001 0.000001 0.000000 0.000000 
-0.001728 0.001974 0.000333 -0.000023 -0.003877 -0.002458 -0.000000 0.000002 -0.000247 -0.000003 0.000012 0.000008 0.000000 -0.000003 -0.000001 -0.000000 -0.000280 0.000003 -0.000002 -0.000002 -0.000001 -0.000001 -0.000000 -0.000001 -0.000001 -0.000001 -0.000001 0.000000 0.000000 -0.000001 0.000001 0.000001 -0.000001 0.004999 0.000000 0.000000 
-0.001352 0.000701 0.001020 0.009542 -0.002405 -0.003903 0.000012 0.005220 -0.003201 -0.000003 0.000012 0.000008 -0.004300 0.000002 0.000000 -0.002170 -0.000280 0.000003 -0.008854 -0.000002 -0.000001 -0.000001 -0.000000 -0.003263 -0.000001 -0.000001 -0.000001 0.000000 0.000000 -0.000001 0.000001 0.000001 -0.000001 0.000001 0.000000 0.000000 
-0.000874 0.000921 0.000404 0.000007 -0.001926 -0.001051 -0.000000 0.000001 -0.000109 -0.000845 0.000012 0.000008 0.000000 -0.000001 -0.000001 0.000003 -0.000280 0.000003 -0.000003 -0.000003 -0.000001 -0.000001 -0.000000 -0.002473 -0.000930 -0.000001 -0.000001 0.002341 0.000000 -0.001166 0.000001 0.000001 -0.003710 0.005062 0.000000 0.000000 
-0.000943 0.000858 0.000265 0.000031 -0.002247 -0.000779 -0.000000 0.000002 -0.000003 -0.000053 0.000012 0.000008 0.000000 -0.000054 -0.000001 0.000371 -0.000280 0.000003 -0.000002 -0.000002 -0.000001 -0.000001 -0.000000 -0.000001 -0.000001 -0.000001 -0.000001 0.000000 0.000000 -0.000001 0.000001 0.000001 -0.000001 0.000001 0.000000 0.000000 
-0.000873 0.000699 0.000278 0.000016 -0.001855 -0.000671 -0.000000 0.000002 -0.000251 -0.000007 0.000012 0.000008 0.000000 -0.000003 -0.000002 0.000002 -0.000280 0.000003 -0.000002 -0.000002 -0.000001 -0.000001 -0.000000 -0.000001 -0.000001 -0.000001 -0.000001 0.000000 0.000000 -0.000001 0.000001 0.000001 -0.000003 0.004656 0.000000 0.000000 
-0.001563 0.001599 0.000577 0.000054 0.000147 -0.003107 -0.000000 -0.000568 -0.004054 -0.000578 0.000012 0.000008 -0.000002 0.000000 -0.002918 0.000001 -0.000280 0.000003 -0.000002 -0.000002 -0.000001 -0.000001 -0.000000 -0.000001 -0.000001 -0.000001 -0.000001 0.000000 0.000000 -0.007037 0.003991 0.000001 -0.005743 0.004780 0.000000 0.000000 
-0.002271 0.002297 0.000393 0.000099 -0.003036 -0.003545 0.000000 -0.000121 -0.002165 -0.000345 0.000012 0.000008 -0.000002 0.000001 -0.001923 0.000001 -0.000280 0.000003 -0.000002 -0.000002 -0.000272 -0.000001 -0.000000 -0.001165 -0.001146 -0.000001 -0.000001 0.002330 0.000000 -0.004445 0.001101 0.000001 -0.003199 0.000001 0.000000 0.000000 
-0.002500 0.003189 0.000323 -0.000100 -0.005576 -0.004303 -0.000000 0.000002 -0.000608 -0.000003 0.000012 0.000008 -0.000000 -0.000002 -0.000001 -0.000001 -0.000280 0.000003 -0.000002 -0.000002 -0.000719 -0.000001 -0.000000 -0.000001 -0.000001 -0.000001 -0.000001 0.001406 0.000000 -0.000001 0.000001 0.000001 -0.003998 0.004192 0.000000 0.000000 
-0.001484 0.001217 0.000765 0.005034 -0.000187 -0.003338 -0.000000 0.002712 -0.004149 -0.000003 0.000012 0.000008 -0.004942 -0.000001 -0.002061 -0.002464 -0.000280 0.000003 -0.000003 -0.013699 -0.000031 -0.000001 -0.000001 -0.010521 -0.000001 -0.000001 -0.000001 0.000000 0.000000 -0.000001 0.000001 0.000001 -0.000001 0.000001 0.000000 0.000000 
-0.002012 0.001830 0.000255 -0.000185 -0.002054 -0.003361 -0.000000 0.000002 -0.002360 -0.000933 0.000012 0.000008 0.000000 -0.000061 -0.002639 -0.000001 -0.000280 0.000003 -0.000002 -0.000002 -0.000261 -0.000001 -0.000000 -0.002231 -0.000875 -0.000001 -0.000001 0.002233 0.000000 -0.001027 0.000428 0.000001 -0.001554 0.003674 0.000048 0.000000 
-0.001678 0.001568 0.000214 -0.000083 -0.002982 -0.002147 -0.000000 0.000003 -0.000919 -0.000004 0.000012 0.000008 0.000000 -0.000002 -0.000716 -0.000001 -0.000280 0.000003 -0.000002 -0.000002 -0.000337 -0.000001 -0.000000 -0.000001 -0.000001 -0.000001 -0.000001 0.000473 0.000000 -0.000001 0.000254 0.000407 -0.000001 0.000001 0.000245 0.000000 
-0.001430 0.001487 0.000375 -0.000155 -0.000979 -0.003003 0.000000 0.000002 -0.002372 -0.001217 0.000012 0.000008 0.000000 -0.000119 -0.002624 0.000001 -0.000280 0.000003 -0.000002 -0.000002 -0.000217 -0.000001 -0.000000 -0.001292 -0.000505 -0.000001 -0.000001 0.002014 0.000000 -0.001270 0.003235 0.000001 -0.002733 0.004151 0.001246 0.000000 
-0.002256 0.000005 0.000362 0.002706 0.001239 -0.004165 -0.000000 0.003460 -0.006786 -0.000003 0.000012 0.000008 0.000002 -0.011743 0.023706 0.047630 -0.000280 0.000003 -0.002484 -0.000002 -0.002565 -0.000001 0.000001 -0.000001 -0.006062 -0.000000 -0.000001 0.000000 0.000000 -0.000001 0.005608 0.002645 -0.003274 0.000001 0.000222 0.000000 
0.000519 -0.000222 0.002003 -0.001540 -0.002666 -0.005380 0.000002 0.002671 -0.015773 -0.000003 0.000009 0.000008 -0.031942 -0.056809 0.103972 -0.153463 -0.000269 0.000005 0.000001 -0.000000 -0.000001 -0.000001 0.000001 -0.000000 -0.000001 0.000000 -0.000001 0.000000 0.000000 0.000000 0.000000 0.000001 -0.000000 0.001315 0.000000 0.000000 
-0.002184 0.001400 0.000302 -0.000434 0.002664 -0.005218 0.000001 -0.000001 -0.006921 -0.002767 0.000004 0.000013 -0.000002 -0.000000 -0.007914 -0.000000 -0.000247 0.000016 -0.000002 -0.000003 -0.000001 -0.000001 -0.000943 -0.000617 -0.000001 -0.000001 -0.000001 0.000000 0.000000 -0.005895 0.001809 0.001305 -0.002933 0.000001 0.001506 0.000000 
-0.002061 0.001005 0.001498 0.000546 -0.001425 -0.008351 -0.000002 0.003480 -0.013329 -0.006895 0.000004 0.000013 0.000003 -0.006589 0.028728 0.044947 -0.000247 0.000016 -0.000003 -0.000001 -0.002113 -0.000001 0.004326 -0.000001 -0.002697 0.000000 -0.002849 0.000000 0.000000 -0.002215 0.000001 0.001308 -0.000001 0.000001 0.001573 0.000000 
-0.001810 0.001790 0.000371 -0.000406 0.000390 -0.004744 0.000000 0.000094 -0.004461 -0.002222 0.000003 0.000012 0.000000 -0.000003 -0.004932 0.000000 -0.000240 0.000017 -0.000002 -0.000002 -0.000001 -0.000001 -0.000000 -0.001990 -0.000001 -0.000001 -0.004435 0.000278 0.000000 -0.000001 0.000100 0.000001 -0.000001 0.000001 0.000000 0.000000 
-0.004196 0.000056 0.001703 0.005515 0.006095 -0.007296 0.000000 0.004494 -0.013492 -0.006101 0.000003 0.000012 -0.005082 0.000000 -0.011769 -0.010952 -0.000240 0.000017 -0.001204 -0.000002 -0.000001 -0.000001 -0.000517 -0.007391 -0.000001 -0.000001 -0.000001 0.000000 0.003556 -0.009168 0.007567 0.000001 -0.001151 0.000001 0.000000 0.000000 
-0.000598 0.000680 0.000804 -0.000214 0.001332 -0.002289 0.000000 0.000002 -0.003992 -0.000523 0.000003 0.000012 -0.000001 -0.000243 -0.002963 0.000000 -0.000240 0.000017 -0.000002 -0.000002 -0.000001 -0.000001 -0.000001 -0.000585 -0.000001 -0.000001 -0.005206 0.000898 0.000000 -0.003118 0.002304 0.000001 -0.002558 0.000001 0.000000 0.000000 
-0.000875 0.000363 0.000390 0.000050 -0.001861 0.000072 0.000000 0.000002 -0.000003 -0.000136 0.000003 0.000012 -0.000001 -0.000154 -0.000001 0.000429 -0.000240 0.000017 -0.000002 -0.000002 -0.000001 -0.000001 -0.000000 -0.000001 -0.000001 -0.000001 -0.000001 0.000000 0.000000 -0.000001 0.000489 0.000139 -0.000001 0.003679 0.001095 0.000000 
-0.000890 0.000373 0.000410 0.000070 -0.001668 -0.000037 0.000001 0.000001 -0.000320 -0.000003 0.000003 0.000012 -0.000001 -0.000222 -0.000002 0.000002 -0.000240 0.000017 -0.000002 -0.000002 -0.000148 -0.000001 -0.000000 -0.000001 -0.000001 -0.000001 -0.005770 0.000000 0.000000 -0.000001 0.000001 0.000001 -0.000057 0.000001 0.000087 0.000000 
-0.000705 0.000235 0.000363 0.000045 -0.001353 0.000078 -0.000000 0.000001 -0.000257 -0.000003 0.000003 0.000012 -0.000001 -0.000054 -0.000003 0.000001 -0.000240 0.000017 -0.000002 -0.000002 -0.000083 -0.000001 -0.000000 -0.000001 -0.000001 -0.000001 -0.000001 0.000000 0.000000 -0.000084 0.000168 0.000001 -0.000200 0.003990 0.001389 0.000000 
-0.000747 0.000287 0.000299 0.000017 -0.001431 -0.000028 -0.000000 0.000002 -0.000204 -0.000003 0.000003 0.000012 -0.000000 -0.000002 -0.000002 0.000002 -0.000240 0.000017 -0.000002 -0.000002 -0.000292 -0.000001 -0.000000 -0.000001 -0.000001 -0.000001 -0.005419 0.000536 0.000000 -0.000001 0.000001 0.000576 -0.000922 0.000001 0.000001 0.000000 
-0.000678 0.000101 0.000265 0.000008 -0.001016 0.000126 -0.000000 0.000003 -0.000380 -0.000003 0.000003 0.000012 -0.000000 -0.000013 -0.000189 0.000001 -0.000240 0.000017 -0.000002 -0.000002 -0.000255 -0.000001 -0.000000 -0.000001 -0.000001 -0.000001 -0.000001 0.000424 0.000000 -0.001329 0.000752 0.000001 -0.003663 0.003500 0.001015 0.000000 
-0.000480 0.000139 0.000292 0.000089 -0.000850 0.000136 0.000000 0.000001 -0.000267 -0.000003 0.000003 0.000012 -0.000001 -0.000220 -0.000002 0.000003 -0.000240 0.000017 -0.000002 -0.000002 -0.000615 -0.000001 -0.000000 -0.000089 -0.000001 -0.000001 -0.005535 0.001028 0.000000 -0.001154 0.000467 0.000999 -0.001637 0.000001 0.000483 0.000000 
-0.000466 0.000020 0.000241 -0.000000 -0.000447 0.000072 0.000000 0.000001 -0.000599 -0.000003 0.000003 0.000012 -0.000001 -0.000000 -0.000420 0.000001 -0.000240 0.000017 -0.000002 -0.000002 -0.000333 -0.000001 -0.000000 -0.000276 -0.000001 -0.000001 -0.000001 0.000955 0.000000 -0.000361 0.001465 0.000091 -0.002072 0.004023 0.001546 0.000000 
-0.000695 0.000062 0.000221 -0.000117 0.000937 -0.000928 0.000000 0.000002 -0.002614 -0.000003 0.000003 0.000012 -0.000001 -0.000116 -0.002509 0.000000 -0.000240 0.000017 -0.000002 -0.000002 -0.000513 -0.000001 -0.000000 -0.000842 -0.000032 -0.000001 -0.005334 0.001141 0.000000 -0.001170 0.002342 0.001050 -0.002480 0.000001 0.000139 0.000000 
-0.000218 -0.000641 0.000403 0.003410 0.002795 -0.002245 -0.000004 0.003125 -0.004502 -0.000003 0.000003 0.000012 -0.001095 -0.000002 -0.003900 -0.000759 -0.000240 0.000017 -0.000002 -0.000989 -0.000556 -0.000001 -0.000001 -0.008557 -0.000001 -0.000001 -0.000001 0.000001 0.001924 -0.003002 0.002374 0.000001 -0.002914 0.000001 0.000001 0.000000 
-0.002211 0.000322 0.000348 -0.000786 0.010261 -0.007492 0.000000 -0.000001 -0.013741 -0.005312 0.000003 0.000012 -0.000002 -0.000001 -0.016110 -0.000001 -0.000240 0.000017 -0.000002 -0.000002 -0.000155 -0.000001 -0.000001 -0.003965 -0.001573 -0.000001 -0.000001 0.000893 0.000000 -0.010402 0.006478 0.001866 -0.003500 0.000001 0.001082 0.000000 
-0.002416 0.000251 0.001000 0.002381 0.010885 -0.010535 -0.000003 0.004215 -0.015850 -0.006882 0.000003 0.000012 -0.000001 -0.000002 -0.017387 -0.001676 -0.000240 0.000017 -0.000139 -0.000403 -0.000925 -0.000001 -0.000433 -0.005958 -0.000001 -0.000001 -0.007409 0.003989 0.000000 -0.009231 0.003771 0.000001 -0.004505 0.000001 0.000001 0.000000 
-0.002526 -0.001460 0.001737 0.004563 0.015626 -0.011197 -0.000001 0.006070 -0.013641 -0.022746 0.000003 0.000012 -0.000001 -0.000001 -0.020841 -0.006346 -0.000240 0.000017 -0.000001 -0.002278 -0.000001 -0.000001 -0.012284 -0.010193 -0.000001 -0.000001 -0.000001 0.000000 0.000000 -0.005015 0.002719 0.001580 -0.002493 0.000483 0.000000 0.000000 
-0.000935 0.000889 0.000745 -0.000490 0.006934 -0.006079 0.000000 -0.000001 -0.008958 -0.004933 0.000003 0.000012 -0.000002 -0.000001 -0.010429 0.000001 -0.000240 0.000017 -0.000002 -0.000002 -0.000001 -0.000001 -0.000001 -0.000001 -0.000001 -0.000001 -0.004829 0.000000 0.000000 -0.001420 0.000001 0.000001 -0.000001 0.002658 0.000000 0.000000 
-0.000816 0.001377 0.000633 -0.000065 0.001374 -0.003746 0.000000 0.000000 -0.002992 -0.003769 0.000003 0.000012 -0.000002 -0.000002 -0.003959 0.000002 -0.000240 0.000017 -0.000002 -0.000002 -0.000001 -0.000001 -0.000001 -0.000001 -0.000001 -0.000001 -0.000001 0.000000 0.000000 -0.000977 0.000001 0.000001 -0.000001 0.002308 0.000000 0.000000 
-0.000622 0.000813 0.000921 0.000072 0.005256 -0.004571 0.000000 -0.000002 -0.008265 -0.001665 0.000003 0.000012 -0.000143 -0.000000 -0.007219 -0.000000 -0.000240 0.000017 -0.000001 -0.000002 -0.000001 -0.000001 -0.013656 -0.004558 -0.000001 -0.000001 -0.000001 0.000935 0.000000 -0.005934 0.003720 0.000001 -0.006235 0.002792 0.000583 0.000000 
-0.000912 0.001507 0.000851 0.000139 0.002737 -0.004763 0.000000 -0.000002 -0.005797 -0.000003 0.000003 0.000012 -0.000002 -0.000000 -0.005530 -0.000000 -0.000240 0.000017 -0.000002 -0.000002 -0.000001 -0.000001 -0.000001 -0.002985 -0.000001 -0.000001 -0.000001 0.001127 0.000000 -0.006635 0.003895 0.000333 -0.000224 0.000001 0.000695 0.000000 
-0.000904 0.002185 0.000774 0.000119 -0.002426 -0.003283 -0.000000 -0.000002 -0.000363 -0.000003 0.000003 0.000012 -0.000002 -0.000000 -0.000002 -0.000001 -0.000240 0.000017 -0.000002 -0.000002 -0.000001 -0.000001 -0.000000 -0.000001 -0.000001 -0.000001 -0.005137 0.000000 0.000000 -0.003195 0.000190 0.000001 -0.000870 0.002834 0.001379 0.000000 
-0.001018 0.002480 0.000700 -0.000064 -0.002938 -0.003709 0.000000 0.000001 -0.000252 -0.000002 0.000003 0.000012 -0.000001 0.000000 -0.000002 -0.000002 -0.000240 0.000017 -0.000002 -0.000003 -0.000100 -0.000001 -0.000001 -0.000001 -0.000001 -0.000001 -0.000001 0.000080 0.000000 -0.000001 0.000001 0.000291 -0.000670 0.000001 0.000001 0.000000 
-0.000912 0.002187 0.000641 -0.000059 -0.002568 -0.003332 -0.000000 0.000002 -0.000306 -0.000002 0.000003 0.000012 -0.000001 -0.000001 -0.000002 -0.000002 -0.000240 0.000017 -0.000002 -0.000002 -0.000331 -0.000001 -0.000000 -0.000001 -0.000001 -0.000001 -0.004390 0.000311 0.000000 -0.000001 0.000001 0.000235 -0.000001 0.002870 0.000959 0.000000 
