0.041076 -0.299898 0.203530 -0.271759 0.275234 0.948249 0.323674 -0.306752 -0.097597 -0.756752 0.571115 -0.666139 0.310393 -0.282883 0.712590 -1.490919 0.514373 -0.694612 -0.134788 0.371034 -0.002986 -0.000983 -0.256995 -0.214564 -0.052370 -0.115370 -0.000240 0.013702 0.000609 0.529587 0.005530 0.011792 0.159274 -0.000874 0.002037 0.000218 
0.102709 -0.299123 0.074886 -0.122854 0.184654 0.880211 0.177330 -0.242650 -0.000001 -0.199404 0.523607 -0.610600 0.161053 -0.330239 0.238836 -0.459796 0.471588 -0.636675 -0.170719 0.267813 -0.000000 0.000000 -0.032030 -0.314554 -0.022271 -0.023476 -0.000000 0.000000 0.000000 0.572843 0.039393 0.000000 0.185788 -0.000000 0.000000 0.000000 
0.087114 -0.283739 0.099206 -0.110147 0.241879 0.887867 0.171035 -0.283986 -0.051360 -0.342956 0.480062 -0.559666 0.155902 -0.287682 0.384028 -0.796173 0.432360 -0.583522 -0.093283 0.241945 -0.000000 0.000000 0.048727 -0.268625 -0.065014 0.000001 -0.000000 0.000000 0.000000 0.298821 0.016464 0.000000 0.022536 0.000000 0.000000 0.000000 
0.071871 -0.303678 0.132848 -0.156179 0.292178 0.823307 0.228214 -0.220951 -0.105766 -0.479153 0.440155 -0.512955 0.214538 -0.193032 0.482166 -1.084091 0.396390 -0.534792 -0.021397 0.305447 -0.000000 0.000000 -0.000000 -0.127841 -0.021750 0.000001 -0.000000 0.000000 0.000000 0.023841 0.000000 0.000000 -0.000000 0.000000 0.000000 0.000000 
0.065074 -0.320300 0.125686 -0.169828 0.330342 0.780932 0.223316 -0.219538 -0.224529 -0.351746 0.403645 -0.470939 0.160977 -0.058340 0.489714 -1.187911 0.363386 -0.490362 -0.088321 0.329368 -0.000000 -0.000000 -0.120284 0.005998 -0.000000 -0.000000 -0.000000 -0.000000 -0.000000 0.167073 0.000000 0.000000 -0.052395 0.000000 0.000000 0.000000 
0.087726 -0.310709 0.104212 -0.131900 0.317647 0.783502 0.217708 -0.191100 -0.111531 -0.406815 0.370089 -0.431604 0.205194 -0.199536 0.369720 -0.905565 0.333183 -0.449382 -0.122799 0.265818 -0.000000 0.000000 -0.126327 -0.007856 -0.000001 -0.000000 -0.000000 0.000000 -0.000000 0.313389 -0.000270 0.000000 -0.000000 0.000000 0.000000 -0.000000 
0.098521 -0.318543 0.082366 -0.094901 0.306549 0.759241 0.208414 -0.136992 -0.072604 -0.390504 0.339334 -0.395527 0.177449 -0.169055 0.314984 -0.781952 0.305489 -0.411755 -0.164882 0.300487 -0.000000 0.000000 -0.238961 -0.043366 -0.004503 -0.005385 -0.000000 0.000000 -0.000000 0.448265 0.007064 0.000001 0.000000 0.000000 0.000000 0.000000 
0.109329 -0.319247 0.072461 -0.068585 0.322384 0.747281 0.170113 -0.137183 -0.077492 -0.363999 0.311148 -0.362457 0.161055 -0.157597 0.288200 -0.736028 0.280080 -0.377061 -0.100466 0.234675 -0.000000 0.000000 -0.193620 -0.169230 -0.043929 -0.057523 -0.000000 0.000000 -0.000000 0.473382 0.000855 0.000001 0.059644 0.000000 0.000000 0.000000 
0.117927 -0.328331 0.057281 -0.029276 0.314533 0.737232 0.097424 -0.123769 -0.083825 -0.298375 0.285321 -0.332126 0.130235 -0.147839 0.237717 -0.632811 0.256765 -0.345027 -0.089357 0.257074 -0.000000 0.000000 -0.232043 -0.212837 -0.066473 -0.110703 -0.000000 0.000000 0.000000 0.470239 0.001778 0.000001 0.090094 0.000000 0.000000 0.000000 
0.128771 -0.340531 0.052083 -0.047914 0.324573 0.721603 0.060380 -0.114387 -0.084280 -0.311127 0.261653 -0.304321 0.161548 -0.115031 0.243192 -0.621811 0.235374 -0.315351 -0.014428 0.211449 -0.000000 0.000000 -0.206992 -0.198868 -0.061813 -0.096784 -0.000000 0.000000 0.000000 0.412104 0.000000 0.000001 0.131424 0.000000 0.000000 0.000000 
0.138550 -0.358637 0.038994 -0.061209 0.316926 0.708811 0.020207 -0.090164 -0.094171 -0.258939 0.239966 -0.278817 0.185653 -0.088274 0.216957 -0.539386 0.215747 -0.287994 -0.015847 0.224380 -0.000000 0.000000 -0.221281 -0.102081 -0.030337 -0.126167 -0.000000 0.000000 0.000000 0.383687 0.000000 0.000001 0.102086 0.000000 0.000000 0.000000 
0.147551 -0.368490 0.027735 -0.008458 0.319298 0.734631 0.026298 -0.091303 -0.083953 -0.221437 0.220089 -0.255375 0.146205 -0.090828 0.208842 -0.523856 0.197862 -0.262626 -0.041948 0.154773 -0.000000 0.000000 -0.171094 -0.059111 -0.014600 -0.110937 -0.000000 0.000000 0.000000 0.307788 -0.000001 0.000001 0.109828 0.000000 0.000000 -0.000000 
0.167050 -0.380514 0.018328 0.011889 0.289250 0.748902 0.078988 -0.036190 -0.029743 -0.210110 0.201875 -0.233661 0.088572 -0.050243 0.228374 -0.465037 0.181686 -0.239189 -0.052710 0.156470 -0.000000 0.000000 -0.124727 -0.035094 -0.010443 -0.099274 -0.000000 0.000000 0.000000 0.250472 0.000000 0.004708 0.049264 0.000000 0.000000 0.000000 
0.176257 -0.390772 0.008712 0.039292 0.308325 0.776159 0.014976 -0.084648 -0.073029 -0.125718 0.185271 -0.213613 0.007771 -0.001667 0.210843 -0.464640 0.167019 -0.217400 -0.048008 0.086598 -0.000000 0.000000 -0.077095 -0.048153 -0.008877 -0.067884 -0.000000 0.000000 0.000000 0.168361 -0.004081 0.000001 0.052943 0.000000 0.000000 -0.000000 
0.194896 -0.394430 -0.001431 -0.022889 0.306109 0.805520 0.097637 -0.078081 -0.018132 -0.172168 0.170206 -0.194990 0.000003 0.023587 0.176473 -0.341016 0.153764 -0.197182 -0.000001 0.114192 -0.000000 0.000000 -0.102594 -0.040065 -0.010500 -0.051824 -0.000000 0.000000 0.000000 0.112834 -0.029727 0.000001 0.009799 0.000000 0.000000 -0.000000 
0.214807 -0.401242 -0.011064 -0.058658 0.328510 0.837714 0.000003 -0.176076 -0.052029 -0.087925 0.156622 -0.177922 0.056081 0.000002 0.153363 -0.264795 0.141789 -0.178253 -0.008626 0.082474 -0.000000 0.000000 -0.086668 -0.022339 -0.000001 -0.059969 -0.000000 0.001653 -0.000000 0.095449 -0.066233 0.000001 0.016350 0.000000 -0.000000 -0.000000 
0.230996 -0.426799 -0.023930 -0.069617 0.337571 0.843112 0.103011 -0.076254 -0.003540 -0.160729 0.144444 -0.161865 0.109186 0.034671 0.122057 -0.211310 0.131063 -0.160642 -0.034439 0.134537 -0.000000 0.000000 -0.100004 -0.039550 -0.012956 -0.079774 -0.000000 0.000001 -0.000000 0.072803 -0.056094 0.000001 0.000001 0.000000 -0.000000 -0.000000 
0.244948 -0.448114 -0.038430 -0.009156 0.361969 0.885817 0.000002 -0.128397 -0.049107 -0.069733 0.133466 -0.147138 0.076049 0.002651 0.099150 -0.174555 0.121593 -0.144169 -0.093136 0.085885 -0.000000 0.000000 -0.074642 -0.088895 -0.019403 -0.056181 -0.000000 0.022299 -0.000000 0.096852 -0.024560 0.000001 0.009762 0.000000 -0.000000 -0.000000 
0.265491 -0.485538 -0.051951 0.006789 0.361475 0.892073 0.061099 -0.024210 -0.003085 -0.125891 0.123674 -0.133440 0.095189 0.059772 0.102257 -0.163036 0.113198 -0.128551 -0.111723 0.131204 -0.000000 0.000000 -0.064784 -0.118394 -0.040416 -0.045146 -0.000000 0.021318 0.000000 0.099664 -0.000000 0.023748 0.007621 0.000000 0.000000 -0.000000 
0.286115 -0.512368 -0.067289 0.011099 0.390425 0.933326 0.000534 -0.059259 -0.034752 -0.068571 0.115030 -0.120536 0.099571 0.069230 0.107012 -0.150736 0.105884 -0.114068 -0.095808 0.093319 -0.000000 0.000000 -0.038530 -0.134721 -0.038312 -0.026586 -0.000000 0.033243 0.000000 0.128748 -0.000000 0.005968 0.035400 0.000000 0.000000 -0.000000 
0.308423 -0.546963 -0.087570 0.012507 0.404242 0.969388 0.040145 -0.012645 -0.005613 -0.094446 0.107475 -0.108521 0.101892 0.110111 0.104213 -0.120219 0.099588 -0.100354 -0.082474 0.112997 -0.000000 0.000000 -0.047797 -0.119316 -0.038516 -0.029464 -0.000000 0.026587 0.000000 0.145319 0.000000 0.011341 0.045054 0.000000 0.000000 -0.000000 
0.330691 -0.579044 -0.114466 0.034436 0.426049 1.029236 0.000316 -0.027982 -0.011289 -0.059548 0.101003 -0.097281 0.091294 0.137403 0.128247 -0.134684 0.094329 -0.087431 -0.068411 0.093539 -0.000001 0.000000 -0.053962 -0.097969 -0.023189 -0.030807 -0.000000 0.026533 0.000000 0.162209 0.000000 0.000757 0.057986 0.000000 0.000000 -0.000000 
0.351853 -0.614334 -0.145616 0.064642 0.453599 1.096178 0.034638 -0.000002 -0.000002 -0.067642 0.095599 -0.086802 0.102137 0.126594 0.097758 -0.080069 0.090026 -0.075162 -0.058055 0.082784 -0.000001 0.000000 -0.066429 -0.069538 -0.019645 -0.045445 -0.000000 0.015256 0.000000 0.165102 0.000000 0.008024 0.072955 0.000000 0.000000 -0.000000 
0.373214 -0.654112 -0.180486 0.098126 0.479778 1.168095 0.009991 0.000000 -0.000001 -0.059906 0.091307 -0.076970 0.123445 0.123235 0.118941 -0.099073 0.086742 -0.063444 -0.027036 0.084665 -0.000001 0.000000 -0.077787 -0.057053 -0.012945 -0.048315 -0.000000 0.011474 0.000000 0.136095 0.000000 0.003208 0.064595 0.000000 0.000000 -0.000000 
0.396745 -0.697123 -0.223028 0.118418 0.510957 1.239100 0.002086 0.013966 -0.000000 -0.047583 0.088120 -0.067574 0.126835 0.155700 0.114790 -0.079882 0.083970 -0.052601 -0.005878 0.088443 -0.000001 0.000000 -0.076878 -0.032405 -0.002645 -0.059240 -0.000000 0.003702 0.000000 0.126899 0.000000 0.000781 0.058729 0.000000 0.000000 -0.000000 
0.421752 -0.745746 -0.275485 0.162060 0.542508 1.311508 0.001428 0.056324 0.000002 -0.037620 0.086070 -0.058694 0.158665 0.173833 0.120531 -0.075196 0.081863 -0.042441 -0.000003 0.065698 -0.000001 0.000000 -0.054854 -0.020235 -0.000001 -0.051676 -0.000000 0.000124 0.000000 0.125071 0.000000 0.004503 0.060787 0.000000 0.000000 -0.000000 
0.448407 -0.796606 -0.336160 0.204071 0.571066 1.386643 0.000002 0.104727 0.002159 -0.019724 0.085275 -0.050226 0.164184 0.223309 0.121221 -0.061999 0.080264 -0.032971 -0.000003 0.054585 -0.000001 0.000000 -0.032219 -0.036860 -0.000001 -0.046381 -0.000000 0.000000 0.000000 0.123909 -0.000000 0.000001 0.066993 0.000000 0.000000 -0.000000 
0.476586 -0.839576 -0.402521 0.246993 0.591808 1.497162 0.000002 0.113025 0.026967 -0.013504 0.085844 -0.042250 0.185963 0.219889 0.145230 -0.051229 0.079411 -0.024038 -0.000002 0.060736 -0.000001 0.000000 -0.047512 -0.046664 -0.004285 -0.042536 -0.000000 0.000000 0.000000 0.107454 -0.000001 0.000001 0.051305 0.000000 0.000000 -0.000000 
0.501510 -0.887909 -0.480289 0.277029 0.646990 1.595467 0.000002 0.137103 0.019601 -0.009201 0.087827 -0.034682 0.206914 0.265220 0.147120 -0.048523 0.079100 -0.015762 -0.000001 0.034811 -0.000001 0.000000 -0.040430 -0.048297 -0.000001 -0.050959 -0.000000 0.000000 0.000000 0.120128 -0.014150 0.000001 0.063929 0.000000 0.000000 -0.000000 
0.526758 -0.926661 -0.571545 0.300949 0.687589 1.718236 0.000001 0.142946 0.049929 -0.000003 0.091392 -0.027718 0.223379 0.292372 0.172190 -0.018777 0.079745 -0.007923 -0.000000 0.063003 -0.000001 0.000000 -0.087579 -0.052809 -0.001666 -0.065542 -0.000000 0.000000 0.000000 0.115654 -0.030791 0.000001 0.048459 0.000000 0.000000 -0.000000 
0.548915 -0.968246 -0.671949 0.334527 0.774531 1.838441 -0.000000 0.151042 0.033389 -0.000002 0.096405 -0.021403 0.260719 0.335130 0.170817 -0.015692 0.081287 -0.000550 -0.000002 0.012262 -0.000001 0.000000 -0.064478 -0.062641 -0.000356 -0.078284 -0.000000 0.000000 0.000000 0.147385 -0.064462 0.000001 0.082564 0.000000 -0.000000 -0.000000 
0.572895 -0.999956 -0.787156 0.373715 0.838505 1.980383 -0.000001 0.146106 0.059698 -0.000000 0.100936 -0.016575 0.291714 0.362615 0.208702 -0.000001 0.085662 0.006807 -0.000001 0.026569 -0.000001 0.000000 -0.089689 -0.084778 -0.010765 -0.080824 -0.000000 0.000000 0.000000 0.154978 -0.074947 0.000001 0.071449 0.000000 -0.000000 -0.000000 
0.588305 -1.033678 -0.918526 0.432173 0.943998 2.112233 -0.000002 0.169458 0.042633 0.000001 0.105823 -0.012734 0.326057 0.428411 0.214033 0.000001 0.092045 0.013756 -0.000003 0.000001 -0.000001 -0.000000 -0.072545 -0.109407 -0.013585 -0.094412 -0.000000 0.000000 0.000000 0.167133 -0.087581 0.000001 0.107777 -0.000000 -0.000000 -0.000000 
0.602363 -1.051193 -1.068996 0.498383 1.010959 2.270321 -0.034331 0.155629 0.067432 0.044225 0.117266 -0.009223 0.353685 0.476338 0.255773 0.033451 0.099450 0.019665 -0.000002 0.051624 -0.000001 0.000000 -0.100660 -0.140843 -0.026186 -0.106177 -0.000000 0.013277 0.000000 0.165950 -0.065141 0.000001 0.081003 0.000000 -0.000000 -0.000000 
0.612565 -1.067438 -1.237446 0.611425 1.098145 2.427384 -0.014136 0.230192 0.087949 0.000004 0.144672 -0.005266 0.400783 0.554120 0.285955 0.008772 0.104347 0.024371 -0.030465 0.000000 -0.000001 -0.000000 -0.033746 -0.159493 -0.035700 -0.087596 -0.000000 0.000969 0.000000 0.196391 -0.062469 0.000001 0.139545 -0.000000 -0.000000 -0.000000 
0.599659 -1.088228 -1.397920 0.215613 1.320128 2.345724 -0.063500 0.168897 0.162661 0.169779 0.195678 -0.003893 0.462351 0.822915 0.545015 0.285437 0.136897 0.014775 -0.623560 -0.286934 -0.023823 0.000001 -0.849825 4.166447 2.173649 -3.161153 -0.969748 -2.720455 -0.000009 0.561354 -0.609656 -0.000000 0.325540 -0.000000 -0.004551 -0.000000 
0.570760 -1.090361 -1.477215 0.480797 1.212069 2.567420 -0.032136 0.239081 0.122889 0.000004 0.420445 0.070337 0.312589 0.607619 0.455734 0.223572 0.225179 -0.048396 0.349700 -0.515000 -0.024222 0.000000 -0.905820 3.741690 1.785886 -1.619135 -0.000007 -2.593207 -0.000018 0.061507 0.263764 0.000001 0.132161 -0.000000 0.000000 0.000000 
0.547703 -1.097866 -1.563903 0.802586 0.585190 2.808415 -0.084203 0.385685 0.337772 0.005285 0.761628 0.076216 0.264675 0.208635 0.482219 0.123297 0.379111 -0.109937 0.663593 -0.299469 -0.000001 0.000000 -0.960942 3.703475 1.020715 -0.390068 -1.602706 -1.891052 -0.826934 -0.323639 0.516058 0.028545 -0.096304 0.000000 0.023841 0.000000 
0.477373 -1.133356 -1.628232 1.150719 0.312077 3.067039 -0.000003 0.386632 0.369381 -0.287227 1.262355 0.077212 0.156471 0.087490 0.194632 -0.311894 0.559469 -0.214510 0.422049 -0.791402 -0.000001 -0.000000 -0.830533 6.936807 -0.656461 1.195895 0.265528 3.263624 -0.000026 0.050946 -0.008240 0.000001 -0.000000 0.000000 0.000000 0.007044 
0.777414 -1.339796 -0.982014 -0.109483 -2.479745 0.185869 -0.167540 2.368235 0.940562 1.063311 1.896430 0.209735 0.477812 0.062655 0.645819 -0.000003 0.798479 -0.414965 3.531598 -3.171579 0.294591 -2.250228 7.933801 0.000001 -7.232088 2.001964 0.000069 0.961416 -0.000079 0.535651 0.226956 -0.109747 0.378393 0.000000 -0.039595 -0.000001 
0.317077 -1.226726 -0.498014 -0.053876 -2.019611 0.872029 0.391430 1.511971 0.410946 -0.926396 1.896430 0.209735 0.034424 -0.424064 -0.000001 -0.741900 0.798479 -0.414965 3.039419 -0.765112 0.038159 -0.817763 0.345193 -0.000014 -4.373423 6.085273 0.909032 0.532878 -0.000013 -0.401938 -1.354481 -0.204027 -0.177028 -0.000000 -0.316617 -0.418628 
-0.108003 -0.987850 -0.030157 -0.154904 0.238039 1.919930 0.295212 -0.996526 -0.849162 -1.135706 1.896430 0.209735 0.316584 -0.306699 0.124965 -0.830852 0.798479 -0.414965 4.745336 1.049314 0.009051 -0.163605 -2.416376 -0.000002 -4.997481 3.087092 0.891845 2.666719 -0.000005 -0.568243 -1.870124 -0.162724 -0.257073 -0.000000 -0.421139 -0.000007 
-0.119013 -0.832379 0.079099 -0.780495 0.880793 2.301303 -0.133175 -2.509063 -0.170815 -1.097851 1.980045 0.115533 0.725547 0.673025 1.268693 -0.419827 0.989275 -0.608326 4.994410 2.824203 0.000001 0.000000 -1.710966 -0.000010 -2.914816 1.315726 0.000003 2.953612 0.000003 0.447205 -1.425643 -0.123733 0.017478 0.000000 -0.205240 -0.400571 
-0.344807 -0.564864 0.577150 -1.030043 -0.353933 1.258585 -0.000001 -1.931650 -0.007382 -0.323866 1.980045 0.115533 0.969847 0.548152 0.800042 -0.521137 0.989275 -0.608326 2.753740 3.890847 0.011824 0.000000 -1.791055 -2.839593 -0.508208 -0.048595 0.669042 1.230013 0.959541 1.101619 -0.000018 -0.000006 1.369714 -2.481698 -1.053347 -1.049772 
-0.490295 -0.530201 0.770189 -0.282744 -0.507772 1.934685 0.360692 -2.278129 -0.224804 -1.743268 1.980045 0.115533 0.426962 0.178409 0.450099 -0.754883 0.989275 -0.608326 2.036528 3.524015 0.000001 0.113948 -2.042772 -2.902776 0.403906 0.008683 0.089213 1.067787 0.059124 1.549930 0.932685 0.200103 1.012939 0.000000 0.469661 0.000003 
-0.504710 -0.514677 0.651683 0.461434 -1.370543 1.968899 0.112350 -1.748774 -0.931245 -0.362657 1.980045 0.115533 0.546903 0.368158 0.172447 -0.677382 0.989275 -0.608326 1.217641 1.266790 0.000001 0.127232 -0.358473 -3.019221 0.144991 0.177120 0.000001 0.894641 -0.000268 2.235769 1.879178 0.159488 1.447544 -0.000000 0.539924 0.000003 
-0.455176 -0.476073 0.497744 0.538603 -2.884673 1.791406 0.387500 -0.859337 0.142523 -1.089013 1.980045 0.115533 0.490262 0.402392 0.538219 -0.727707 0.989275 -0.608326 -0.379107 0.251031 0.000001 -0.000000 0.473352 -2.925678 -0.008721 0.265883 0.000001 0.801590 0.000000 1.825774 1.572777 0.335341 1.479146 -0.000001 0.283118 0.422940 
-0.495588 -0.471370 0.418312 0.443130 -3.832231 1.707373 -0.000000 -0.678141 -0.068807 -0.006682 1.980045 0.115533 0.646457 0.196051 0.697614 -0.466468 0.989275 -0.608326 -1.411196 0.243137 0.000001 0.000000 0.408576 -2.835992 -0.223662 0.000001 0.526725 0.805226 0.130589 0.525635 0.677008 0.000001 0.814501 -0.000000 0.267653 0.000001 
-0.621204 -0.504086 0.387149 0.516897 -4.398293 1.633282 0.172610 -0.462548 0.107607 -0.917462 1.980045 0.115533 0.368312 0.177338 0.712201 -0.612180 0.989275 -0.608326 -2.011404 0.089121 0.000001 -0.000000 0.397316 -2.919601 -0.056947 -0.000001 0.000001 0.677813 0.000000 -0.512116 -0.349202 0.000001 0.088017 -0.000000 0.000000 0.006206 
-0.747423 -0.518812 0.362161 0.439460 -4.765759 1.710991 0.000002 -0.777372 -0.279620 -0.000042 1.980045 0.115533 0.533509 0.019314 0.702408 -0.472977 0.989275 -0.608326 -2.285988 0.211130 0.000001 0.004702 0.161309 -3.109707 -0.008476 0.000001 0.032627 0.751796 0.000000 -1.256896 -0.968412 0.000000 -0.235334 -0.000000 -0.000000 -0.027746 
-0.916583 -0.550379 0.392225 0.551877 -3.672926 1.836702 0.134468 -0.059675 -0.000003 -0.954580 1.980045 0.115533 0.385982 0.164977 0.964727 -0.475338 0.989275 -0.608326 -1.053148 0.031202 0.000001 0.000001 -0.129212 -3.638740 0.782232 0.333395 -0.000152 1.162950 0.000000 -1.269602 -1.218270 -0.000001 -0.334786 -0.000000 -0.146451 -0.000001 
-1.043350 -0.572897 0.403153 0.487602 -3.643733 2.133449 0.092319 -0.695126 -0.481115 -0.000040 1.980045 0.115533 0.490647 -0.037583 0.932927 -0.451296 0.989275 -0.608326 -0.665879 -0.069885 0.000001 0.003447 -1.057414 -4.449437 0.865363 0.625644 -0.847421 1.018230 -0.575146 -0.710110 -0.885486 -0.000001 -0.395173 -0.000000 -0.105875 -0.036444 
-1.129326 -0.583253 0.308354 0.167801 -4.165149 2.400887 0.318031 -0.607922 0.217012 -0.851284 1.980045 0.115533 0.458607 0.085314 0.641099 -0.531032 0.989275 -0.608326 -0.971118 -0.168977 0.000000 0.000000 -1.753415 -4.987902 0.277652 0.196707 0.078590 0.531459 -0.000001 -0.018859 -0.367686 -0.000001 -0.000001 -0.000000 -0.034696 -0.000001 
-1.196310 -0.666742 0.200254 -0.145070 -4.562617 2.644941 0.103761 -0.772668 0.000002 -0.000033 1.980045 0.115533 0.458492 0.087074 0.382586 -0.688931 0.989275 -0.608326 -1.966949 0.046248 0.000001 0.000000 -2.799995 -4.350639 0.083801 -0.598071 3.699228 -1.356660 4.259224 -0.566838 1.771424 0.335370 -1.455570 -0.000000 5.191588 0.360535 
-1.207526 -0.808807 0.188420 -0.088745 -5.200914 1.639960 -0.070254 0.188071 -0.000011 -1.103932 1.980045 0.115533 0.298897 0.531767 -0.160650 -1.308334 0.989275 -0.608326 -2.314557 -0.368037 0.000000 -0.098659 0.314173 -5.656544 1.336721 -0.895228 -0.000003 -0.498380 0.076643 -1.464740 2.334284 0.000001 -0.742600 -0.000000 0.202092 0.479612 
-1.241726 -0.894318 0.386253 -0.727354 -4.952978 2.747032 0.157120 -1.419111 0.000014 -0.000018 1.980045 0.115533 0.446678 0.000003 0.989473 -0.405186 0.989275 -0.608326 -2.515170 0.491455 0.000001 0.195473 0.039634 -5.964331 1.062233 -0.481190 -0.014864 -1.825304 -0.000000 -1.793003 1.613238 0.068028 -1.144857 -0.000000 0.170801 0.000003 
-1.259666 -0.917465 0.148476 -1.237756 -5.660320 3.034938 0.393485 -0.879505 0.181949 -0.434956 1.980045 0.115533 0.316387 0.157024 0.459449 -0.481234 0.989275 -0.608326 -3.805744 0.076818 0.000001 0.036009 0.408145 -5.139294 0.960928 -0.733915 0.040953 -0.803663 -0.047129 -1.530275 0.491316 0.063811 -1.605884 -0.000000 0.731755 0.314874 
-1.243354 -0.956702 -0.026711 -2.389484 -5.946350 4.052501 0.149274 -0.761948 0.041215 0.067670 1.980045 0.115533 0.628244 0.135601 0.395851 -0.410845 0.989275 -0.608326 -4.760612 0.080907 0.000001 0.000001 0.300594 -4.419497 0.492201 -1.125410 0.399533 -0.186789 0.169567 -1.611513 -0.224893 0.000001 -1.693384 0.000000 0.379977 0.000001 
-1.236893 -1.015712 -0.157629 -4.523600 -6.001055 6.237424 0.011769 -0.791624 0.578363 0.000002 1.980045 0.115533 -0.000001 0.149342 0.904983 -0.731208 0.989275 -0.608326 -5.439731 -0.004827 0.000001 0.000000 0.000004 -4.472430 1.290649 -1.369730 -0.818923 0.859891 0.000000 -2.077698 -0.615203 0.000001 -1.092218 0.000000 -0.004572 0.177357 
-1.234321 -1.065822 -0.377609 -7.811982 -5.483895 9.651909 0.024961 -0.684760 0.342378 0.442782 1.980045 0.115533 -0.012247 0.059624 0.799164 -0.306669 0.989275 -0.608326 -5.444910 -0.133363 0.000000 0.000001 0.293203 -4.402955 0.000003 -0.951419 0.000001 0.664506 0.011224 -2.495285 -0.669525 0.000001 -0.766750 0.000000 -0.305301 0.000000 
-1.201583 -1.069777 -0.600577 -13.920829 -4.197976 16.001576 0.174507 -0.520813 0.491501 -0.098677 1.980045 0.115533 0.000002 0.011471 0.730342 -0.383196 0.989275 -0.608326 -5.250573 -0.762412 0.000000 0.038893 -0.637972 -3.893511 -0.000002 -0.333499 -0.000001 1.865913 0.069634 -2.398542 -0.573862 0.016351 -0.730433 0.000000 -0.468597 0.079473 
-1.049336 -1.024642 -0.799840 -12.988137 -1.788237 15.187407 0.000003 -1.116243 -1.437990 1.023351 1.980045 0.115533 0.000002 0.697182 0.970642 -0.470044 0.989275 -0.608326 -2.639653 -1.332127 0.000000 0.064231 -0.000030 0.000043 -5.429126 -0.275100 0.000004 4.126306 1.075140 -1.753530 -0.555906 0.000001 -1.108010 0.000000 -0.089169 -0.000138 
-0.931969 -1.087074 -0.909281 -13.586939 -0.193362 15.853783 0.103739 -0.674042 0.000001 -0.000021 1.980045 0.115533 0.000000 0.180937 0.885979 -0.220017 0.989275 -0.608326 -1.879975 -1.679676 -0.000000 0.000001 -3.266189 -0.000019 -0.000008 2.124374 -0.000001 3.547478 0.000003 -1.525972 -0.532053 0.000001 -1.123911 0.000000 -0.364533 0.000000 
-0.815285 -1.155462 -0.993669 -10.992292 1.033663 13.418419 -0.000001 -0.395815 0.760639 0.000029 1.980045 0.115533 0.000006 -0.220417 0.959070 -0.305411 0.989275 -0.608326 -1.305043 -2.022324 0.000000 0.000001 -1.125141 -0.000001 -0.000001 2.511079 -0.000004 1.872905 0.158700 -1.815674 -0.572355 0.000000 -0.219033 0.000000 -1.156026 0.039973 
-0.713278 -1.164389 -1.099672 -7.318623 0.899817 9.788159 -0.174688 -0.532992 0.477992 -0.000023 1.980045 0.115533 -0.000001 -0.271843 0.771562 -0.278003 0.989275 -0.608326 0.096024 -2.307093 0.000000 0.000001 -0.816275 -0.000003 1.025807 1.427129 -0.475376 1.080645 -0.223541 -1.794137 -0.676497 -0.000000 0.150981 0.000000 -1.132268 0.000000 
-0.602162 -0.941178 -0.416768 -3.753829 -0.672120 6.019302 -0.184400 -0.424948 0.887908 0.000006 1.980045 0.115533 0.000004 1.148832 1.041641 -0.211448 0.989275 -0.608326 2.507603 -4.946154 0.000000 -0.073716 0.843620 0.000013 0.062458 -0.110845 0.000001 0.282336 -0.000003 1.057537 -0.538260 -0.000711 0.813101 -0.000000 -0.871036 0.000000 
-0.582014 -0.901142 0.178569 -1.421348 3.176376 3.207958 -1.965474 -0.974769 1.482051 0.499464 1.980045 0.115533 0.000026 -1.849901 0.578526 -0.000060 0.000000 -0.608326 -1.229262 -2.867366 -0.000000 0.000000 -0.227531 0.000008 0.268134 -0.396727 0.000001 0.860336 0.011350 0.840588 -1.008374 -0.157275 1.110812 0.000001 -0.432194 0.000000 
-0.451614 -0.818757 0.050251 0.830491 0.871380 0.527150 -0.372675 -0.499473 0.671236 0.000010 1.980045 0.115533 0.000006 -1.115449 0.930663 -0.000006 0.000000 -0.608326 0.243070 -0.166593 0.000013 0.101300 -0.476968 0.000001 0.000001 0.457677 -0.000001 0.773970 0.000000 -0.825321 -0.841455 -0.144345 1.194798 -0.000000 -1.195054 0.038020 
-0.383506 -0.696336 0.031547 1.219955 0.285417 -0.028551 -0.000000 -0.299961 0.481805 -0.467984 2.129324 0.165145 -0.000004 -0.142630 0.754949 0.052928 -0.000000 -0.598503 0.280135 0.115227 -0.000000 0.076086 -0.354653 0.000018 0.062567 0.132357 -0.000000 0.655029 -0.000000 -1.039318 0.024875 -0.000023 1.592932 -2.112809 -4.272028 0.000001 
-0.320659 -0.599612 -0.005364 0.687863 0.350166 0.511694 0.000009 -0.406591 -0.088496 0.469839 0.000000 0.159821 -0.000641 0.149199 0.565680 -0.000000 -0.000000 -0.578157 -0.357846 -0.358242 -0.000000 0.087287 -0.274579 -0.000001 0.000001 -0.258011 0.000000 0.647155 0.000000 -0.626040 -0.000001 -0.301438 1.371217 0.085376 -2.672602 -0.013913 
-0.244467 -0.535996 -0.047424 0.201115 0.399019 1.052234 0.211507 -0.425321 0.090923 0.000002 -0.003459 0.149884 -0.000004 0.100705 0.620076 0.000001 -0.000000 -0.560390 -0.915753 -0.860134 -0.000000 0.000001 -0.484182 -0.000000 0.000000 0.006291 -0.000000 0.573081 0.036524 -0.151191 -0.000002 0.000001 1.108760 0.000002 -1.549559 0.000000 
-0.157454 -0.419843 -0.000941 0.790681 0.298060 0.331231 0.174402 -0.339691 0.000001 0.039171 -0.008955 0.135361 0.000003 -0.411601 0.796699 -0.000001 -0.000611 -0.543797 -1.145887 -0.376561 -0.000000 0.000001 -0.622701 0.000000 -0.000001 0.185639 -0.000000 0.647140 0.181549 -0.257268 0.000012 0.000003 0.987413 0.707057 -0.186970 -0.155444 
-0.114364 -0.275491 -0.018473 0.847472 -0.070393 0.144112 0.409132 -0.340659 -0.198200 -0.000003 -0.012535 0.126494 -0.000002 -0.242951 0.429744 0.000000 -0.000611 0.000000 -1.132277 -0.327619 -0.000000 0.000001 -0.531497 -0.000000 -0.000001 0.225404 -0.000000 0.556639 0.151188 -0.175339 0.000001 0.303202 0.871897 0.000001 0.455081 0.142701 
-0.058134 -0.151460 -0.085272 0.504139 -0.530822 0.444922 -0.002409 -0.561573 -0.888073 -0.000001 -0.015642 0.111893 -0.130854 -0.580661 0.109879 -0.000004 -0.000611 0.000000 -0.945065 -0.037519 -0.000000 0.060933 -0.465994 0.000001 -0.197012 0.208348 -0.000001 0.597350 0.244579 -0.074458 0.000002 0.180725 0.339853 -0.000000 1.415144 0.000000 
-0.050167 -0.067598 -0.082155 0.535816 -0.620917 0.318989 0.469950 0.271874 -0.077937 -0.227200 -0.015642 0.058961 0.000003 -0.616484 0.000502 0.000000 -0.000611 0.137356 -1.044207 0.000002 -0.000001 0.012043 -0.265500 0.000000 0.000001 0.091777 -0.000001 0.380648 0.000000 0.041639 -0.000013 0.361207 0.325078 -1.138788 1.682692 0.000000 
-0.071032 -0.005256 -0.086614 0.474227 -0.786223 0.164848 0.000000 0.747302 -0.153241 -0.000001 -0.015642 0.038346 -0.029129 -0.506001 -0.215353 0.000001 -0.008277 0.097479 0.031425 0.281757 -0.000001 0.133655 0.000003 -0.000014 1.419722 -0.655053 0.416693 -0.037307 -0.418616 -0.170847 -0.000003 0.170372 0.008221 -0.000000 0.887570 0.122773 
-0.064127 0.074646 -0.107223 0.226636 -0.901933 0.264819 -0.444453 0.839871 -0.287591 0.120290 -0.015642 0.024701 -0.018301 -0.596218 -0.420563 -0.000000 -0.011598 0.064286 0.620842 0.025625 -0.000001 0.000001 -0.045037 -0.000001 -0.000000 -1.266786 0.000000 0.172031 -0.000000 -0.075628 -0.000001 0.000000 -0.081237 -0.000001 0.704240 0.000000 
-0.026920 0.063194 -0.054268 0.131187 -0.479823 0.090003 0.005207 0.198927 -0.710872 -0.000001 -0.015642 0.016420 -0.000003 -0.434947 -0.580419 -0.000001 -0.011598 -0.015562 0.308335 0.069998 -0.000001 0.000001 -0.000001 0.000000 0.073385 -0.481969 0.000000 0.024452 -0.000000 -0.002313 0.000001 0.000000 -0.135745 -0.000001 0.396066 0.247255 
-0.004069 0.026241 -0.004965 -0.010275 -0.027250 0.030287 0.101358 0.585745 -0.208745 0.000002 -0.015642 0.002221 0.000001 -0.588951 -0.649022 -0.000001 -0.011598 -0.036396 0.009871 0.003614 -0.000001 0.000001 -0.037752 0.000000 0.066180 -0.092469 -0.000000 0.131159 -0.000000 0.000000 0.000004 -0.000000 -0.001342 -0.000001 0.389339 0.000000 
0.022140 -0.009477 0.025311 -0.064165 0.184615 -0.093861 0.000003 0.911799 -0.257980 0.255040 -0.015642 -0.033488 0.072398 -0.786903 -0.660683 0.002091 -0.011598 -0.048766 -0.047814 0.000002 -0.000001 0.000001 -0.224675 -0.000000 0.000000 0.372691 -0.000000 -0.214442 -0.000000 0.019201 0.000002 -0.000000 -0.002913 -0.000001 0.359573 0.036042 
0.027520 -0.020902 0.035956 -0.252803 0.349423 -0.020407 -0.053417 0.921068 -0.133875 0.227297 -0.015642 -0.079327 0.000000 -1.128677 -0.754520 0.000074 -0.011598 -0.046401 -0.098013 0.002387 -0.000001 0.000001 -0.763031 -0.010426 -0.000001 0.513732 -0.000000 -0.628213 -0.000000 0.000001 -0.000000 -0.000000 -0.007239 -0.000001 0.348688 -0.023533 
0.038101 -0.005412 0.037761 -0.255017 0.327296 -0.080882 -0.018458 0.945315 -0.164772 0.289959 -0.015642 -0.110795 0.000001 -1.153345 -0.740344 -0.069160 -0.011598 0.122244 -0.062987 -0.030691 -0.000001 0.000000 -0.703403 0.011224 -0.000001 0.522192 -0.271500 -0.555006 -0.000000 -0.016214 -0.000005 0.000000 0.460687 -0.000000 1.444401 -2.063243 
0.029690 0.013248 0.020637 -0.297705 0.215154 -0.004525 0.000000 0.699054 -0.175835 0.192263 -0.015642 -0.115899 0.000000 -1.285054 -0.728651 -0.083193 -0.011598 0.363525 -0.033634 -0.083952 -0.000001 -0.000000 -0.594556 0.065460 -0.000000 0.380575 -0.354830 -0.428730 0.000000 0.067575 -0.000000 -0.000000 -0.023897 -0.000001 0.491780 0.000000 
0.027287 0.043190 0.010933 -0.163714 0.029248 -0.105376 0.409403 0.666575 -0.000004 0.115341 -0.015642 -0.064344 -0.000002 -1.143068 -0.696877 0.000000 -0.011598 0.688904 0.004108 -0.052360 -0.000001 -0.000001 -0.094150 0.267646 0.000000 0.344762 -0.000001 0.637342 -0.548342 0.110565 0.059484 0.000000 -0.077088 -0.000000 0.484524 -0.245852 
0.016833 0.064274 -0.017723 -0.337425 -0.090912 0.121359 0.036365 0.249266 -0.475987 0.462932 -0.015642 -0.048402 -0.000001 -1.294448 -0.700570 0.000001 -0.011598 0.957714 0.091725 -0.071440 -0.002726 -0.000001 -0.380460 0.201182 -0.000001 0.192163 -0.316735 0.006733 0.000000 0.018340 0.156955 0.000000 -0.000000 -0.000000 0.000000 0.000000 
0.014959 0.077456 -0.027043 -0.306307 -0.188564 0.128678 0.702380 0.603974 -0.000004 0.048220 -0.015642 -0.008011 -0.000006 -1.219124 -0.654694 0.119787 -0.011598 1.238075 0.243627 -0.000001 -0.001385 -0.000001 -0.389474 0.078507 -0.000001 0.179843 -0.222730 0.101739 0.000000 -0.008165 0.193825 -0.000000 -0.080978 0.000000 0.000000 0.012714 
0.002697 0.077309 -0.038970 -0.420960 -0.187321 0.288801 0.858847 0.656142 -0.000001 0.038002 -0.015642 0.040870 -0.000020 -1.395364 -0.589833 0.079820 -0.011598 1.470044 0.276981 -0.000001 -0.008385 -0.000001 -0.041514 0.000001 -0.000000 0.122730 -0.000001 1.078545 -0.767008 -0.066070 0.202971 0.000000 -0.053849 -0.000000 0.517350 -0.517350 
0.001225 0.056170 -0.029960 -0.291463 -0.163898 0.203296 0.468874 0.383126 -0.344817 0.452242 -0.015642 0.127222 -0.010777 -1.339419 -0.539441 0.266826 -0.011598 1.669175 0.240213 0.005502 -0.000001 -0.000001 -0.471433 -0.002273 -0.000000 0.026970 -0.022122 -0.008684 0.090433 -0.052174 0.151068 0.000000 -0.046212 0.000000 0.000000 0.062938 
-0.005785 0.018990 -0.016108 -0.154588 -0.062371 0.141015 0.406206 0.353734 -0.136382 0.283331 -0.015642 0.204786 0.078791 -1.515786 -0.426860 0.260230 -0.011598 1.879982 0.073546 0.049894 -0.002057 -0.000001 -0.129323 -0.029264 -0.069667 0.000000 -0.000000 -0.028921 0.082486 -0.072664 0.043304 0.000000 0.000000 0.000000 0.000000 0.000000 
0.002297 -0.001550 0.003201 0.035343 0.003851 -0.035900 0.526540 0.497216 0.000001 0.429951 -0.045999 0.264849 -0.106243 -1.357136 -0.443444 0.268072 -0.011598 2.010454 0.033421 0.030103 -0.011889 -0.018698 -0.084270 -0.036305 -0.000001 -0.006839 0.032158 -0.029506 0.108089 -0.031699 0.011266 0.000000 0.009336 0.000000 -0.000000 0.028152 
0.001814 -0.032525 0.020333 0.174570 0.109478 -0.141189 0.365033 0.405380 0.134676 0.440551 -0.045999 0.365310 0.064267 -1.402073 -0.406269 0.320769 -0.011598 2.156642 0.038890 0.010440 -0.026972 -0.037883 -0.254372 0.208038 -0.518056 0.005339 0.280780 0.577934 1.683449 -0.117418 0.003067 0.000001 0.158757 0.000000 -0.019639 0.000000 
0.103333 0.007278 0.108866 1.016452 0.163603 -1.233759 -0.000441 0.770624 0.024639 0.714872 -0.045999 0.126934 -0.000004 0.081850 -0.483124 0.227433 -0.011598 1.710361 0.214382 0.296107 -0.007358 -0.066505 -0.696707 -0.000979 -0.000000 0.118558 0.029381 0.108755 0.632050 -0.278843 0.171433 0.016288 0.321701 0.000000 -0.000000 0.017045 
0.169842 0.023602 0.148839 1.388555 0.162197 -1.774025 -0.133771 0.972561 0.029147 0.690295 -0.045999 -0.081084 0.000002 1.021446 -0.657023 0.000009 -0.011598 1.121181 0.492996 0.277316 -0.000001 -0.090488 -0.000003 0.021133 -0.980654 0.325040 -0.033317 0.249742 0.084980 -0.106670 0.254086 0.020909 0.138376 0.000000 0.238543 0.014051 
0.138778 0.071988 0.173422 0.711829 0.825465 -1.178716 -0.454232 1.473332 0.000001 0.958355 0.016907 -0.157073 0.000003 1.318407 -0.845721 0.000007 -0.011598 1.291904 -0.178021 0.755338 -0.000001 -0.020168 -1.232121 -0.450376 0.000001 0.389924 -0.455395 -0.182070 0.000000 -0.348884 0.177454 0.010910 0.000000 0.000000 0.671546 0.003837 
0.108874 0.035283 0.095892 0.288878 0.494015 -0.587679 -0.288672 0.965529 -0.177857 0.661394 0.017338 -0.241330 0.030186 1.241067 -0.886177 -0.086536 -0.011598 1.369486 -0.014518 0.415927 -0.000001 -0.041051 -0.135623 -0.379957 -0.692156 0.352608 -0.359804 -0.140177 0.038126 -0.307583 0.193456 0.010164 0.113241 0.000000 0.253073 0.000000 
0.126088 0.050297 0.032700 -1.688608 1.736753 1.530138 -0.566920 1.743853 -0.418459 0.710904 0.006543 -0.304771 -0.000000 0.605443 -0.824650 -0.171439 -0.011598 1.312827 -1.607420 -1.152870 -0.000001 -0.099124 -0.250245 -0.028727 -0.022949 0.194228 -0.000000 -0.198797 0.972042 0.235104 0.160863 0.029487 0.707771 0.000000 -0.005554 0.000000 
0.179460 -0.003085 -0.106274 -2.883779 2.444515 2.997976 -0.631010 1.395871 -0.495085 0.522063 -0.091220 -0.388030 -0.000000 0.401276 -0.676250 -0.296401 -0.011598 1.334518 -2.313963 -2.698781 -0.000001 -0.134548 -0.000001 -0.082432 0.000000 -0.053539 0.032902 -0.423398 0.000000 0.923605 0.107397 0.020977 0.728804 -0.000000 -0.106920 0.000000 
0.229681 -0.051253 -0.089323 -2.041493 3.086485 2.257383 -0.315237 1.318570 -0.652890 0.670753 -0.091220 -0.388030 -0.000001 1.499018 -0.364549 -0.185954 -0.011598 1.334518 -2.816136 -2.269860 -0.003824 0.000001 0.013179 -0.065546 1.001706 0.332017 1.096495 2.768392 -0.000001 0.842718 0.020774 0.000000 0.410119 0.000000 -0.166418 0.001532 
0.212964 -0.166034 -0.183608 -1.727988 4.520441 2.372233 -0.650135 1.444624 -0.142167 1.026585 -0.091220 -0.388030 0.000000 1.068835 -0.330100 -0.242881 -0.011598 1.334518 -4.241111 -2.326436 0.000880 -0.113684 0.005431 -0.228582 0.964363 0.055271 0.531199 2.158590 -3.411269 0.734209 -0.130258 -0.065752 0.248844 0.000000 -0.662759 0.000000 
0.162926 -0.175119 -0.251311 -1.033603 1.811033 1.730482 0.853249 0.489135 -0.031127 1.403120 -0.091220 -0.388030 0.690381 2.064582 -0.671031 -0.000026 -0.011598 1.334518 0.000624 -1.689508 -0.000001 -0.176393 0.000001 -2.912386 -0.000002 0.398872 1.080893 -1.333532 0.046186 -0.412625 0.368397 0.000000 0.520228 0.000003 -0.118965 -0.000001 
0.079649 -0.192941 -0.217622 -0.504589 1.270129 0.749861 0.164534 0.446479 -0.311970 0.687968 -0.091220 -0.388030 0.000003 2.108651 -0.676211 -0.346433 -0.011598 1.334518 -0.000044 -0.000003 -0.000000 -0.031258 -4.780729 -0.000024 -0.000003 -0.242428 -1.457480 5.472764 -0.221727 -0.863537 0.114220 -0.000000 -0.058804 -0.000000 -0.002732 0.000029 
-0.024861 -0.279364 -0.191267 -0.121095 1.048419 0.551696 0.484203 0.653775 0.034147 0.621270 -0.091220 -0.388030 -0.154025 -1.134281 0.012586 0.000003 -0.011598 1.334518 0.000024 0.482455 -0.000001 -0.000001 -0.916962 0.000009 -0.209860 0.468980 -0.101666 2.677106 0.482843 -1.082034 -0.049778 -0.000001 0.000000 -0.000000 -0.489200 -0.000000 
-0.139046 -0.209366 0.326664 0.872614 0.696305 -1.073845 -0.653016 1.800455 0.359619 1.105632 -0.082000 -0.351898 -0.328954 0.855389 -0.003332 -0.543833 -0.011598 1.524410 -0.000005 1.069751 -0.000000 -0.025639 0.136171 0.000010 0.232858 0.266845 -0.000001 0.709070 -0.189390 -0.351432 -0.181501 -0.000001 0.027073 0.000000 0.000000 0.017498 
-0.055913 -0.188457 0.223386 0.399238 0.382667 -0.375197 -0.557656 0.761200 0.074986 0.949478 -0.020510 -0.386252 -0.027784 0.403005 -0.451001 -0.103769 -0.011598 1.377571 0.000001 -0.114201 -0.000001 -0.095441 0.189945 0.000004 0.010054 0.000000 -0.000000 0.046705 -0.000000 0.062133 -0.082374 -0.000001 0.483528 0.000000 -0.251798 0.000000 
-0.027520 -0.115123 0.206834 0.298721 -0.177018 -0.223563 -0.225326 0.290456 -0.002685 0.670010 0.003659 -0.383437 -0.000001 0.471475 -0.274106 -0.000002 -0.014111 1.246118 -0.000001 -0.749066 -0.000001 -0.118945 0.000001 -0.000002 0.066883 -0.000001 -0.000000 -0.097830 -0.000000 0.573370 0.021613 -0.000001 0.610651 0.000000 -0.817017 0.000000 
-0.027145 -0.003454 0.195838 0.485864 -0.890169 -0.697800 0.117287 0.000003 -0.188688 0.653379 0.019269 -0.379911 0.080812 1.049970 -0.026726 0.000001 -0.016863 1.126885 -0.000000 -0.169661 -0.165126 1.146843 -0.126430 -0.000000 -0.000001 0.228612 -0.000001 -0.280545 -0.116695 0.629127 -0.140079 -0.000000 0.324998 0.008335 -0.430140 0.051386 
0.001614 0.120442 0.108164 0.429850 -1.498692 -0.836557 0.573150 -0.324138 -0.232255 0.431737 0.019177 -0.363051 0.021153 1.301247 -0.447320 -0.343090 -0.016863 1.016926 0.000003 -0.002617 -0.000002 1.081399 -0.380602 -0.000001 -0.000002 0.005571 -0.000001 -0.300975 -0.017450 0.670551 -0.262226 -0.060964 0.177051 0.314816 -0.015325 -0.000052 
-0.002674 0.135340 -0.045517 -0.090759 -0.249250 0.016925 0.271854 -0.024154 -0.070086 0.523507 0.019819 -0.368928 0.000009 -0.000001 -1.359069 -0.000019 -0.016863 0.911031 -0.132087 0.113627 0.000000 -0.369206 0.000000 0.623711 -0.159981 0.048630 -0.000001 0.730907 -0.154085 -0.042184 0.067787 -0.000001 0.000492 0.000001 0.030597 -0.000000 
-0.009444 0.077174 -0.062274 -0.085148 -0.289209 0.099315 0.400886 -0.183845 0.188607 0.529871 0.025277 -0.371185 -0.281909 0.096280 -0.507102 -0.379828 -0.019450 0.828526 0.019718 0.029278 -0.061658 -0.320653 0.118905 0.385370 0.000000 -0.000000 0.000000 -0.151437 0.532003 -0.046086 0.021191 -0.000001 0.001248 0.000001 0.000000 -0.000000 
0.001396 0.076881 -0.022155 -0.094556 -0.236591 -0.023931 0.322191 -0.178363 0.000002 0.512186 0.039798 -0.374926 0.367033 -0.190459 -0.320997 -0.225103 -0.024208 0.749748 0.150459 0.109027 -0.346392 -0.380870 -0.283948 0.111111 -0.000002 0.075167 0.000001 -1.633358 3.539117 -0.111921 0.118714 -0.000001 0.043134 0.000001 -0.825746 0.796298 
0.047031 0.132941 0.080249 -0.105121 0.191783 -0.283778 0.067604 -0.155964 -0.259548 0.270479 0.051061 -0.379363 0.000004 0.189486 -0.510992 -0.000014 -0.028920 0.679691 -0.130200 0.218949 0.028990 0.026553 -0.000000 -0.048505 -0.298496 0.122706 -0.298938 -0.136773 -0.000001 -0.110469 0.288735 -0.030702 0.123161 0.000001 0.000000 -0.000000 
0.049455 0.125727 0.100084 -0.140759 0.356030 -0.285579 0.189489 -0.379380 -0.302646 0.283888 0.054110 -0.378446 -0.419643 0.442011 -0.308978 -0.527792 -0.031888 0.612214 -0.207230 0.169826 -0.303819 0.000000 -0.368012 -0.227578 -0.000001 0.065026 -0.000000 -2.158754 3.229068 -0.090726 0.316517 -0.000001 0.143063 0.000001 -1.186306 1.173984 
0.045096 0.085561 0.099115 -0.100525 0.240066 -0.290197 0.294422 -0.644216 -0.128137 0.277225 0.076899 -0.407038 -0.315316 0.362859 -0.394604 -0.000011 -0.035031 0.553831 0.000002 0.172687 0.079647 0.210076 -0.000002 -0.311031 -0.452277 0.108677 -0.281956 -0.432182 -0.884256 -0.124176 0.160552 -0.000001 0.152686 0.114126 0.000000 -0.031580 
0.054915 0.058022 0.094482 -0.216939 0.385443 -0.171453 0.141454 -0.431012 -0.118182 0.308236 0.100459 -0.446476 -0.380557 0.279830 -0.380836 -0.000003 -0.038922 0.000000 -0.000002 -0.000002 -0.097687 0.345371 -0.662240 -0.510978 0.000000 0.036136 -0.339172 -0.637019 -0.000000 -0.085039 0.035024 -0.000000 0.191785 0.000001 -0.130377 0.000000 
0.047921 0.046493 0.039148 -0.370477 0.423710 0.085000 0.114283 -0.329280 -0.213198 0.342524 0.099236 -0.443625 -0.397019 -0.000002 -0.340125 -0.096838 -0.042605 -0.003553 0.000006 -0.014928 0.189877 0.000001 -0.000002 -0.720923 -0.617368 0.014906 -0.524486 -0.821942 -0.000000 -0.125398 0.019207 -0.111900 0.069541 0.000000 0.000001 -0.903644 
0.051808 0.045205 0.017627 -0.288448 0.145133 0.077795 -0.000104 -0.343313 -0.238625 0.209547 0.102637 -0.442978 -0.114778 -0.025561 -0.258247 -0.119826 -0.046053 -0.007006 0.000085 -0.148916 0.062976 0.180540 -1.191361 0.027500 0.000004 -0.645851 0.000005 -1.269936 -0.346927 -0.012155 0.055551 -0.029195 0.129894 0.000001 -0.012838 -0.000000 
0.061101 0.098295 -0.040001 -0.336060 -0.028487 0.180297 0.108687 -0.207233 -0.448385 0.126661 0.121697 -0.461278 -0.353498 -0.063986 -0.244796 -0.468259 -0.050084 -0.011915 -0.000010 -0.195208 0.026572 0.105167 0.000001 -0.000008 0.208913 -0.199447 0.024844 -0.897110 -0.949641 -0.058417 0.101012 -0.000001 0.174775 0.000001 -0.114732 -0.000000 
0.052158 0.115681 -0.111796 -0.466851 -0.068614 0.372401 -0.000000 -0.236968 -0.424044 0.046569 0.126714 -0.459359 -0.201690 -0.380081 -0.667519 -0.073321 -0.050809 -0.017153 -0.000001 -0.245320 0.075863 -0.022598 0.057167 0.000002 0.279200 -0.053136 0.000000 -0.724606 0.000000 -0.078477 0.047051 -0.000001 0.067564 0.037816 -0.011917 -0.135315 
0.031871 0.098417 -0.173049 -0.549801 -0.091243 0.571170 0.074193 -0.232578 -0.348927 0.143108 0.126714 -0.454485 -0.464200 -0.502657 -0.495852 -0.156487 -0.052834 -0.022708 -0.000002 -0.353501 0.087610 -0.083557 0.000001 0.097113 0.000001 0.008013 -0.047785 -0.180682 -0.062648 -0.119860 0.008902 -0.000001 0.083121 0.000001 -0.095393 0.000000 
0.021578 0.094203 -0.182443 -0.472446 -0.109321 0.515922 -0.033963 -0.084289 -0.241630 0.108925 0.126714 -0.449684 -0.355780 -0.484599 -0.551999 -0.191355 -0.053994 -0.029937 0.000005 -0.188979 0.048964 -0.299923 0.000001 0.126738 0.000001 -0.000000 -0.040806 -0.093966 -0.000000 -0.236505 -0.000001 -0.013947 0.078774 0.087234 -0.105516 -0.051894 
0.013254 0.088386 -0.221154 -0.466213 -0.133364 0.570762 0.070357 -0.075103 -0.294070 0.176952 0.000000 -0.434745 -0.518542 -0.494151 -0.427002 -0.214491 -0.054915 -0.037491 -0.000004 -0.105966 -0.080544 -0.556204 0.242140 0.109307 0.000001 -0.010434 -0.086601 -0.153638 -0.561579 -0.359694 -0.000000 -0.000001 0.094575 0.000001 -0.175373 0.000000 
0.006524 0.069970 -0.251935 -0.525662 -0.044835 0.687880 -0.086800 0.001031 -0.275315 0.123166 0.000000 -0.416193 -0.412853 -0.694597 -0.476528 -0.206773 -0.055448 -0.044839 -0.000001 -0.058717 -0.245420 -0.923704 -0.000000 -0.045011 -0.000001 -0.004891 -0.050458 -0.177608 -0.000000 -0.468905 -0.017185 -0.000001 0.062289 0.058542 -0.048841 -0.083360 
0.004610 0.046900 -0.263327 -0.503773 0.000966 0.708907 0.003206 0.238186 -0.318953 0.218325 -0.000000 -0.383850 -0.523159 -0.717341 -0.316354 -0.162954 -0.057942 -0.051730 -0.000003 -0.029775 -0.068457 -0.904891 -0.000000 -0.115387 -0.000001 -0.033302 -0.089609 -0.195404 -0.149108 -0.536132 -0.000001 -0.000001 0.084732 0.000001 -0.122208 0.000000 
-0.049324 -0.008059 -0.047655 -0.157546 0.077645 0.280684 -0.502156 0.898620 -0.116413 0.287264 -0.000000 -0.301975 -0.296962 -0.126876 -0.349221 -0.168874 -0.060343 -0.056975 0.000000 0.000000 -0.034946 -0.674475 -0.000001 -0.265693 -0.066749 -0.156680 -0.084684 -0.384807 -0.000000 -0.222386 -0.072692 -0.001955 0.130782 0.113957 -0.167446 -0.018304 
-0.065195 -0.015330 -0.062772 -0.124368 0.035398 0.373655 -0.000003 0.889747 -0.310557 0.364952 -0.000000 0.276481 -0.313325 -0.469320 -0.585244 -0.000015 -0.065727 -0.003827 0.000022 0.000001 -0.000001 -0.929810 -0.000001 0.000009 -0.619004 -0.839465 0.160018 -0.107510 -0.000000 -0.258812 -0.052807 -0.000001 0.159944 0.000001 -0.162535 0.000000 
-0.059710 -0.031583 -0.054019 -0.046327 0.058407 0.315576 -0.187912 1.454555 -0.371020 0.309635 -0.000000 0.913402 -0.706541 -0.670165 -0.587744 -0.305339 -0.062056 0.058378 0.000001 0.000001 -0.000001 -0.777645 0.251230 0.000000 0.000001 -1.494152 0.975871 0.000000 0.002967 -0.259164 0.027173 -0.000001 0.178930 0.000001 -0.412730 0.002730 
-0.047738 -0.072847 0.018406 0.311131 0.300946 -0.148591 -0.000001 0.460297 -0.151636 0.465624 -0.000000 0.913402 -0.597558 -0.621493 -0.571359 -0.162864 -0.062056 0.058378 0.000004 0.046849 -0.712809 0.093325 0.058762 -0.000000 0.271196 -1.022577 0.530708 0.000000 0.027492 -0.255132 -0.085838 -0.000001 0.266186 0.073073 -0.000000 -0.018037 
-0.022902 -0.094961 0.030031 0.267732 0.283397 -0.215624 1.050159 1.010224 -0.423316 0.313675 -0.062374 1.663402 -0.730152 -0.654802 -0.497727 -0.267779 -0.065522 0.082687 0.000008 0.104411 -0.156593 0.383508 0.217415 0.000006 0.000002 -0.000001 0.328820 0.000000 0.000000 -0.111100 -0.009635 -0.000000 0.034771 0.000001 -0.241252 0.000000 
-0.013761 -0.105136 0.026058 0.235857 0.358825 -0.204180 -0.028665 0.463059 -0.339279 0.531976 -0.062665 2.413402 -0.813927 -0.691970 -0.437661 -0.095175 -0.064369 0.065926 0.000014 0.016991 -0.031881 0.704728 -0.000001 0.000006 0.000000 0.030840 0.000001 0.000000 0.062021 -0.116209 -0.032296 -0.000000 0.094261 0.003828 -0.107840 0.000000 
-0.042444 -0.091509 0.004638 0.087062 0.204957 -0.007197 -0.000000 0.052972 -0.220019 0.423075 -0.062665 2.413402 -0.878259 -0.792095 -0.362067 -0.184916 -0.064369 0.000000 0.000002 0.108469 0.122082 -0.132419 0.000001 0.000001 0.029779 0.001952 0.000001 0.000000 0.000000 -0.148132 -0.057361 -0.000000 0.032281 0.000001 -0.152428 0.000000 
-0.048037 -0.050069 0.063105 0.190528 0.152639 -0.273470 -0.001075 0.401936 -0.294958 0.457372 -0.062665 2.413402 -0.679614 -0.491381 -0.399698 0.000611 -0.064369 0.000000 0.000036 0.354510 0.356209 -0.088313 -0.000000 0.000012 0.000001 0.135549 0.000000 0.029799 0.100630 -0.228810 -0.140149 -0.000000 0.116999 0.000001 -0.000000 -0.002522 
-0.043686 -0.032783 0.021085 0.061220 0.207219 -0.086946 -0.000001 0.122972 -0.216514 0.343535 -0.062665 2.413402 -0.862664 -0.741820 -0.335469 0.000001 -0.064369 0.000000 0.000002 0.196672 0.337101 -0.086583 0.000000 0.000000 0.000001 0.000000 0.000000 0.000000 0.000000 -0.222344 -0.124300 -0.000000 0.117357 0.000001 -0.044727 -0.000000 
-0.023247 0.005164 0.074870 0.080428 0.245043 -0.275722 -0.002709 0.425577 -0.395427 0.426138 -0.062665 2.413402 -0.771831 -0.566090 -0.278673 -0.000002 -0.064369 0.000000 0.000033 0.352798 0.147551 -0.191843 -0.062959 0.000007 -0.000000 0.114588 -0.000001 0.152980 0.118948 -0.212645 -0.097028 -0.000000 0.075770 0.000001 -0.000000 -0.072869 
0.003784 0.013839 0.029756 -0.118211 0.300489 -0.039853 -0.000001 0.162890 -0.380444 0.228777 -0.062665 2.413402 -0.941881 -0.827786 -0.285089 0.000001 -0.064369 0.000000 0.000002 0.096584 0.185770 -0.066878 0.000001 0.000000 0.009048 0.000000 -0.000000 0.000000 0.000000 -0.144858 -0.023162 -0.000000 0.059168 0.000001 -0.031486 -0.000000 
0.020239 0.040618 0.031855 -0.152063 0.261938 -0.052889 -0.000002 0.029526 -0.492905 0.364742 -0.062665 2.413402 -0.861158 -0.635455 -0.259974 -0.000002 -0.064369 0.000000 0.000004 0.092535 0.262858 -0.012406 0.000000 0.000001 0.000000 0.000000 -0.000001 0.000001 0.000000 -0.123146 0.005423 -0.000000 0.049469 0.000001 -0.000000 -0.000000 
0.021002 0.054880 0.049123 -0.146672 0.299617 -0.122982 -0.000001 0.129746 -0.419308 0.226807 -0.062665 2.413402 -0.793659 -0.648015 -0.279220 0.000001 -0.064369 0.000000 0.000001 0.177762 0.310450 -0.054017 0.000001 0.000001 0.000001 0.000000 -0.000001 0.000000 0.000000 -0.146023 0.000000 -0.000000 0.031618 0.000001 -0.002236 -0.000000 
0.021289 0.064365 0.066627 -0.171548 0.401387 -0.147983 -1.315168 -0.494803 -0.277451 0.548671 -0.062665 2.413402 -0.811993 -0.660984 -0.307073 -0.000003 -0.064369 0.000000 -0.000196 0.206243 0.303839 -0.063122 0.000004 -0.000026 -0.214530 0.000000 -0.000001 0.000000 0.033848 -0.189518 -0.001237 -0.000001 0.064545 0.000000 0.000000 -0.063064 
0.030718 0.051155 0.063083 -0.195215 0.408637 -0.119242 -0.055379 0.306047 -0.400462 0.059890 -0.062665 2.413402 -0.892874 -0.770632 -0.284708 0.000002 -0.064369 0.000000 0.000144 0.152926 0.264404 -0.057184 -0.000001 0.000022 0.149323 0.049490 -0.181077 0.080566 0.007546 -0.135144 0.031912 -0.000000 0.019766 0.000000 0.000000 -0.000000 
0.027264 0.044082 0.040966 -0.202816 0.358822 -0.054010 -0.210284 0.102338 -0.372145 0.416916 -0.062665 2.413402 -0.892114 -0.659184 -0.250680 -0.000001 -0.064369 0.000000 0.000045 0.092401 0.317600 -0.070603 -0.000000 0.000006 0.026111 0.054839 -0.090126 0.056560 0.129885 -0.121893 0.028897 -0.000000 0.023309 0.000000 -0.000000 -0.018957 
0.021916 0.036464 0.017185 -0.200753 0.297804 0.008590 -0.000001 0.101274 -0.429856 0.252922 -0.152051 2.422503 -0.834002 -0.662079 -0.260474 0.000001 -0.038100 -0.000000 0.000001 0.037972 0.140575 -0.081188 0.000001 0.000000 0.000001 0.000000 -0.051933 0.000000 0.000000 -0.110520 0.019559 -0.000000 0.026018 0.000000 -0.000000 -0.000000 
