0.034463 0.021724 0.010209 -0.946394 -0.078074 -0.015991 0.942070 -0.086622 -0.013113 0.012369 0.033291 0.032133 0.944437 -0.079657 0.102128 0.216223 -0.285127 0.025686 -2.847956 -0.430127 -0.009922 -0.003337 0.212578 -0.862273 -0.288914 0.006279 -0.000723 0.070985 0.002925 -0.664435 0.605777 0.068416 -0.275396 0.000813 0.044006 0.002050 
0.032712 0.006551 -0.036747 -0.665500 -0.144984 -0.040933 0.659226 -0.002253 0.010598 0.271421 0.030518 0.029455 0.670456 0.000002 0.000002 0.412985 -0.261362 0.023560 -2.880513 -0.000001 -0.000000 0.000000 0.077013 -1.084375 -0.315012 -0.000001 -0.000000 0.052848 0.000000 -0.686727 0.872514 0.012926 -0.105082 -0.000000 0.010089 0.023223 
0.028575 0.012884 -0.010199 -0.747104 -0.100650 -0.054472 0.641525 -0.050910 0.006946 0.100812 0.027991 0.027005 0.749008 0.000354 0.045473 0.278723 -0.239588 0.021614 -2.641870 -0.000000 -0.000000 0.000000 0.339888 -1.110873 -0.377814 -0.000001 -0.000000 0.122792 0.107078 -0.549175 0.926157 0.075294 -0.105611 -0.000000 0.074085 0.073509 
-0.001700 0.020181 -0.004899 -0.809629 -0.027960 -0.028740 0.541076 -0.162378 -0.000003 -0.004400 0.025675 0.024764 0.758814 -0.021352 -0.011909 0.166930 -0.219622 0.019830 -2.250437 0.000000 -0.000000 0.000000 0.444208 -1.004892 -0.352484 0.000001 -0.000000 0.172177 0.000000 -0.483185 0.829561 0.086738 -0.201966 0.000000 0.119158 0.000001 
-0.007101 0.018225 -0.002663 -0.791177 -0.027330 -0.010644 0.426340 -0.217455 -0.000002 -0.006389 0.023540 0.022700 0.740076 -0.034947 -0.000000 0.129929 -0.201320 0.018184 -2.130259 -0.000000 -0.000000 0.000000 0.484357 -0.705296 -0.267128 0.000000 -0.000000 0.107094 0.114551 -0.437760 0.588412 0.062924 -0.181684 -0.000000 0.068665 0.082675 
-0.011131 0.012624 -0.001325 -0.671201 -0.028436 -0.005933 0.416503 -0.160246 0.001333 0.000002 0.021592 0.020808 0.637434 -0.033965 0.006829 0.090630 -0.184541 0.016672 -1.827093 -0.000002 -0.000001 0.000000 0.518880 -0.567513 -0.216656 0.023199 -0.000000 0.102095 0.000000 -0.515079 0.385967 0.039739 -0.231315 0.000000 0.061469 0.000000 
-0.000715 0.011809 0.002213 -0.561673 -0.050045 0.002731 0.352018 -0.142778 0.018507 0.000003 0.019807 0.019076 0.498684 -0.000002 0.052971 0.071970 -0.169162 0.015287 -1.632612 -0.000002 -0.000001 0.000000 0.462419 -0.394695 -0.155387 0.000001 -0.000000 0.058336 0.000000 -0.559691 0.156702 0.002536 -0.264090 0.000000 0.006844 0.000000 
0.002704 0.013349 0.003389 -0.419780 -0.042679 0.018845 0.332272 -0.107570 0.019391 0.000000 0.018168 0.017488 0.258750 0.028217 0.057141 0.000002 -0.155064 0.014017 -1.333259 -0.028485 -0.000001 0.000000 0.328270 -0.313817 -0.106852 0.043598 -0.000000 0.037709 0.003431 -0.584988 0.004967 0.000001 -0.310032 0.000000 0.000000 0.000000 
0.011731 0.007103 0.004229 -0.345999 -0.050561 0.009610 0.328599 -0.048692 0.020851 0.006575 0.016665 0.016032 0.347577 -0.025826 0.069744 0.063990 -0.142132 0.012855 -1.143560 -0.000000 -0.000001 0.000000 0.128510 -0.172837 -0.074158 0.000000 -0.000000 0.000000 0.000000 -0.516076 -0.016767 0.000001 -0.289981 0.000000 0.000000 -0.000000 
0.012262 0.006460 0.003101 -0.300225 -0.026350 0.004434 0.299074 -0.035062 0.005923 0.000002 0.015279 0.014697 0.300749 -0.020305 0.041185 0.064727 -0.130285 0.011788 -0.882048 0.000000 -0.000001 0.000000 -0.002432 -0.132442 -0.049061 -0.000001 -0.000000 0.000000 -0.000000 -0.392651 -0.000001 0.000001 -0.240192 0.000000 0.000000 -0.000000 
0.016108 0.007187 -0.001412 -0.250773 -0.011564 0.013014 0.249665 -0.041543 0.011018 -0.000001 0.014007 0.013473 0.250538 -0.028720 0.016846 0.088340 -0.119428 0.010808 -0.855437 -0.000001 -0.000001 0.000000 -0.085581 -0.058401 -0.032131 -0.052461 -0.000000 0.000000 -0.030299 -0.188036 0.003918 0.000001 -0.107807 0.000000 0.000000 -0.016817 
0.014142 0.007217 0.002682 -0.237400 0.007645 0.012246 0.237847 -0.042309 -0.000001 -0.026456 0.012842 0.012350 0.235987 -0.031285 0.012100 0.058806 -0.109475 0.009909 -0.767126 -0.000000 -0.000001 0.000000 -0.089643 -0.069117 -0.027779 -0.072130 -0.000000 0.000000 -0.000000 -0.034507 0.010214 0.000001 -0.010351 0.000000 0.000000 -0.000000 
0.013881 0.006303 0.002422 -0.212860 0.012518 0.018006 0.211756 -0.046416 -0.000003 -0.027585 0.011774 0.011319 0.211322 -0.035234 0.009060 0.053602 -0.100352 0.009084 -0.803378 -0.000000 -0.000001 0.000000 -0.048100 -0.129635 -0.049964 -0.140356 -0.000000 0.000000 -0.066217 0.027322 0.067645 0.000001 0.000000 0.000000 -0.000000 -0.051807 
0.011536 0.005796 0.002432 -0.212161 0.009970 0.018160 0.232713 -0.037514 -0.000003 -0.023412 0.010797 0.010373 0.210817 -0.034891 0.010940 0.046743 -0.091988 0.008326 -0.769126 -0.000000 -0.000001 0.000000 -0.014794 -0.246175 -0.083797 -0.086284 -0.000000 0.000000 -0.000000 0.000000 0.140665 0.003904 0.000000 0.000000 -0.000000 -0.000000 
0.011117 0.002956 0.001881 -0.234593 -0.001184 0.015390 0.224519 -0.042976 -0.000000 -0.009239 0.009899 0.009507 0.239990 -0.024657 0.024606 0.000002 -0.084322 0.007632 -0.838805 -0.000000 -0.005191 0.000000 -0.000000 -0.297484 -0.104808 -0.048844 -0.000000 0.000000 -0.030896 -0.005662 0.205015 0.020172 -0.000000 0.000000 -0.000000 -0.031376 
0.012544 0.003296 0.002072 -0.231459 -0.003259 0.011121 0.230642 -0.033409 -0.000001 -0.008224 0.009077 0.008713 0.230909 -0.020953 0.019478 0.058937 -0.077288 0.006995 -0.850499 0.000000 -0.010918 0.000000 0.007217 -0.390878 -0.138363 -0.000001 -0.000000 0.000000 -0.000000 -0.035264 0.269665 0.030652 0.000000 0.000000 0.000000 -0.000000 
0.009846 0.002554 0.003653 -0.240010 -0.012406 0.009835 0.239354 -0.029153 -0.000002 -0.003147 0.008323 0.007986 0.240312 -0.017237 0.031790 0.044016 -0.070848 0.006415 -0.869189 0.000001 -0.014383 0.000000 0.031754 -0.437599 -0.151288 -0.010411 -0.000000 0.000000 -0.000000 -0.119458 0.322921 0.036048 0.000000 0.000000 0.000000 -0.000000 
0.006351 0.002134 0.005436 -0.235256 -0.020096 0.006965 0.234645 -0.024948 -0.000001 -0.000001 0.007630 0.007319 0.236123 -0.012846 0.042041 0.025983 -0.064942 0.005881 -0.785778 0.000000 -0.012115 0.000000 0.055597 -0.475546 -0.157650 -0.008844 -0.000000 0.052242 0.000000 -0.249100 0.351929 0.046125 -0.000001 0.000000 0.000000 -0.000000 
0.004782 0.001572 0.005128 -0.209620 -0.020854 0.003096 0.209124 -0.018261 0.000002 0.001366 0.006994 0.006709 0.210597 -0.006957 0.039662 0.020203 -0.059528 0.005392 -0.757625 -0.000001 -0.013261 0.000000 0.076530 -0.429268 -0.144150 -0.038340 -0.000000 0.071003 0.000000 -0.297492 0.315527 0.038584 -0.054982 0.000000 0.000000 0.000000 
0.002673 0.001193 0.005696 -0.189298 -0.023421 -0.002577 0.188867 -0.011143 0.000002 0.002047 0.006401 0.006119 0.190546 -0.000002 0.039875 0.010704 -0.054564 0.004974 -0.631691 -0.000002 -0.010037 0.000000 0.095846 -0.366915 -0.122756 -0.015112 -0.000000 0.075162 0.000000 -0.323944 0.253252 0.032650 -0.135764 0.000000 0.001446 0.000000 
0.001173 0.001982 0.005443 -0.162411 -0.020832 -0.004363 0.160829 -0.010855 0.000001 0.000001 0.005867 0.005610 0.163394 -0.000002 0.035030 0.004873 -0.050016 0.004561 -0.544332 -0.000003 -0.009613 0.000000 0.095575 -0.249465 -0.086818 -0.020211 -0.000000 0.051014 0.036722 -0.305962 0.155464 0.014843 -0.158882 0.000000 0.009576 0.000000 
0.001234 0.002319 0.004098 -0.137592 -0.016797 -0.005241 0.116745 -0.016446 0.000001 0.000001 0.005377 0.005144 0.138276 0.000434 0.026335 0.008664 -0.045848 0.004182 -0.402631 -0.000000 -0.006922 0.000000 0.080531 -0.148785 -0.052023 -0.001644 -0.000000 0.037675 0.000000 -0.255241 0.066891 0.003695 -0.156779 0.000000 0.006841 0.000000 
0.002150 0.001973 0.002219 -0.104723 -0.009591 -0.004405 0.091101 -0.012085 0.000001 0.000001 0.004929 0.004716 0.105051 0.000001 0.013826 0.015149 -0.042027 0.003834 -0.312630 0.000000 -0.007339 0.000000 0.056795 -0.043806 -0.018565 -0.016241 -0.000000 0.010071 0.007150 -0.165527 0.000001 0.000001 -0.107203 0.000000 0.000000 0.000000 
0.003048 0.001304 0.000540 -0.072460 -0.002741 -0.003314 0.069944 -0.005127 0.000001 0.000001 0.004518 0.004323 0.072496 -0.000000 0.002527 0.020191 -0.038525 0.003515 -0.196936 -0.000000 -0.004543 0.000000 0.029466 -0.000001 -0.000001 -0.001737 -0.000000 0.000000 0.000000 -0.070686 0.000000 0.000001 -0.059053 0.000000 0.000000 -0.000000 
0.002726 0.001091 0.000238 -0.051270 0.000742 0.000845 0.050903 -0.006767 0.000002 0.000000 0.004142 0.003963 0.051139 -0.003909 -0.000000 0.016338 -0.035315 0.003222 -0.134650 -0.000000 -0.003414 0.000000 0.000001 -0.000000 -0.000001 -0.016096 -0.000000 0.000000 0.000000 0.000001 0.000001 0.000001 -0.000000 0.000000 0.000000 -0.000000 
0.002266 0.000876 0.000247 -0.039857 0.001892 0.003500 0.039654 -0.008409 0.000001 0.000000 0.003797 0.003632 0.039703 -0.006053 0.000001 0.012359 -0.032372 0.002954 -0.093863 0.000000 -0.002276 0.000000 0.000000 0.000000 -0.000001 -0.040824 -0.000000 0.000000 -0.000000 0.027093 0.000000 0.000001 -0.000000 0.000000 0.000000 -0.000000 
0.002890 0.000638 0.000090 -0.041311 0.003261 0.005986 0.041127 -0.010323 0.000000 -0.000000 0.003481 0.003330 0.041124 -0.008214 0.000002 0.013501 -0.029675 0.002707 -0.140131 0.000000 -0.003162 0.000000 -0.000000 0.013263 -0.000000 -0.043270 -0.000000 0.000000 -0.000000 0.073419 0.000001 0.000001 0.000000 0.000000 0.000000 -0.000000 
0.005447 0.002987 -0.004507 -0.053066 -0.007461 0.015974 0.052718 -0.021441 0.010488 0.023400 0.003192 0.003052 0.053419 -0.019223 0.000003 0.044857 -0.027202 0.002482 -0.191249 0.000000 -0.006089 0.000000 -0.000001 0.004706 -0.000000 -0.052445 -0.000000 0.000000 -0.000000 0.081672 0.000001 0.000001 0.000001 0.000000 0.001303 -0.000000 
0.001880 0.001799 0.000386 -0.062294 -0.001261 0.012221 0.061934 -0.019580 0.000002 0.008135 0.002925 0.002797 0.062305 -0.015600 0.007565 0.012021 -0.024935 0.002275 -0.280887 -0.000000 -0.004513 0.000000 -0.000000 -0.000000 -0.000001 -0.000774 -0.000000 0.000000 -0.000000 0.051749 0.006885 0.000001 0.000001 0.000000 0.001477 -0.000000 
0.001508 0.000512 0.002694 -0.087356 -0.006620 0.003660 0.087180 -0.010145 0.000000 0.000001 0.002681 0.002564 0.087836 -0.004024 0.016892 0.003926 -0.022856 0.002085 -0.318983 -0.000000 -0.004088 0.000001 0.000000 -0.001621 -0.000001 -0.000001 -0.000000 0.000000 -0.000000 -0.000001 0.026952 0.000001 0.000000 0.000000 0.003876 -0.000000 
0.001444 0.000640 0.002824 -0.088910 -0.008555 -0.000346 0.088744 -0.006293 -0.000000 0.000001 0.002458 0.002351 0.089479 -0.000002 0.017541 0.004316 -0.020952 0.001911 -0.349888 -0.000000 -0.006180 0.000000 0.000966 -0.061878 -0.005225 -0.000001 -0.000000 0.000000 -0.000000 -0.022496 0.073969 0.000001 0.000000 0.000000 0.008740 -0.000000 
0.002457 0.001598 0.001434 -0.078365 -0.004895 -0.001820 0.078100 -0.006019 -0.000001 0.000001 0.002254 0.002155 0.078442 -0.000001 0.008978 0.015133 -0.019206 0.001752 -0.301964 -0.000001 -0.004651 0.000000 0.010782 -0.180477 -0.055677 -0.000001 -0.000000 0.000000 -0.000000 -0.084976 0.132160 0.014183 0.000000 0.000000 0.021565 -0.000000 
0.001600 0.001843 0.001429 -0.069619 -0.005340 -0.002274 0.069271 -0.006198 -0.000001 0.000001 0.002066 0.001975 0.069688 -0.000001 0.009035 0.011608 -0.017605 0.001606 -0.257144 -0.000001 -0.003262 0.000000 0.009753 -0.232004 -0.073915 -0.000001 -0.000000 0.008222 0.000000 -0.130925 0.161431 0.022200 -0.000000 0.000000 0.031483 -0.000000 
0.000883 0.001450 0.000053 -0.057999 -0.008809 -0.001681 0.057638 -0.004441 0.000002 0.011414 0.001894 0.001811 0.058230 -0.000001 0.007204 0.015393 -0.016138 0.001472 -0.209342 -0.000000 -0.003264 0.000001 0.006194 -0.209009 -0.070552 -0.000001 -0.000000 0.030590 0.000000 -0.138701 0.147885 0.024444 -0.000001 0.000000 0.037107 0.000000 
-0.000361 0.001077 0.001993 -0.054199 -0.006300 -0.002444 0.053880 -0.005385 0.000001 0.000002 0.001735 0.001661 0.054708 -0.000000 0.009197 0.000000 -0.014792 0.001349 -0.166962 -0.000002 -0.002486 0.000001 0.009524 -0.141085 -0.046323 -0.000001 -0.000000 0.028454 0.000000 -0.114666 0.102691 0.015669 -0.000001 0.000000 0.027345 0.000000 
-0.000034 0.000362 0.001414 -0.038842 -0.003442 -0.001230 0.038613 -0.003981 0.000000 0.000001 0.001590 0.001524 0.039228 0.000000 0.005375 0.000633 -0.013556 0.001238 -0.122413 0.000000 -0.002240 0.000001 0.002084 -0.067733 -0.022348 -0.000001 -0.000000 0.016406 0.006923 -0.067512 0.046098 0.005244 -0.013887 0.000000 0.014406 0.000000 
0.000295 0.000029 0.001268 -0.028474 -0.001674 -0.000540 0.028187 -0.002013 0.000001 0.000001 0.001457 0.001397 0.028774 0.000001 0.003841 0.000236 -0.012426 0.001134 -0.070066 -0.000000 -0.002707 0.000001 0.009147 -0.009106 -0.003942 -0.000001 -0.000000 0.005531 0.000000 -0.030995 0.000000 0.000001 -0.011682 0.000000 0.000000 0.000000 
0.000314 0.000369 0.000341 -0.013669 -0.001330 -0.000517 0.013506 -0.002484 0.003250 0.000002 0.001336 0.001280 0.013942 -0.000001 0.000002 0.003916 -0.011391 0.001040 -0.006756 0.000000 -0.000993 0.000001 0.028012 -0.000001 -0.000001 -0.000001 -0.000000 0.000000 0.000000 -0.007929 0.000000 0.000001 -0.008325 0.000000 0.000000 0.000000 
0.001607 0.000575 0.001294 -0.000109 0.002851 -0.001177 -0.000002 -0.001643 0.000880 0.000003 0.001336 0.001280 0.000095 -0.000002 -0.000001 -0.000001 -0.011391 0.001040 0.000002 0.000000 -0.000001 0.000001 0.006176 0.000477 -0.000000 -0.000001 -0.000000 0.000000 0.000000 0.000000 -0.000000 0.000001 -0.000000 0.000000 0.000000 0.000000 
0.002657 0.000276 0.001454 -0.000540 0.000610 -0.003343 -0.000003 0.000002 -0.002217 -0.000001 0.001336 0.001280 0.036585 -0.027960 0.008540 0.037583 -0.011391 0.001040 0.000003 0.000001 -0.000001 0.000001 0.000159 0.001549 -0.000000 -0.000001 -0.000000 0.000000 0.000000 0.001372 -0.000000 0.000001 -0.000000 0.000000 0.000000 -0.000000 
0.001676 0.001082 0.001320 -0.000059 0.002994 -0.002030 -0.000003 -0.001372 0.000002 0.000002 0.001336 0.001280 0.000003 -0.000001 0.000000 -0.000001 -0.011391 0.001040 0.000002 -0.000000 -0.000563 0.000001 0.000000 0.000001 -0.000000 -0.000001 -0.000000 0.000000 0.000000 0.000000 -0.000000 0.000001 -0.000000 0.000000 0.000000 0.000000 
0.001574 0.000399 0.001114 -0.000048 0.003026 -0.000872 -0.000002 -0.001112 0.000113 0.000003 0.001336 0.001280 0.000001 0.000001 -0.000000 -0.000001 -0.011391 0.001040 0.000068 -0.000000 -0.000257 0.000001 0.000000 0.000763 -0.000000 -0.001230 -0.000000 0.000000 0.000000 0.000001 -0.000000 0.000001 -0.000000 0.000000 0.000000 0.000000 
0.001567 0.000346 0.001056 -0.000034 0.002938 -0.000873 -0.000002 -0.000982 -0.000001 0.000001 0.001336 0.001280 0.000001 -0.000000 0.000010 0.000001 -0.011391 0.001040 0.000002 0.000000 -0.000810 0.000001 0.000000 0.000001 -0.000000 -0.000001 -0.000000 0.000000 0.000000 0.000001 -0.000000 0.000001 -0.000000 0.000000 0.000000 0.000000 
0.001605 0.000255 0.001048 0.000006 0.002853 -0.000573 -0.000002 -0.000610 0.000002 0.000002 0.001336 0.001280 0.000002 0.000000 -0.000001 -0.000000 -0.011391 0.001040 0.000002 -0.000000 -0.000421 0.000001 0.000000 0.000121 -0.000000 -0.000001 -0.000000 0.000000 0.000000 0.000001 -0.000000 0.000001 -0.000000 0.000000 0.000000 0.000000 
0.001543 0.000106 0.000994 0.000026 0.002735 -0.000292 -0.000002 -0.000031 0.000041 0.000002 0.001336 0.001280 0.000003 -0.000001 -0.000001 0.000001 -0.011391 0.001040 0.000002 -0.000000 -0.000707 0.000001 0.000000 0.000087 -0.000000 -0.000001 -0.000000 0.000000 0.000000 0.000001 -0.000000 0.000001 -0.000000 0.000000 0.000000 0.000000 
0.001316 0.000113 0.000864 0.000038 0.002290 -0.000310 -0.000002 -0.000406 0.000062 0.000002 0.001336 0.001280 0.000002 -0.000000 -0.000002 -0.000001 -0.011391 0.001040 0.000002 0.000000 -0.000604 0.000001 0.000000 0.000001 -0.000000 -0.000001 -0.000000 0.000000 0.000000 0.000001 -0.000000 0.000001 -0.000000 0.000000 0.000000 0.000000 
0.001300 0.000068 0.000784 0.000065 0.002332 -0.000030 -0.000002 -0.000718 0.000002 0.000002 0.001336 0.001280 0.000003 -0.000001 0.000001 0.000134 -0.011391 0.001040 0.000002 -0.000000 -0.000888 0.000001 0.000000 0.000001 -0.000000 -0.000001 -0.000000 0.000000 0.000000 0.000001 -0.000000 0.000001 -0.000000 0.000000 0.000000 0.000000 
0.002150 -0.000612 0.000564 0.000059 0.002637 0.001179 -0.000003 -0.000000 0.001251 0.000002 0.001336 0.001280 0.000145 -0.000020 -0.000000 0.001728 -0.011391 0.001040 0.000645 0.000000 -0.000258 0.000001 0.000000 0.000256 -0.000000 -0.001434 -0.000000 0.000000 0.000000 0.000001 -0.000000 0.000001 -0.000000 0.000000 0.000000 0.000000 
0.002350 -0.000728 0.000391 0.000217 0.002371 0.001660 -0.000002 -0.000003 0.001981 0.000002 0.001336 0.001280 0.000083 -0.000002 0.000000 0.002691 -0.011391 0.001040 0.000002 -0.000000 -0.001040 0.000001 0.000000 0.000001 -0.000000 -0.000062 -0.000000 0.000000 0.000000 0.000001 -0.000000 0.000001 -0.000000 0.000000 0.000000 0.000000 
0.001943 -0.000626 0.000384 0.000012 0.002168 0.001738 -0.000002 -0.000406 0.001473 0.000002 0.001336 0.001280 0.000270 -0.000411 -0.000000 0.002230 -0.011391 0.001040 0.000003 0.000000 -0.000777 0.000001 0.000000 0.000001 -0.000000 -0.000001 -0.000000 0.000000 0.000000 0.000001 -0.000000 0.000001 -0.000000 0.000000 0.000000 0.000000 
0.001991 -0.000883 0.000282 0.000046 0.002367 0.002059 -0.000003 -0.000351 0.001356 0.000002 0.001336 0.001280 0.000219 -0.000088 -0.000000 0.001918 -0.011391 0.001040 0.000003 0.000000 -0.000904 0.000001 0.000000 0.000001 -0.000000 -0.002529 -0.000000 0.000000 0.000000 0.000001 -0.000000 0.000001 -0.000000 0.000000 0.000000 0.000000 
0.001189 -0.000767 0.000491 0.000002 0.002150 0.001490 -0.000002 -0.000246 0.000060 0.000002 0.001336 0.001280 0.000125 -0.000208 -0.000001 0.000173 -0.011391 0.001040 0.000003 0.000000 -0.000659 0.000001 0.000000 0.000001 -0.000000 -0.000288 -0.000000 0.000000 0.000000 0.000001 -0.000000 0.000001 -0.000000 0.000000 0.000000 0.000000 
0.001012 -0.000366 0.000400 -0.000321 0.002112 0.002028 -0.000002 -0.001695 0.000003 0.000002 0.001336 0.001280 0.000401 -0.001544 -0.000000 0.000321 -0.011391 0.001040 0.000068 -0.000000 -0.000362 0.000001 0.000000 0.000001 -0.000000 -0.003409 -0.000000 0.000000 0.000000 0.000000 -0.000001 0.000001 -0.000001 0.000000 0.000000 -0.000000 
0.001077 -0.000591 0.000361 0.000007 0.001778 0.001433 -0.000002 -0.000411 0.000262 0.000002 0.001336 0.001280 0.000131 -0.000401 0.000000 0.000471 -0.011391 0.001040 0.000003 0.000000 -0.000784 0.000001 0.000000 0.000001 -0.000000 -0.003208 -0.000000 0.000000 0.000000 0.000001 -0.000000 0.000001 -0.000000 0.000000 0.000000 0.000000 
0.000999 -0.000608 0.000328 0.000035 0.001634 0.001332 -0.000003 -0.000289 0.000246 0.000002 0.001336 0.001280 0.000097 -0.000253 0.000000 0.000423 -0.011391 0.001040 0.000003 0.000000 -0.000739 0.000001 0.000000 0.000001 -0.000000 -0.003062 -0.000000 0.000000 0.000000 0.000001 -0.000000 0.000001 -0.000000 0.000000 0.000000 0.000000 
0.000937 -0.000628 0.000310 0.000116 0.001699 0.001098 -0.000002 -0.000034 0.000003 0.000002 0.001336 0.001280 0.000003 -0.000003 -0.000001 0.000003 -0.011391 0.001040 0.000003 0.000000 -0.000720 0.000001 0.000000 0.000001 -0.000000 -0.002861 -0.000000 0.000000 0.000000 0.000001 -0.000000 0.000001 -0.000001 0.000000 0.000638 0.000000 
0.000786 -0.000630 0.000260 0.000047 0.001335 0.001095 -0.000002 -0.000002 0.000093 0.000002 0.001336 0.001280 0.000069 -0.000002 -0.000000 0.000189 -0.011391 0.001040 0.000003 0.000000 -0.000615 0.000001 0.000000 0.000001 -0.000000 -0.003002 -0.000000 0.000000 0.000000 0.000001 -0.000000 0.000001 -0.000000 0.000000 0.001033 0.000000 
0.000797 -0.000627 0.000239 0.000093 0.001310 0.001191 -0.000002 -0.000002 0.000137 0.000002 0.001336 0.001280 0.000061 -0.000053 0.000001 0.000367 -0.011391 0.001040 0.000003 -0.000000 -0.000968 0.000001 0.000000 0.000001 -0.000000 -0.002878 -0.000000 0.000000 0.000000 0.000001 -0.000000 0.000001 -0.000001 0.000000 0.000656 0.000000 
0.000591 -0.000530 0.000231 0.000028 0.001087 0.000914 -0.000003 -0.000023 0.000001 0.000001 0.001336 0.001280 0.000070 -0.000002 0.000001 0.000002 -0.011391 0.001040 0.000003 -0.000000 -0.000668 0.000001 0.000000 0.000001 -0.000000 -0.002400 -0.000000 0.000000 0.000000 0.000001 -0.000000 0.000001 -0.000001 0.000000 0.001788 0.000000 
0.000628 -0.000609 0.000220 0.000112 0.001189 0.001066 -0.000001 -0.000001 0.000002 0.000002 0.001336 0.001280 0.000002 -0.000044 0.000001 0.000003 -0.011391 0.001040 0.000003 -0.000000 -0.000655 0.000001 0.000000 0.000001 -0.000000 -0.003061 -0.000000 0.000000 0.000000 0.000001 -0.000000 0.000001 -0.000001 0.000000 0.002189 0.000000 
0.000523 -0.000434 0.000197 0.000096 0.000966 0.000780 -0.000003 -0.000003 0.000001 0.000001 0.001336 0.001280 0.000003 -0.000050 0.000003 0.000028 -0.011391 0.001040 0.000003 0.000000 -0.000983 0.000001 -0.000000 0.000001 -0.000000 -0.002485 -0.000000 0.000000 0.000000 0.000001 -0.000000 0.000001 -0.000001 0.000000 0.001354 0.000000 
0.000449 -0.000434 0.000164 -0.000010 0.000842 0.000815 -0.000003 -0.000095 0.000002 0.000001 0.001336 0.001280 0.000096 -0.000106 0.000000 0.000003 -0.011391 0.001040 0.000003 0.000000 -0.000637 0.000001 -0.000000 0.000001 -0.000000 -0.003033 -0.000000 0.000000 0.000000 0.000001 -0.000000 0.000001 -0.000001 0.000000 0.001896 0.000000 
0.000492 -0.000433 0.000126 0.000060 0.000769 0.000798 -0.000002 -0.000002 0.000132 0.000002 0.001336 0.001280 0.000057 -0.000003 0.000001 0.000203 -0.011391 0.001040 0.000003 -0.000000 -0.000929 0.000001 -0.000000 0.000001 -0.000000 -0.002900 -0.000000 0.000000 0.000000 0.000001 -0.000000 0.000001 -0.000001 0.000000 0.001458 0.000000 
0.000352 -0.000398 0.000107 -0.000144 0.000628 0.000729 -0.000003 -0.000174 0.000001 0.000001 0.001336 0.001280 0.000219 -0.000003 0.000001 0.000087 -0.011391 0.001040 0.000143 0.000000 -0.000638 0.000001 -0.000000 0.000001 -0.000000 -0.002538 -0.000000 0.000000 0.000000 0.000001 -0.000000 0.000001 -0.000001 0.000000 0.001938 0.000000 
0.000373 -0.000458 0.000111 0.000027 0.000709 0.000846 -0.000003 -0.000115 0.000002 0.000001 0.001336 0.001280 0.000049 -0.000001 0.000001 0.000002 -0.011391 0.001040 0.000048 0.000000 -0.000514 0.000001 -0.000000 0.000001 -0.000000 -0.002875 -0.000000 0.000000 0.000000 0.000001 -0.000000 0.000001 -0.000001 0.000000 0.001967 0.000000 
0.000289 -0.000052 0.000072 -0.000237 0.000714 0.001099 -0.000003 -0.001210 0.000002 0.000001 0.001336 0.001280 0.000281 -0.001112 0.000002 0.000195 -0.011391 0.001040 0.000219 0.000000 -0.000618 0.000001 -0.000000 0.000001 -0.000001 -0.003578 -0.000000 0.000000 0.000000 0.000001 -0.000000 0.000001 -0.000001 0.000000 0.000001 0.000000 
0.000237 -0.000211 0.000094 -0.000011 0.000403 0.000358 -0.000002 -0.000018 0.000003 0.000002 0.001336 0.001280 0.000080 -0.000003 0.000000 0.000072 -0.011391 0.001040 0.000023 0.000000 -0.000717 0.000001 -0.000000 0.000001 -0.000000 -0.002157 -0.000000 0.000000 0.000000 0.000001 -0.000000 0.000001 -0.000001 0.000000 0.001769 0.000000 
0.000566 -0.000578 0.000059 0.000082 0.001020 0.001019 -0.000003 -0.000002 0.000016 0.000002 0.001336 0.001280 0.000004 -0.000005 -0.000001 0.000001 -0.011391 0.001040 0.002300 0.000000 -0.000357 0.000001 -0.000000 0.000001 -0.000000 -0.006035 -0.000000 0.000000 0.000000 0.000001 -0.000000 0.000001 -0.000001 0.000000 0.001024 0.000000 
0.000569 -0.000701 0.000054 0.000095 0.001063 0.001259 -0.000003 -0.000001 0.000001 0.000001 0.001336 0.001280 0.000002 -0.000093 0.000001 0.000001 -0.011391 0.001040 0.001566 0.000000 -0.000343 0.000001 -0.000000 0.000001 -0.000000 -0.002483 -0.000000 0.000000 0.000000 0.000001 -0.000000 0.000001 -0.000001 0.000000 0.001741 0.000000 
0.000418 -0.000466 0.000051 -0.000038 0.000760 0.000838 -0.000003 -0.000042 0.000002 0.000001 0.001336 0.001280 0.000107 -0.000003 0.000000 0.000002 -0.011391 0.001040 0.001182 0.000000 -0.000764 0.000001 -0.000000 0.000001 -0.000001 -0.001109 -0.000000 0.000970 0.000000 0.000001 -0.000000 0.000001 -0.000001 0.000000 0.001348 0.000000 
0.000374 -0.000474 0.000121 -0.000238 0.000579 0.000939 -0.000003 -0.000275 0.000002 0.000002 0.001336 0.001280 0.000334 -0.000002 0.000278 -0.000028 -0.011391 0.001040 0.001675 0.000000 -0.001379 0.000001 -0.000000 0.000000 -0.000001 -0.001210 -0.000000 0.004408 0.000000 0.000001 -0.000000 0.000626 -0.000001 0.000000 0.001726 0.000000 
0.000263 -0.000328 0.000041 -0.000026 0.000467 0.000570 -0.000103 -0.000003 0.000001 0.000001 0.001336 0.001280 0.000093 -0.000043 0.000002 0.000002 -0.011391 0.001040 0.000249 0.000000 -0.000787 0.000001 -0.000000 0.000001 -0.000001 -0.001692 -0.000000 0.002133 0.000000 0.000001 -0.000000 0.000001 -0.000001 0.000000 0.001312 0.000000 
0.000267 -0.000538 0.000008 0.000060 0.000584 0.001040 -0.000225 -0.000247 0.000000 0.000001 0.001336 0.001280 0.000003 0.000001 0.000163 -0.000367 -0.011391 0.001040 0.000457 -0.000000 -0.000777 0.000001 -0.000000 0.000001 -0.000001 -0.003556 -0.000000 0.003700 0.000000 0.000001 -0.000000 0.000831 -0.000001 0.000000 0.001769 0.000000 
0.000183 -0.000262 0.000031 0.000065 0.000341 0.000471 -0.000070 -0.000002 0.000000 0.000001 0.001336 0.001280 0.000003 -0.000022 0.000003 0.000001 -0.011391 0.001040 0.000555 -0.000000 -0.000770 0.000001 -0.000000 0.000001 -0.000001 -0.005730 -0.000000 0.002615 0.000000 0.000001 -0.000000 0.001050 -0.000001 0.000000 0.002662 0.000000 
0.000162 -0.000321 -0.000004 0.000057 0.000316 0.000594 -0.000045 -0.000022 -0.000001 0.000000 0.001336 0.001280 0.000002 0.000000 0.000022 0.000001 -0.011391 0.001040 0.001594 -0.000000 -0.000322 0.000001 -0.000000 0.000001 -0.000001 -0.002947 -0.000000 0.000974 0.000000 0.000001 -0.000000 0.000193 -0.000001 0.000000 0.000888 0.000000 
0.000072 -0.000135 -0.000005 -0.000049 0.000086 0.000239 -0.000003 -0.000002 0.000002 0.000001 0.001336 0.001280 0.000099 -0.000003 0.000001 0.000121 -0.011391 0.001040 0.001327 -0.000000 -0.000493 0.000001 -0.000000 0.000001 -0.000001 -0.002327 -0.000000 0.001205 0.000000 0.000001 -0.000000 0.000291 -0.000001 0.000000 0.001365 0.000000 
0.000032 -0.000144 -0.000009 0.000049 0.000050 0.000269 -0.000118 -0.000003 0.000001 0.000001 0.001336 0.001280 0.000003 -0.000002 0.000001 -0.000000 -0.011391 0.001040 0.000083 0.000000 -0.000499 0.000001 -0.000000 0.000001 -0.000001 -0.000296 -0.000000 0.001259 0.000000 0.000001 -0.000000 0.000594 -0.000001 0.000000 0.000856 0.000000 
0.000131 -0.000289 0.000006 0.000050 0.000198 0.000489 -0.000133 -0.000000 0.000000 0.000001 0.001336 0.001280 0.000003 -0.000003 0.000154 -0.000001 -0.011391 0.001040 0.000003 0.000000 -0.000701 0.000001 -0.000000 0.000001 -0.000001 -0.001058 -0.000000 0.002098 0.000000 0.000001 -0.000000 0.000589 -0.000001 0.000000 0.001854 0.000000 
-0.000078 -0.001297 0.000255 0.002446 0.000618 -0.000451 -0.011425 -0.000001 -0.001773 -0.000001 0.001336 0.001280 0.007430 -0.014926 0.009143 0.037280 -0.011391 0.001040 0.000002 0.000000 -0.001405 0.000001 -0.000000 0.000001 -0.000001 -0.001093 -0.000000 0.000496 0.000000 0.000001 0.000000 0.007090 -0.000001 0.000000 0.001831 0.000000 
0.000116 -0.000271 -0.000023 0.000043 0.000161 0.000501 -0.000962 -0.000330 -0.000001 0.000001 0.001336 0.001280 0.000002 0.000000 0.000062 -0.000002 -0.011391 0.001040 0.001452 0.000000 -0.000522 0.000001 -0.000000 0.000001 -0.000001 -0.001842 -0.000000 0.001024 0.000000 0.000001 -0.000000 0.000012 -0.000001 0.000000 0.000952 0.000000 
0.000056 -0.000198 -0.000019 0.000044 0.000097 0.000329 -0.000185 -0.000002 -0.000000 0.000001 0.001336 0.001280 0.000002 -0.000001 0.000002 -0.000006 -0.011391 0.001040 0.000092 0.000000 -0.000433 0.000001 -0.000000 0.000001 -0.000001 -0.000984 -0.000000 0.001031 0.000000 0.000001 -0.000000 0.000760 -0.000001 0.000000 0.001054 0.000000 
0.000092 -0.000154 -0.000008 0.000043 0.000132 0.000225 -0.000228 -0.000002 0.000000 0.000001 0.001336 0.001280 0.000002 -0.000003 0.000051 -0.000001 -0.011391 0.001040 0.000003 0.000000 -0.000874 0.000001 -0.000000 0.000001 -0.000001 -0.000889 -0.000000 0.002471 0.000000 0.000001 -0.000000 0.000231 -0.000001 0.000000 0.001541 0.000000 
-0.000892 -0.001911 0.001428 0.002390 0.000993 -0.002655 -0.151683 -0.059381 -0.100179 -0.147299 0.001336 0.001280 0.009497 -0.023426 0.023430 0.060745 -0.011391 0.001040 0.000001 -0.000000 -0.002492 0.000001 0.000805 0.000001 -0.000001 -0.000000 -0.000000 0.002435 0.000000 0.000000 0.000000 0.010825 -0.000001 0.000000 0.010363 -0.000000 
0.001215 -0.000267 0.000488 -0.004468 0.000809 0.000458 0.000000 -0.001502 0.000001 0.000001 0.001237 0.001171 0.004761 -0.000003 0.000003 0.001546 -0.010457 0.000957 -0.000000 -0.000000 -0.001114 0.000001 -0.000000 0.000000 -0.000001 -0.006787 -0.000000 0.008076 0.000000 0.000001 0.000000 0.000001 -0.000001 0.000000 0.002328 0.000000 
0.000626 -0.000063 0.000564 -0.001648 0.000642 0.000649 -0.000000 -0.001132 0.000002 0.000002 0.001237 0.001171 0.001894 -0.000002 0.000000 0.000461 -0.010457 0.000957 0.000000 0.000000 -0.000301 0.000001 -0.000001 0.000000 -0.000001 -0.000107 -0.000000 0.002873 0.000000 0.000000 0.000000 0.000001 -0.000001 0.000000 0.001246 0.000000 
0.000311 0.000306 0.000571 -0.000213 0.000215 -0.000485 -0.000000 -0.000063 0.000002 0.000002 0.001237 0.001171 0.000277 -0.000001 0.000001 0.000138 -0.010457 0.000957 0.000000 0.000000 -0.000594 0.000001 -0.000000 0.000000 -0.000001 -0.000001 -0.000000 0.001062 0.000000 0.000001 0.000000 0.000001 -0.000001 0.000000 0.000744 0.000000 
0.000362 0.000501 0.000531 -0.000011 0.000187 -0.000537 -0.000001 -0.000170 0.000114 0.000002 0.001237 0.001171 0.000185 -0.000001 -0.000000 0.000002 -0.010457 0.000957 0.000001 -0.000000 -0.000484 0.000001 -0.000000 0.000000 -0.000001 -0.000190 -0.000000 0.001562 0.000000 0.000001 0.000000 0.000001 -0.000001 0.000000 0.000001 0.000000 
0.000494 0.000477 0.000501 -0.000089 0.000407 -0.000819 -0.000001 -0.000001 0.000001 0.000001 0.001237 0.001171 0.000141 -0.000002 0.000002 0.000278 -0.010457 0.000957 0.000001 -0.000000 -0.000448 0.000001 -0.000000 0.000000 -0.000001 -0.000068 -0.000000 0.001687 0.000000 0.000213 0.000000 0.002083 -0.000001 0.000000 0.003635 0.000000 
0.000414 0.000370 0.000383 -0.001065 0.000208 -0.000418 -0.000001 -0.000553 0.000001 0.000001 0.001237 0.001171 0.001113 -0.000233 0.000002 0.000791 -0.010457 0.000957 0.000001 -0.000000 -0.000684 0.000001 -0.000001 0.000000 -0.000001 -0.000562 -0.000000 0.000078 0.000000 0.000001 -0.000000 0.000001 -0.000001 0.000000 0.000000 0.000000 
0.000384 0.000559 0.000458 -0.000104 0.000237 -0.000765 -0.000001 -0.000157 0.000001 0.000001 0.001237 0.001171 0.000202 -0.000002 0.000002 0.000261 -0.010457 0.000957 0.000001 0.000000 -0.000589 0.000001 -0.000001 0.000000 -0.000001 -0.000165 -0.000000 0.001480 0.000000 0.000001 0.000000 0.000001 -0.000001 0.000000 0.000702 0.000000 
0.003493 0.000149 0.000798 -0.002591 -0.007262 -0.001512 -0.020255 0.005468 -0.018394 -0.000002 0.001237 0.001171 0.000846 -0.002120 0.071972 -0.000002 -0.010457 0.000957 0.001215 0.000003 -0.000001 0.000001 0.000000 0.000001 -0.000000 -0.000001 -0.000000 0.000000 0.000000 0.003350 -0.001724 0.000001 -0.000000 0.000000 0.000000 -0.000000 
0.000476 0.000565 0.000602 -0.003969 -0.000619 -0.000230 0.000001 -0.001973 0.000006 0.000003 0.001133 0.001073 0.004549 -0.000000 -0.000001 0.000001 -0.009599 0.000879 -0.000001 -0.000000 -0.000216 0.000001 -0.000001 0.000000 -0.000001 -0.002789 -0.000000 0.000068 0.000000 0.000001 0.000000 0.000001 -0.000001 0.000000 0.000000 0.000000 
0.000824 0.000552 0.000528 -0.006855 -0.000479 -0.000168 -0.000001 -0.003183 0.000000 0.000001 0.001133 0.001073 0.007314 -0.000002 0.000001 0.002028 -0.009599 0.000879 0.000000 0.000001 -0.000001 0.000001 -0.000001 0.000000 -0.000001 -0.000712 -0.000000 0.000000 0.000000 0.000181 0.000000 0.000001 -0.000001 0.000000 0.000001 0.000000 
0.000717 0.000406 0.000520 -0.005816 -0.000555 -0.000587 -0.000000 -0.002090 0.000000 0.000001 0.001133 0.001073 0.006093 -0.000002 0.000001 0.002240 -0.009599 0.000879 -0.000001 0.000001 -0.000001 0.000001 -0.000001 0.000000 -0.000001 -0.000119 -0.000000 0.000000 0.000000 0.000001 0.000000 0.000832 -0.000001 0.000000 0.000431 0.000000 
0.000289 0.000673 0.000495 -0.003933 -0.000656 -0.000690 0.000001 -0.001743 0.000000 0.000001 0.001133 0.001073 0.004284 -0.000000 0.000002 0.000618 -0.009599 0.000879 -0.000002 -0.000000 -0.000770 0.000001 -0.000000 -0.000000 -0.000001 -0.000575 -0.000000 0.002849 0.000000 0.000000 0.000000 0.000514 -0.000001 0.000000 0.001864 0.000000 
0.000177 0.000809 0.000559 -0.002180 -0.000697 -0.001293 0.000001 -0.000716 0.000000 0.000001 0.001133 0.001073 0.002430 -0.000001 0.000001 0.000283 -0.009599 0.000879 -0.000002 -0.000000 -0.000845 0.000001 -0.000000 -0.000000 -0.000001 -0.000036 -0.000000 0.001648 0.000000 0.000000 0.000000 0.000176 -0.000001 0.000000 0.000940 0.000000 
0.000470 0.000739 0.000652 -0.001003 0.000447 -0.001280 0.000002 -0.000359 0.000003 0.000002 0.001133 0.001073 0.001075 0.000003 -0.000000 0.000002 -0.009599 0.000879 -0.002146 -0.000000 -0.000659 0.000001 -0.000000 -0.000000 -0.000001 -0.004806 -0.000000 0.009996 0.000000 0.000001 0.000000 0.005327 -0.000001 0.000000 0.004611 0.000000 
0.000884 0.000046 0.000650 -0.000704 0.001255 0.000236 0.000002 -0.000446 0.000017 0.000002 0.001133 0.001073 0.000907 -0.000000 -0.000000 0.000002 -0.009599 0.000879 -0.000002 -0.000000 -0.001103 0.000001 -0.000000 -0.000000 -0.000001 -0.002279 -0.000000 0.002171 0.000000 0.000001 0.000000 0.000468 -0.000001 0.000000 0.001191 0.000000 
0.001049 -0.000105 0.000617 -0.000298 0.001620 0.000620 0.000001 -0.000562 0.000002 0.000002 0.001133 0.001073 0.000493 -0.000001 0.000001 0.000002 -0.009599 0.000879 -0.000002 0.000000 -0.000683 0.000001 -0.000001 -0.000000 -0.000001 -0.000408 -0.000000 0.000245 0.000000 0.000001 0.000000 0.000036 -0.000001 0.000000 0.000710 0.000000 
0.001212 -0.000191 0.001017 -0.004767 -0.000068 0.000700 -0.000001 -0.001819 0.000003 0.001608 0.001133 0.001073 0.004997 -0.000001 0.002717 -0.000001 -0.009599 0.000879 -0.000000 0.000000 -0.000713 0.000001 -0.000001 0.000000 -0.000001 -0.004923 -0.000000 0.000001 0.000000 0.000001 -0.000000 0.000001 -0.000001 0.000000 0.000000 0.000000 
0.000949 -0.000538 0.002255 -0.004561 0.000167 -0.002746 -0.000002 0.000001 -0.009308 -0.000000 0.001133 0.001073 0.003218 -0.004912 0.018083 0.037767 -0.009599 0.000879 -0.000002 0.000001 -0.000941 0.000001 0.000000 0.000001 -0.000001 -0.000001 -0.000000 0.000001 0.000000 0.000000 0.000000 0.005496 -0.000001 0.000000 0.003741 0.000000 
0.000499 0.000959 0.000601 -0.001380 0.000432 -0.001580 0.000000 -0.000561 -0.000001 0.000000 0.001133 0.001073 0.001375 0.000002 0.000468 0.000615 -0.009599 0.000879 -0.000003 -0.000000 -0.000578 0.000001 -0.000001 -0.000000 -0.000001 -0.002136 -0.000000 0.002003 0.000000 0.000001 0.000000 0.000598 -0.000001 0.000000 0.001148 0.000000 
0.000254 0.000952 0.000505 -0.000354 0.000277 -0.001731 -0.000001 -0.000083 -0.000000 0.000001 0.001133 0.001073 0.000296 -0.000000 0.000002 0.000019 -0.009599 0.000879 -0.000002 0.000000 -0.000154 0.000001 -0.000001 0.000000 -0.000001 -0.000001 -0.000000 0.000000 0.000000 0.000001 0.000000 0.000162 -0.000001 0.000000 0.000702 0.000000 
0.000255 0.000932 0.000476 -0.000970 0.000104 -0.001639 -0.000001 -0.000344 -0.000001 0.000001 0.001133 0.001073 0.000925 0.000002 0.000197 0.000152 -0.009599 0.000879 -0.000002 -0.000000 -0.000128 0.000001 -0.000001 0.000000 -0.000001 -0.000427 -0.000000 0.000000 0.000000 0.000001 0.000000 0.000203 -0.000001 0.000000 0.000240 0.000000 
0.000278 0.000992 0.000391 -0.001320 0.000079 -0.001647 -0.000001 -0.000573 -0.000002 -0.000000 0.001133 0.001073 0.001257 0.000003 0.000243 0.000208 -0.009599 0.000879 -0.000003 -0.000001 -0.000320 0.000001 -0.000001 -0.000000 -0.000001 -0.006608 -0.000000 0.003072 0.000000 0.000001 0.000001 0.003559 -0.000001 0.000000 0.003582 0.000000 
0.000090 0.001102 0.000341 -0.001258 -0.000306 -0.001942 -0.000001 -0.000418 -0.000001 0.000000 0.001133 0.001073 0.001241 -0.000002 0.000002 0.000479 -0.009599 0.000879 -0.000001 0.000000 -0.000222 0.000001 -0.000001 0.000000 -0.000001 -0.000933 -0.000000 0.000000 0.000000 0.000001 0.000000 0.000001 -0.000001 0.000000 0.000000 0.000000 
0.000076 0.000843 0.000330 -0.000409 -0.000079 -0.001545 -0.000001 -0.000059 -0.000001 0.000001 0.001133 0.001073 0.000391 -0.000001 0.000003 0.000003 -0.009599 0.000879 -0.000002 0.000000 -0.000550 0.000001 -0.000001 -0.000000 -0.000001 -0.001773 -0.000000 0.000000 0.000000 0.000001 0.000000 0.000001 -0.000001 0.000000 0.000352 0.000000 
-0.000086 -0.000000 0.001782 0.003409 0.000539 -0.002049 0.000000 0.001265 -0.009224 -0.000000 0.001133 0.001073 0.000002 -0.010886 0.016193 0.037214 -0.009599 0.000879 -0.002814 0.000000 -0.001404 0.000001 0.000391 0.000000 -0.000001 -0.000000 -0.000000 0.000001 0.000000 0.000000 0.000001 0.003273 -0.000260 0.000000 0.003376 0.000000 
0.000130 0.000527 0.000305 -0.000382 0.000013 -0.000995 -0.000001 -0.000003 -0.000001 0.000001 0.001133 0.001073 0.000379 -0.000000 0.000155 0.000002 -0.009599 0.000879 -0.000002 -0.000000 -0.000612 0.000001 -0.000001 -0.000000 -0.000001 -0.000970 -0.000000 0.000905 0.000000 0.000001 0.000000 0.000042 -0.000001 0.000000 0.000800 0.000000 
0.000158 0.000502 0.000286 -0.000795 -0.000043 -0.000899 -0.000001 -0.000207 -0.000001 0.000000 0.001133 0.001073 0.000807 -0.000001 0.000315 0.000003 -0.009599 0.000879 -0.000002 -0.000000 -0.000392 0.000001 -0.000001 -0.000000 -0.000001 -0.000001 -0.000000 0.000000 0.000000 0.000001 0.000000 0.000001 -0.000001 0.000000 0.000000 0.000000 
0.000062 0.000581 0.000227 -0.000040 0.000026 -0.000986 -0.000000 -0.000001 -0.000001 0.000001 0.001133 0.001073 0.000003 0.000000 0.000062 0.000002 -0.009599 0.000879 -0.000002 -0.000001 -0.000636 0.000001 -0.000001 -0.000000 -0.000001 -0.000520 -0.000000 0.002158 0.000000 0.000001 0.000000 0.000967 -0.000001 0.000000 0.000501 0.000000 
0.000163 0.000408 0.000253 -0.000882 -0.000046 -0.000715 -0.000001 -0.000277 -0.000000 0.000001 0.001133 0.001073 0.000895 -0.000001 0.000350 0.000002 -0.009599 0.000879 -0.000001 -0.000000 -0.000446 0.000001 -0.000001 -0.000000 -0.000001 -0.001253 -0.000000 0.000000 0.000000 0.000001 0.000000 0.000001 -0.000001 0.000000 0.000322 0.000000 
0.000162 0.000654 0.000313 -0.001091 -0.000328 -0.001116 -0.000001 -0.000319 -0.000001 0.000000 0.001133 0.001073 0.001101 -0.000002 0.000630 0.000002 -0.009599 0.000879 -0.000002 0.000000 -0.000578 0.000001 -0.000001 -0.000000 -0.000001 -0.000532 -0.000000 0.000177 0.000000 0.000001 0.000000 0.000001 -0.000001 0.000000 0.000108 0.000000 
0.000089 0.000386 0.000194 -0.000693 -0.000075 -0.000611 -0.000001 -0.000335 -0.000001 0.000001 0.001133 0.001073 0.000669 0.000003 0.000259 0.000001 -0.009599 0.000879 -0.000002 -0.000000 -0.000173 0.000001 -0.000001 -0.000000 -0.000001 -0.002149 -0.000000 0.001502 0.000000 0.000001 0.000000 0.001054 -0.000001 0.000000 0.000566 0.000000 
-0.000028 0.000467 0.000144 -0.000355 -0.000153 -0.000759 -0.000001 -0.000173 -0.000002 -0.000000 0.001133 0.001073 0.000324 0.000003 0.000003 -0.000002 -0.009599 0.000879 -0.000003 -0.000000 -0.000553 0.000001 -0.000001 -0.000000 -0.000001 -0.001722 -0.000000 0.002357 0.000000 0.000001 0.000001 0.001978 -0.000688 0.000000 0.000407 0.000000 
0.000143 0.000367 0.000198 -0.000185 0.000024 -0.000622 -0.000001 -0.000005 -0.000001 0.000001 0.001133 0.001073 0.000178 0.000001 0.000226 0.000001 -0.009599 0.000879 -0.000002 -0.000000 -0.000769 0.000001 -0.000001 -0.000000 -0.000001 -0.001827 -0.000000 0.002051 0.000000 0.000001 0.000000 0.000777 -0.000604 0.000000 0.000777 0.000000 
0.000168 0.000403 0.000216 -0.000183 0.000016 -0.000565 -0.000000 -0.000119 0.000000 0.000001 0.001133 0.001073 0.000236 -0.000001 0.000288 0.000001 -0.009599 0.000879 -0.000002 -0.000000 -0.001064 0.000001 -0.000001 -0.000000 -0.000001 -0.001306 -0.000000 0.003974 0.000000 0.000001 0.000000 0.000110 -0.001156 0.000000 0.000884 0.000000 
0.000061 0.000311 0.000126 -0.000453 -0.000086 -0.000533 -0.000002 -0.000161 -0.000002 0.000000 0.001133 0.001073 0.000453 0.000001 0.000228 0.000001 -0.009599 0.000879 -0.000002 -0.000000 -0.000019 0.000001 -0.000001 -0.000000 -0.000001 -0.006986 -0.000000 0.000000 0.000000 0.000001 0.000000 0.002235 -0.000879 0.000000 0.003063 0.000000 
0.000090 0.000230 0.000138 -0.000682 -0.000113 -0.000384 -0.000002 -0.000268 -0.000001 0.000000 0.001133 0.001073 0.000714 -0.000001 0.000348 0.000001 -0.009599 0.000879 -0.000001 0.000000 -0.000001 0.000001 -0.000752 0.000000 -0.000001 -0.000795 -0.000000 0.000000 0.000000 0.000001 0.000000 0.000001 -0.000508 0.000000 0.000000 0.000000 
0.000095 0.000208 0.000116 -0.000532 -0.000034 -0.000349 -0.000002 -0.000206 -0.000001 0.000001 0.001133 0.001073 0.000537 -0.000000 0.000199 0.000000 -0.009599 0.000879 -0.000001 0.000000 -0.000182 0.000001 -0.000218 -0.000000 -0.000001 -0.000002 -0.000000 0.000000 0.000000 0.000001 0.000000 0.000001 -0.000803 0.000000 0.000000 0.000000 
0.000071 0.000280 0.000105 -0.000019 0.000033 -0.000493 -0.000001 -0.000003 -0.000002 0.000000 0.001133 0.001073 0.000003 0.000115 0.000002 -0.000039 -0.009599 0.000879 -0.000002 -0.000000 -0.000122 0.000001 -0.000001 -0.000000 -0.000001 -0.000980 -0.000000 0.001810 0.000000 0.000001 0.000001 0.001917 -0.001646 0.000000 0.000087 0.000000 
0.000374 -0.000306 0.000079 -0.000299 0.000548 0.000460 -0.000001 -0.000002 -0.000001 0.000001 0.001133 0.001073 0.000343 0.000000 0.000141 -0.000003 -0.009599 0.000879 -0.000003 -0.000001 -0.001028 0.000001 -0.003320 -0.000000 -0.000001 -0.005792 -0.000000 0.003371 0.000000 0.000001 0.000000 0.000272 -0.001746 0.000000 0.001242 0.000000 
-0.001974 -0.000795 0.002157 -0.004852 0.004602 0.000120 -0.000000 -0.002430 -0.010736 -0.000001 0.001133 0.001073 0.004877 0.000404 -0.000000 -0.014407 -0.009599 0.000879 -0.001406 0.000540 -0.000001 0.000001 -0.008293 -0.000001 -0.000001 -0.004688 -0.000000 0.001342 0.000000 0.000001 0.000841 0.014172 -0.003552 0.000000 0.004716 0.000000 
0.000758 0.000660 0.000633 0.000059 0.000363 -0.000566 -0.000002 -0.000379 -0.000001 0.000000 0.001133 0.001073 0.000065 0.000000 0.000686 0.000001 -0.009599 0.000879 -0.000002 0.000000 -0.000091 0.000001 -0.003151 -0.000000 -0.000001 -0.001402 -0.000000 0.000000 0.000000 0.000001 0.000000 0.000001 -0.002482 0.000000 0.000000 0.000000 
0.001139 0.000769 0.000740 -0.000052 0.000688 -0.000702 -0.000001 -0.000358 -0.000001 0.000000 0.001133 0.001073 0.000153 0.000000 0.001197 0.000001 -0.009599 0.000879 -0.000003 0.000000 -0.000920 0.000001 -0.005341 -0.000001 -0.000001 -0.004340 -0.000000 0.002676 0.000000 0.000001 0.000001 0.000001 -0.001478 0.000000 0.001163 0.000000 
0.001370 0.001033 0.000837 0.000116 0.000829 -0.001018 -0.000001 -0.000408 -0.000000 0.000001 0.001133 0.001073 0.000002 0.000001 0.001487 -0.000000 -0.009599 0.000879 -0.000002 -0.000000 -0.000411 0.000001 -0.001633 -0.000001 -0.000001 -0.002702 -0.000000 0.002909 0.000000 0.000001 0.000001 0.000270 -0.000467 0.000000 0.002646 0.000000 
0.001221 0.000894 0.001239 -0.000430 -0.001366 -0.000730 -0.000001 -0.000872 0.000001 0.000002 0.001133 0.001073 0.000567 0.000001 0.004888 -0.001557 -0.009599 0.000879 -0.000002 0.000000 -0.000670 0.000001 -0.002851 -0.000001 -0.000001 -0.001623 -0.000000 0.004459 0.000000 0.000400 0.000001 0.001823 -0.001487 0.000000 0.002128 0.000000 
0.001369 0.001124 0.000583 0.000537 -0.005126 -0.000763 -0.000001 -0.002309 -0.003097 0.000001 0.001133 0.001073 0.000000 0.001238 0.006193 0.001834 -0.009599 0.000879 -0.001545 -0.000002 -0.001310 0.000001 -0.000741 -0.000001 -0.004459 -0.005767 -0.000000 0.003427 0.000000 -0.000000 0.000000 0.000001 -0.001410 0.000000 0.002341 0.000000 
0.001339 0.001463 0.001268 -0.001244 -0.000148 -0.004982 -0.007187 0.000033 -0.000002 -0.000000 0.001133 0.001073 0.013691 -0.003468 0.003396 0.001778 -0.009599 0.000879 -0.000001 0.000001 -0.000001 0.000001 -0.000000 0.000000 -0.000001 -0.000001 -0.000000 0.000000 0.000000 0.001021 0.000001 0.000120 -0.000001 0.000000 0.000371 0.000000 
0.000701 0.002003 0.000969 -0.000747 0.000867 -0.003618 -0.000003 0.000001 -0.000001 0.000001 0.001133 0.001073 0.000557 -0.000000 0.000591 -0.000406 -0.009599 0.000879 -0.000002 0.000000 -0.000186 0.000001 -0.000001 -0.000000 -0.000001 -0.001156 -0.000000 0.000000 0.000000 0.000001 0.000001 0.000001 -0.000086 0.000000 0.000671 0.000000 
0.000675 0.001880 0.000824 -0.000542 0.000878 -0.003441 -0.000002 -0.000001 -0.000001 0.000001 0.001133 0.001073 0.000353 0.000001 0.000213 -0.000001 -0.009599 0.000879 -0.000002 0.000000 -0.000394 0.000001 -0.000001 -0.000000 -0.000001 -0.001023 -0.000000 0.000000 0.000000 0.000001 0.000001 0.000124 -0.000001 0.000000 0.000768 0.000000 
0.000648 0.001853 0.000796 -0.000682 0.000599 -0.003300 -0.000002 -0.000000 -0.000001 0.000001 0.001133 0.001073 0.000538 -0.000003 0.000473 -0.000002 -0.009599 0.000879 -0.000002 0.000000 -0.000590 0.000001 -0.000783 -0.000000 -0.000001 -0.000001 -0.000000 0.000000 0.000000 0.000001 0.000000 0.000001 -0.000170 0.000000 0.000000 0.000000 
0.000451 0.001562 0.000746 -0.000597 0.000514 -0.002759 -0.000003 0.000001 -0.000002 0.000000 0.001133 0.001073 0.000447 -0.000090 0.000610 -0.000570 -0.009599 0.000879 -0.000002 0.000001 -0.000431 0.000001 -0.003148 -0.000000 -0.000001 -0.002029 -0.000000 0.000000 0.000000 0.000001 0.000000 0.000001 -0.000867 0.000000 0.000512 0.000000 
0.000790 0.001290 0.001121 0.000050 -0.001357 -0.001648 -0.000002 -0.000214 -0.000002 0.000000 0.001133 0.001073 0.000002 0.000001 0.004428 -0.002196 -0.009599 0.000879 -0.000002 -0.000000 -0.000446 0.000001 -0.004367 -0.000000 -0.000001 -0.001761 -0.000000 0.000001 0.000000 0.000001 0.000001 0.001419 -0.001243 0.000000 0.002937 0.000000 
0.000434 0.001235 0.000593 -0.000412 0.000483 -0.002290 -0.000003 0.000000 -0.000001 0.000001 0.001133 0.001073 0.000294 -0.000002 0.000324 -0.000125 -0.009599 0.000879 -0.000002 0.000000 -0.000634 0.000001 -0.003144 -0.000000 -0.000001 -0.001880 -0.000000 0.000000 0.000000 0.000001 0.000000 0.000001 -0.000697 0.000000 0.000130 0.000000 
0.000928 0.001433 0.002025 0.000221 -0.003360 -0.000818 -0.000000 -0.001420 -0.000000 0.000001 0.001133 0.001073 0.000001 0.000003 0.009665 -0.006063 -0.009599 0.000879 -0.000002 -0.000000 -0.000340 0.000001 -0.001730 -0.000001 -0.001586 -0.003292 -0.000000 0.003347 0.000000 0.000001 0.000001 0.001937 -0.003093 0.000000 0.001935 0.000000 
0.000349 0.001135 0.001018 -0.000016 0.000652 -0.001476 -0.000000 -0.000568 -0.000001 0.000001 0.001133 0.001073 0.000001 0.000003 0.001855 -0.002477 -0.009599 0.000879 -0.000003 -0.000000 -0.000654 0.000001 -0.001070 -0.000001 -0.004853 -0.005897 -0.000000 0.003887 0.000000 0.000001 0.000001 0.000467 -0.000600 0.000000 0.003061 0.000000 
0.001279 0.000887 0.004408 0.000022 -0.001729 -0.000472 -0.000002 0.003568 -0.008596 0.000000 0.001133 0.001073 0.000003 0.000001 0.016271 -0.016005 -0.009599 0.000879 -0.000003 -0.000002 -0.000001 0.000001 -0.000929 -0.000001 -0.001104 -0.002032 -0.000000 0.000778 0.000000 0.000000 0.000000 0.000001 -0.002335 0.000000 0.000023 0.000000 
0.002299 0.001005 0.003722 0.000020 -0.006024 0.001233 -0.000002 0.002192 -0.031578 0.000000 0.001133 0.001073 0.000310 -0.000002 0.019999 -0.011803 -0.009599 0.000879 -0.002089 -0.000000 -0.001072 0.000001 -0.001842 -0.000001 -0.002463 -0.003311 -0.000000 0.001087 0.000000 0.000001 0.000001 0.000001 -0.000001 0.000000 0.000000 0.000000 
0.001554 0.000030 0.003261 0.000277 -0.003020 0.000432 0.000002 -0.000003 -0.000003 0.000001 0.001037 0.000985 -0.000001 0.001309 0.014693 -0.012166 -0.008798 0.000806 -0.015743 0.000000 -0.000174 0.000001 -0.002668 -0.000000 -0.000001 -0.003470 -0.000000 0.000000 0.000000 0.000334 0.000001 0.000001 -0.000001 0.000000 0.000243 0.000000 
