0.138168 0.364401 -0.326781 -0.983979 -0.315393 -1.271193 0.926135 0.477936 0.276153 0.897339 -0.913112 0.723859 0.937864 0.452980 -1.157617 3.000000 -1.605204 0.753026 -3.000000 -2.276541 -0.008466 -0.017124 0.280553 -0.977558 -0.348930 0.010269 -0.000983 0.086718 0.003967 -2.671271 0.781285 0.061416 -1.019757 0.004769 0.056129 0.002219 
0.079417 0.210312 -0.274893 -0.354073 -0.514167 -0.926464 0.328470 0.494735 0.374490 0.938199 -0.855577 0.653038 0.715162 0.266511 -0.609434 1.832615 -1.408720 0.694315 -2.391400 -0.000002 -0.000000 0.066041 -0.226488 -0.781588 -0.236410 -0.294344 -0.000000 0.000000 0.000000 -2.202493 0.924228 0.011914 -0.720410 0.000000 0.030359 0.029405 
0.133429 0.272846 -0.314800 -0.482373 -0.536403 -0.927524 0.461771 0.375719 0.547825 0.804320 -0.784331 0.598614 0.554327 0.340862 -0.537620 1.823896 -1.291444 0.636456 -2.275252 -0.000001 -0.000000 0.000001 0.425445 -1.060573 -0.376634 -0.043098 -0.000000 0.043966 0.000000 -1.863096 1.046371 0.069233 -0.515002 0.000000 0.098353 0.000001 
0.071986 0.311183 -0.254870 -0.662635 -0.268611 -0.930165 0.645562 0.231534 0.167114 0.608275 -0.718983 0.548724 0.570187 0.268244 -0.812605 1.947271 -1.184204 0.583382 -2.032423 -0.000000 -0.000000 0.000000 0.861486 -1.172197 -0.442140 0.051304 -0.000000 0.135930 0.027540 -1.799358 0.998478 0.102722 -0.555392 0.000000 0.137212 0.000001 
0.084245 0.326296 -0.235652 -0.779703 -0.178647 -0.999147 0.713529 0.219107 0.146092 0.324693 -0.659108 0.502940 0.598706 0.352011 -0.838424 1.846398 -1.085974 0.534638 -2.034007 -0.000004 -0.000000 0.000000 1.055350 -1.041693 -0.419062 0.293705 -0.000000 0.174694 0.061398 -1.706081 0.876146 0.092138 -0.606776 0.000000 0.107357 0.086057 
0.054398 0.334301 -0.203446 -0.875244 -0.078595 -1.011260 0.592428 0.064521 -0.000001 0.175927 -0.604390 0.461050 0.640764 0.335023 -0.856605 1.583943 -0.996014 0.489881 -1.840264 -0.010569 -0.000000 0.000001 0.965467 -0.854084 -0.351603 0.430937 -0.000000 0.154199 0.080017 -1.779370 0.740839 0.069602 -0.657510 0.000000 0.099811 0.000001 
0.056002 0.324544 -0.202249 -0.799210 -0.082640 -1.041712 0.337785 0.060652 -0.066607 0.418983 -0.554398 0.422144 0.432965 0.499919 -0.839749 1.509967 -0.913528 0.448813 -1.810076 0.000003 -0.000001 0.000001 0.805289 -0.656769 -0.316955 0.283483 -0.000000 0.132399 0.000000 -1.895177 0.608288 0.043505 -0.704206 0.000000 0.053694 0.047372 
0.037983 0.319659 -0.172856 -0.886800 -0.157439 -1.041471 0.314808 -0.000003 0.011234 0.123225 -0.508757 0.385871 0.560504 0.363230 -0.689990 1.301615 -0.837964 0.411139 -1.433338 0.018711 -0.000001 0.023207 0.487032 -0.484277 -0.208362 0.198657 -0.000000 0.107473 0.000000 -1.936758 0.435690 0.035750 -0.825675 0.000000 0.047660 0.000000 
0.034550 0.305980 -0.168375 -0.814424 -0.232983 -1.036232 0.267790 0.054775 0.011249 0.278728 -0.466794 0.352442 0.546214 0.307999 -0.600404 1.213196 -0.768676 0.376614 -1.308066 -0.038022 -0.000001 0.000001 0.185003 -0.318693 -0.171329 0.000001 -0.000000 0.063488 0.026185 -1.825954 0.247598 0.004883 -0.822463 0.000000 0.012539 0.000000 
0.021759 0.295087 -0.140362 -0.885172 -0.355758 -1.025932 0.340576 -0.000002 -0.000002 0.248220 -0.428448 0.321670 0.425556 0.416243 -0.355023 1.083394 -0.704886 0.344572 -0.901230 -0.092136 -0.000001 0.000001 -0.020039 -0.271957 -0.124947 -0.006785 -0.000000 0.040218 0.000000 -1.590463 0.072417 0.000001 -0.797062 0.000000 0.000000 -0.000000 
0.008602 0.284067 -0.141883 -0.634618 -0.343307 -0.977800 0.177261 0.000000 0.000001 0.220917 -0.393702 0.293569 0.335328 0.330150 -0.370393 0.963415 -0.645985 0.315108 -0.968605 -0.220821 -0.000001 0.000001 -0.092311 -0.267745 -0.123481 -0.184011 -0.000000 0.030354 0.000000 -1.248999 -0.000000 0.000000 -0.615423 0.000000 0.000000 -0.000000 
-0.002280 0.297716 -0.123832 -0.505194 -0.409793 -0.891822 0.214783 0.014778 0.000819 0.242126 -0.361833 0.265940 0.283832 0.243911 -0.256395 0.852652 -0.592229 0.288849 -0.793602 -0.196623 -0.000001 0.000001 -0.180691 -0.353867 -0.133862 -0.251763 -0.000000 0.036233 -0.000000 -0.966285 -0.033700 -0.000000 -0.462186 0.000000 -0.000000 -0.079576 
-0.012976 0.317877 -0.119618 -0.289509 -0.442050 -0.821392 0.231508 0.048385 0.076749 0.232740 -0.332542 0.240100 0.253715 0.107699 -0.223549 0.774890 -0.542720 0.262024 -0.786745 -0.000002 -0.000001 0.000000 -0.246025 -0.448825 -0.165931 -0.350627 -0.000000 0.070548 -0.000000 -0.769307 0.000234 -0.000000 -0.354941 0.000000 -0.000000 -0.000000 
-0.043733 0.344240 -0.100586 -0.205856 -0.511903 -0.798336 0.178530 0.029891 0.032386 0.265193 -0.305374 0.218892 0.171985 0.071221 -0.113646 0.649906 -0.497215 0.239328 -0.605439 0.477337 -0.000001 0.000000 -0.310374 -0.513227 -0.169444 -0.366384 -0.000000 0.076499 0.000000 -0.695388 0.001823 -0.000000 -0.343063 0.000000 -0.000000 -0.062233 
-0.085055 0.372088 -0.097306 -0.225344 -0.452722 -0.771732 0.312660 -0.000001 0.012446 0.176923 -0.280194 0.199047 0.075179 -0.028042 -0.201437 0.575854 -0.455876 0.218531 -0.520996 0.633270 -0.007849 0.000001 -0.069202 -0.451840 -0.170669 -0.248223 -0.000000 0.090709 0.000000 -0.413241 0.102283 -0.000000 -0.239346 0.000000 -0.000000 -0.000000 
-0.109072 0.375420 -0.080336 -0.209491 -0.459971 -0.820517 0.137198 -0.036495 -0.003455 0.107044 -0.257960 0.181083 0.060208 0.064812 -0.157526 0.439058 -0.418045 0.198700 -0.472402 0.803768 -0.009465 0.000000 0.115454 -0.278879 -0.111026 -0.000000 -0.000000 0.048644 0.000000 -0.225689 0.227201 -0.000000 -0.049411 0.000000 -0.000000 -0.036590 
-0.131064 0.391140 -0.075456 -0.154574 -0.404783 -0.832641 0.143945 -0.017264 -0.052002 0.052427 -0.236597 0.164243 0.090452 -0.058826 -0.213855 0.426328 -0.383634 0.180277 -0.513305 0.788703 -0.014913 0.000001 0.434432 -0.153030 -0.089017 0.000001 -0.000000 0.032863 -0.000000 -0.062191 0.313800 0.000000 -0.000000 0.000000 -0.000000 -0.000000 
-0.140320 0.404666 -0.068810 -0.132818 -0.417412 -0.847232 0.152898 -0.018711 -0.081114 0.037114 -0.216534 0.148321 0.081714 0.010359 -0.219186 0.332345 -0.352557 0.163175 -0.455856 0.684998 -0.010927 0.000001 0.527172 -0.061849 -0.048521 0.170080 -0.000000 0.000000 -0.000000 -0.049349 0.331535 0.000001 0.000001 0.000000 0.000000 -0.002118 
-0.135349 0.423741 -0.070238 -0.063611 -0.455531 -0.857367 0.150739 -0.000002 -0.052670 0.000004 -0.198211 0.133574 0.097215 -0.061643 -0.157015 0.382045 -0.322917 0.147023 -0.447441 0.563444 -0.010916 0.000001 0.522354 -0.050889 -0.052813 0.249451 -0.000000 0.000000 -0.012387 -0.192110 0.301004 0.000001 0.000001 0.000000 0.000000 -0.000000 
-0.132632 0.437403 -0.071214 -0.015145 -0.502185 -0.878751 0.127189 -0.000002 -0.063393 0.035433 -0.181134 0.119494 0.101184 -0.026544 -0.084838 0.278718 -0.297156 0.131844 -0.412512 0.368155 -0.009615 0.000001 0.395203 -0.060728 -0.046737 0.266309 -0.000000 0.000000 -0.000000 -0.364842 0.246038 0.013152 -0.000000 0.000000 0.000000 -0.000000 
-0.132710 0.460432 -0.081211 0.056901 -0.531516 -0.889544 0.148169 0.000003 -0.047592 0.059367 -0.165661 0.106282 0.181614 -0.176527 -0.078948 0.307584 -0.272971 0.117487 -0.455792 0.209224 -0.009047 0.000001 0.194807 -0.119217 -0.063008 0.127236 -0.000000 0.000000 -0.023862 -0.537955 0.191136 0.014609 -0.062747 0.000000 0.000000 -0.000000 
-0.142720 0.469778 -0.085024 0.074679 -0.585431 -0.957867 0.068921 0.000001 -0.068574 0.047986 -0.151337 0.093356 0.113212 -0.018124 -0.002577 0.249448 -0.251223 0.104376 -0.401466 0.099345 -0.008434 0.000000 0.000001 -0.202419 -0.073205 0.001923 -0.000000 0.000000 -0.000000 -0.635213 0.171245 0.023324 -0.228582 0.000000 0.000000 -0.000000 
-0.161430 0.492624 -0.097080 0.081064 -0.612457 -1.007080 0.106962 0.000003 -0.056354 0.025810 -0.138188 0.081374 0.112467 -0.019699 -0.010214 0.255273 -0.231879 0.091352 -0.370895 0.000000 -0.005185 0.000000 -0.118220 -0.299667 -0.094034 -0.000001 -0.000000 0.032085 -0.000000 -0.698813 0.151574 0.020107 -0.330435 0.000000 0.000000 -0.000000 
-0.190496 0.516907 -0.110344 0.076379 -0.649572 -1.074799 0.091117 -0.000064 -0.092374 0.000003 -0.125555 0.069670 0.097521 -0.000001 -0.010251 0.211186 -0.214675 0.079241 -0.347470 0.004534 -0.005558 0.000000 -0.213532 -0.314698 -0.097652 -0.079987 -0.000000 0.044640 -0.000000 -0.683558 0.139114 0.020665 -0.369542 0.000000 0.000000 -0.000000 
-0.221637 0.553228 -0.132499 0.075285 -0.689787 -1.123727 0.095860 -0.048508 -0.103610 0.000002 -0.113806 0.058414 0.094182 -0.033514 -0.021151 0.192321 -0.198992 0.067849 -0.359639 0.048772 -0.006425 -0.000000 -0.244772 -0.298390 -0.093346 -0.189089 -0.000000 0.056017 -0.000000 -0.602514 0.126819 0.014065 -0.344285 0.000000 0.000000 -0.000000 
-0.259012 0.590294 -0.157053 0.041617 -0.751561 -1.179746 0.093882 -0.116157 -0.146866 0.000000 -0.102830 0.047573 0.070867 -0.043132 -0.005061 0.127443 -0.184131 0.057144 -0.301568 0.080256 -0.005924 -0.000000 -0.196948 -0.262222 -0.081082 -0.183505 -0.000000 0.049736 0.000000 -0.450609 0.116951 0.014504 -0.277764 0.000000 0.001593 -0.000000 
-0.294576 0.631537 -0.188784 0.054191 -0.822766 -1.252239 0.092456 -0.128138 -0.149643 -0.000001 -0.093384 0.038228 0.065066 -0.059757 -0.002181 0.116876 -0.168183 0.046991 -0.280902 0.187342 -0.006399 -0.000000 -0.126726 -0.220593 -0.072126 -0.159602 -0.000000 0.047411 0.000000 -0.322638 0.107613 0.010823 -0.188971 0.000000 0.009270 -0.000000 
-0.334065 0.673333 -0.228083 0.066623 -0.880058 -1.322689 0.072797 -0.140509 -0.157402 -0.000874 -0.084596 0.029212 0.030841 -0.083152 -0.005709 0.080826 -0.153091 0.037333 -0.230668 0.191176 -0.003925 -0.000000 -0.000001 -0.175689 -0.060643 -0.052874 -0.000000 0.035019 0.000000 -0.161825 0.089660 0.011225 -0.087933 0.000000 0.010504 -0.000000 
-0.372906 0.719670 -0.278666 0.111959 -0.954877 -1.403010 0.092590 -0.117266 -0.083760 -0.000003 -0.077099 0.020783 0.028544 -0.124203 -0.002778 0.037161 -0.138874 0.027893 -0.218938 0.268935 -0.004240 -0.000000 0.007720 -0.107343 -0.048662 -0.000000 -0.000000 0.027361 0.000000 -0.074572 0.078688 0.008321 -0.029255 0.000000 0.011523 -0.000000 
-0.426825 0.767987 -0.341710 0.103234 -1.000241 -1.458150 0.117056 -0.184488 -0.062590 -0.007253 -0.070348 0.012651 0.000003 -0.195514 -0.063742 -0.000000 -0.125599 0.019001 -0.153897 0.189049 -0.004238 -0.000001 0.052993 -0.060148 -0.026645 -0.000000 -0.000000 0.012078 0.000000 -0.010926 0.075336 0.010754 -0.000001 0.000000 0.013218 -0.000000 
-0.476513 0.802197 -0.399584 0.158030 -1.076501 -1.603336 0.122520 -0.176370 -0.010472 -0.000003 -0.068873 0.005037 -0.000002 -0.146587 -0.083692 -0.080823 -0.112803 0.010332 -0.140652 0.217409 -0.005163 -0.000000 0.041549 -0.006998 -0.008892 0.000000 -0.000000 0.001548 0.000000 -0.028450 0.103508 0.016250 -0.000001 0.000000 0.017889 -0.000000 
-0.537859 0.848173 -0.479124 0.145601 -1.122522 -1.683109 0.172637 -0.299763 -0.081452 -0.009184 -0.067151 -0.002797 -0.094425 -0.128994 -0.152669 -0.195552 -0.101388 0.002762 -0.097547 0.054140 -0.003907 -0.000001 0.072912 -0.000001 -0.000110 0.000000 -0.000000 0.000000 0.000000 -0.005633 0.105918 0.019651 -0.000001 0.000000 0.020333 -0.000000 
-0.578819 0.883446 -0.553012 0.262081 -1.215549 -1.874308 0.188858 -0.288490 -0.040056 -0.037973 -0.066042 -0.010797 -0.053856 -0.098612 -0.124291 -0.189861 -0.090694 -0.003716 -0.136589 0.091801 -0.002262 -0.000001 0.001807 -0.013288 -0.000581 0.000000 -0.000000 0.000000 -0.000000 -0.066525 0.106935 0.016332 -0.000000 0.000000 0.019762 0.000000 
-0.623137 0.930902 -0.663112 0.340561 -1.273884 -1.992776 0.206911 -0.405514 -0.108564 -0.032468 -0.061267 -0.019401 -0.121315 -0.069385 -0.133547 -0.395093 -0.083035 -0.008323 -0.141440 -0.000001 -0.005281 -0.000001 -0.041762 -0.108521 -0.022443 -0.000001 -0.000000 0.000000 -0.000000 -0.132936 0.069219 0.007043 -0.000001 0.000000 0.011167 0.000000 
-0.647948 0.962969 -0.773105 0.512791 -1.365884 -2.204250 0.223891 -0.390688 -0.099467 -0.069021 -0.062511 -0.026701 -0.045290 -0.103771 -0.082360 -0.365422 -0.067360 -0.013666 -0.194547 0.012326 -0.003530 -0.000001 -0.091472 -0.180090 -0.041578 -0.022063 -0.000000 0.000323 0.000000 -0.191091 0.053383 0.000001 -0.012883 0.000001 0.007315 -0.000000 
-0.667366 0.991496 -0.924919 0.654262 -1.449441 -2.361522 0.268029 -0.469243 -0.138585 -0.106481 -0.064624 -0.013345 -0.026334 -0.168708 -0.023116 -0.422572 -0.047719 -0.016756 -0.206919 -0.054872 -0.002180 -0.024965 -0.183227 -0.255483 -0.065225 -0.073971 -0.000000 0.027437 0.000000 -0.213201 0.024924 0.000001 -0.062008 0.000001 0.001434 -0.000000 
-0.678515 0.994505 -1.078295 0.878659 -1.546220 -2.635173 0.235187 -0.454688 -0.186658 -0.110700 -0.051353 0.041888 -0.004986 -0.122639 -0.009878 -0.492674 0.004391 -0.003295 -0.239244 0.011558 -0.004718 -0.000000 -0.266894 -0.290339 -0.069571 -0.152292 -0.000000 0.043410 0.000000 -0.263393 0.047793 0.000001 -0.125262 0.000001 0.002724 -0.000000 
-0.683159 0.993875 -1.266326 1.041422 -1.622782 -2.813921 0.297024 -0.547882 -0.268353 -0.165369 0.090857 0.147302 -0.160053 -0.025152 -0.046142 -0.569813 0.140530 0.050111 -0.213123 -0.183957 -0.002706 -0.026605 -0.278024 -0.303777 -0.081567 -0.139166 -0.000000 0.045251 0.018565 -0.209621 0.044783 0.000001 -0.117909 0.000001 0.003954 -0.000000 
-0.675743 0.980899 -1.417156 1.399241 -1.777039 -3.219891 0.238368 -0.481993 -0.300218 -0.223106 0.332545 0.309820 -0.031765 0.065494 -0.002849 -0.489011 0.410486 0.130249 -0.213162 -0.079873 -0.000117 -0.000001 -0.376585 -0.241557 -0.040945 -0.213809 -0.000000 0.028880 0.000000 -0.238281 0.074174 0.005298 -0.114578 0.000001 0.009841 -0.000000 
-0.696381 0.990463 -1.604150 1.585542 -1.785923 -3.406751 0.345464 -0.556814 -0.484963 -0.415140 0.697252 0.439107 -0.040382 0.003428 0.116394 -0.944852 0.744909 0.257640 -0.247907 -0.552145 -0.000001 -0.042412 -0.250896 -0.189798 -0.023095 -0.124499 -0.000000 0.008146 0.000000 -0.062583 0.090143 0.010264 -0.032889 0.000001 0.012064 0.000000 
-0.420824 0.713429 0.926083 2.645642 0.153904 -5.085388 -2.666785 5.191851 1.171031 -0.404497 0.729512 0.491308 5.019329 2.490790 1.088859 0.113745 0.880011 0.313216 -2.570056 -10.152117 -0.000001 3.999336 10.727165 0.323007 -0.119073 -0.626374 -0.000001 0.000010 1.703082 11.239635 1.221874 0.512129 -0.003587 0.000000 -0.000001 -0.117952 
-0.566529 0.896898 -0.175575 -0.503078 0.036043 0.386336 0.957277 -2.612624 -1.993307 -0.552823 0.729512 0.491308 -3.676609 -1.848687 -0.629407 -1.322982 0.880011 0.313216 -1.544657 0.000009 -0.080989 1.152906 -3.205460 -2.572037 -0.798152 0.086303 -0.000000 0.390215 0.000000 0.000002 0.317712 0.000000 2.065915 0.000000 0.000000 0.000000 
-0.405574 0.704366 0.058800 -0.175630 -1.839317 -0.004276 0.595560 -4.034841 -1.707100 -1.159228 0.729512 0.491308 -1.151770 -0.683653 -0.339399 -1.177915 0.880011 0.313216 0.665601 0.085518 -0.000001 1.266887 -3.018427 -1.717299 -0.549323 -0.028825 0.000000 0.353546 0.530931 -0.902574 -0.029197 0.000000 0.311986 0.000000 0.000000 0.000000 
-0.353008 0.627148 0.253501 1.052075 -1.228180 -1.423889 0.817263 -2.088330 -0.615622 -0.734959 0.729512 0.491308 0.000001 0.062994 0.210955 -1.109301 0.880011 0.313216 -0.272027 0.643759 -0.005220 0.424571 -1.748769 0.033039 0.000000 -0.615143 0.000000 0.000001 0.000000 -1.790312 -0.182901 -0.000000 -0.363039 0.000000 0.000000 0.000000 
-0.430238 0.541927 0.288510 0.684556 -0.546652 -1.036924 0.619517 -1.198439 -0.731922 -0.743514 1.479512 0.633412 0.115298 -0.178503 -0.305093 -1.211259 1.465753 0.282991 -1.093388 -0.103898 -0.000000 -1.552298 0.357426 0.436393 0.326855 -1.839133 0.000000 -0.086004 -0.033665 -1.007730 0.110778 0.000000 -1.751762 0.000000 -0.000001 -0.000001 
-0.572842 0.495678 0.253193 0.487531 -0.462645 -1.083205 0.388168 0.013709 -0.953039 -1.253270 1.792826 0.648175 0.365611 0.635016 -0.363623 -1.245999 1.538052 0.350157 -1.194588 -0.000003 -0.000001 0.000001 0.235191 0.534874 0.259093 0.008702 0.000000 -0.152404 -0.000000 -1.481430 0.491768 0.031786 -0.985945 0.000000 0.019958 0.000000 
-0.606146 0.465860 0.048877 0.091268 -0.552928 -0.548905 0.292268 -0.004336 -1.148523 -1.622004 1.922763 0.634919 0.329257 0.583292 -0.403708 -1.146414 1.549803 0.389629 -1.253531 -0.220017 -0.000001 -0.000000 -0.000000 0.174785 0.203742 0.040628 0.000000 -0.167054 -0.342316 -1.004702 0.684062 0.167905 -0.841050 0.000000 0.084510 0.027965 
-0.567215 0.402215 -0.060856 -0.214498 -0.870661 -0.065485 0.381738 0.058772 -0.919003 -1.685049 2.108188 0.659280 0.477153 0.782002 -0.185859 -1.082354 1.544662 0.434652 -1.022787 0.003219 -0.013874 -0.000001 -0.488097 -0.609294 -0.000000 -0.021452 0.000000 -0.041519 -0.000000 -0.453842 0.796065 0.171855 -0.557693 0.000000 0.103431 0.000000 
-0.557058 0.332012 -0.211356 -0.853030 -0.652469 0.736141 0.290983 -0.033394 -0.810176 -2.183824 2.305558 0.667214 0.331301 0.658619 -0.483138 -1.130009 1.530368 0.453938 -1.201588 0.000045 -0.000001 -0.000001 -0.872623 -1.481560 -0.330266 -0.207610 0.000000 -0.000000 -0.000000 0.021240 0.861469 0.242699 -0.041019 0.000000 0.099016 0.098177 
-0.423603 0.228483 -0.136693 -0.813628 -1.216846 0.847324 0.083600 0.159134 -0.668064 -1.671133 2.558345 0.695928 0.776709 1.055310 -0.207318 -0.842150 1.503081 0.470971 -0.388880 -0.115011 -0.000001 -0.000000 -0.954461 -2.277983 -0.566308 -0.414660 0.000000 0.122998 0.000000 0.674640 0.628764 0.102935 0.063316 0.000001 0.040513 0.000000 
-0.323831 0.118916 -0.122213 -0.714167 -1.463782 0.781568 0.217014 0.218048 -0.096809 -2.725798 2.786748 0.644101 0.593334 0.920124 -0.370607 -0.887320 1.453960 0.482836 -0.300414 -0.000004 -0.000001 -0.016788 -1.654317 -1.964204 -0.545219 -0.773050 0.000000 0.170327 0.217680 0.871945 0.606955 0.159387 0.375572 0.000000 0.022224 0.000000 
-0.330575 -0.015586 -0.125431 -0.829672 -1.444642 0.798652 -0.283905 0.328150 -1.123463 -0.915079 2.711987 0.791578 0.420211 0.791239 -0.679033 -0.815258 1.383925 0.000000 0.003665 -0.000028 -0.000001 -0.149089 -1.543489 -1.926061 -0.505283 -1.000769 -0.000000 0.281966 0.000001 0.450618 0.783971 0.161513 0.223420 0.000001 0.000000 -0.000000 
-0.318429 -0.121055 -0.126992 -0.781215 -1.457577 0.793656 0.702956 0.218726 -0.000006 -2.935569 2.705035 0.699608 0.366858 0.688130 -0.599210 -0.787349 1.305327 0.000000 0.268163 0.000036 -0.000001 -0.048687 -1.963956 -1.631867 -0.340432 -1.226649 0.000000 0.154788 0.121473 -0.029366 0.993712 0.314468 0.074071 0.000000 0.075135 -0.000000 
-0.326258 -0.134052 -0.158648 -0.970360 -1.555849 1.038070 -0.384689 0.143360 -1.222500 -0.319679 2.658624 0.678174 0.418089 0.724405 -0.454572 -0.514451 1.244575 0.000000 0.464074 -0.000023 -0.000001 -0.148207 -1.713317 -1.170120 -0.235473 -1.308447 0.000000 0.107492 0.000000 -0.278684 1.204548 0.328849 -0.126745 0.000001 0.108233 0.000000 
-0.315483 -0.130988 -0.169885 -1.113975 -1.557777 1.214115 0.476160 0.111157 0.029116 -2.058271 2.529641 0.589363 0.555735 0.766653 -0.379387 -0.520990 1.149149 0.000000 0.411208 0.000019 -0.000001 -0.027703 -1.614840 -0.814737 -0.024690 -1.162779 0.000000 0.000000 -0.000000 -0.465625 1.318602 0.389439 -0.196904 0.000001 0.217444 0.000000 
-0.293608 -0.131014 -0.185723 -1.345568 -1.460591 1.449361 -0.331391 0.172448 -0.732139 -0.000054 2.390043 0.531526 0.487118 0.749040 -0.447731 -0.393608 1.051402 -0.000728 0.218400 -0.000009 -0.000001 -0.112944 -1.066481 -0.696381 -0.064319 -0.879226 0.000000 0.000000 -0.025674 -0.512384 1.321399 0.357185 -0.471221 0.000001 0.181767 0.106061 
-0.267446 -0.143099 -0.215971 -1.789749 -1.329680 1.912888 0.263526 -0.012204 0.000005 -1.300888 2.195658 0.472116 0.397477 0.661701 -0.552096 -0.545214 0.964003 0.000000 -0.042297 0.000010 -0.000001 -0.029678 -0.927879 -0.780551 -0.093897 -0.662139 0.000000 0.000000 -0.000000 -0.666000 1.270414 0.332032 -0.404595 0.000001 0.228909 0.000000 
-0.259103 -0.146313 -0.237349 -2.206148 -1.280229 2.337637 -0.181556 0.104008 -0.608504 -0.000037 2.172186 0.523063 0.382727 0.661453 -0.488778 -0.479688 1.030269 -0.126240 -0.159308 -0.000003 -0.000001 -0.084250 -0.822192 -0.926485 -0.187494 -0.476307 0.000000 0.000000 -0.079677 -0.635375 1.117062 0.289322 -0.559948 0.000001 0.148463 0.127964 
-0.238019 -0.150350 -0.259524 -2.679231 -1.225735 2.881316 0.212309 0.085814 0.000003 -0.992194 1.999237 0.468914 0.478789 0.644815 -0.336082 -0.566736 0.966668 -0.107042 -0.331772 0.000004 -0.000001 -0.054643 -1.226513 -1.121995 -0.201014 -0.642436 0.000000 0.000000 -0.000000 -0.598338 0.959913 0.270286 -0.470518 0.000001 0.167370 0.000000 
-0.207187 -0.149402 -0.270648 -3.097633 -1.159559 3.397745 -0.152136 0.163390 -0.404657 0.499747 1.782071 0.419603 0.450840 0.592294 -0.151541 -0.423668 0.904805 -0.101496 -0.472243 -0.000002 -0.000001 -0.077585 -1.305643 -1.359310 -0.334780 -0.787434 0.000000 0.059943 -0.089315 -0.481378 0.748489 0.178998 -0.485643 0.000001 0.074119 0.071141 
-0.196701 -0.158794 -0.251670 -3.820434 -0.753956 4.249490 -0.000002 0.088899 0.244275 -0.339220 1.627709 0.473577 0.351088 0.654706 -0.137608 -0.531029 1.101207 -0.174976 -0.416364 0.000013 -0.000001 -0.304729 -1.120172 -2.810165 -0.770781 -1.054807 0.000000 0.198725 0.014792 -0.703361 0.676822 0.063396 -0.846670 0.000001 0.000000 -0.000000 
-0.209624 -0.187670 -0.324959 -4.570906 -0.427592 5.031493 0.117440 0.189058 0.002891 0.365603 1.603996 0.362003 0.566340 0.777632 -0.171769 -0.394386 1.090574 -0.136534 -0.616443 0.000009 -0.000001 -0.109619 -2.054712 -2.365827 -0.819956 -1.022065 0.000000 0.359704 0.000001 -0.547174 1.074344 0.268535 -0.723082 0.000001 0.027808 -0.000000 
-0.175944 -0.204574 -0.420155 -5.316876 -0.065770 5.899206 0.000000 0.036893 0.150080 0.350093 1.603008 0.217887 0.659231 0.646330 0.043176 -0.477341 1.076818 -0.105941 -0.714805 -0.000009 -0.000001 -0.099907 -2.102567 -2.377597 -0.818333 -1.598125 0.000000 0.318872 0.267683 -0.499635 1.491991 0.421399 -0.617665 0.000001 0.132519 0.000000 
-0.162045 -0.194672 -0.416046 -7.582543 -0.266365 7.973074 0.189200 -1.340009 -1.037324 -0.785780 1.575407 0.091032 1.267781 0.676021 0.488061 -0.159325 1.092252 -0.041832 0.102501 0.080153 -0.000001 -0.000001 -1.621512 -2.095369 -0.730244 -1.399222 0.000000 0.381130 0.000002 -0.591270 1.459844 0.355009 -0.337606 0.000001 0.182545 0.000000 
-0.239558 -0.177485 -0.179360 -2.452215 0.118439 2.270651 0.000002 -0.007687 -0.872834 0.000002 1.492975 0.069777 0.507495 0.280345 0.577616 -0.249739 1.053269 -0.018119 -0.240104 0.450962 -0.000001 -0.072503 -0.700485 0.890396 0.172361 -1.376324 0.000004 1.535067 -2.105186 -1.469710 0.487384 0.050686 -1.041291 0.000001 0.014166 -0.038445 
-0.133004 -0.166946 -0.051669 -1.290347 -0.029331 1.227492 0.000001 0.049450 -0.602807 0.487981 1.415135 0.044371 0.362577 0.123845 0.652695 -0.151345 1.024163 0.019243 0.448790 0.138259 -0.000000 -0.070159 -0.722787 -0.453287 0.137030 -1.177656 0.396195 0.078213 -0.000001 -0.707157 0.125668 0.000000 -1.337881 0.000001 0.000000 -0.139974 
-0.049681 -0.167150 -0.017253 0.432153 0.097333 -0.398686 -0.002489 -0.055633 -0.360611 0.547040 1.349806 0.034347 0.247894 0.269228 0.263465 -0.456577 0.996138 0.036174 0.492805 0.001303 -0.000000 -0.100157 -0.395704 -1.240697 0.094559 -0.850347 0.000000 -0.058342 -0.592789 0.015013 0.700068 0.120764 -0.666758 0.000001 0.000000 -0.000000 
0.075226 -0.144010 0.030753 1.852806 0.094262 -1.650714 -0.141892 -0.204131 -0.069545 0.753060 1.284293 0.025201 0.243881 0.323926 0.140280 -0.402378 0.954399 0.047459 0.496331 0.086438 -0.000000 -0.121460 -0.275364 -1.721967 0.017013 -0.704489 -0.000001 -0.298803 -0.426606 0.371569 0.987753 0.397377 -0.016186 0.000001 0.021222 -0.000000 
0.203045 -0.121821 0.108444 3.990887 0.111601 -3.580207 -0.000004 -0.477807 0.871655 0.000000 1.254322 -0.004246 0.236512 0.228545 0.272584 -0.478971 0.887393 0.047681 0.264953 0.304510 -0.000000 -0.070413 -0.409435 -2.087893 0.017848 -1.131149 -0.000000 -0.376528 -0.000000 0.599856 1.178688 0.521914 0.103955 0.000378 0.152314 0.036632 
0.308134 -0.061592 0.187553 4.151468 0.114248 -3.456262 -0.211622 -0.550443 1.073361 0.606298 1.243308 -0.049072 0.495019 0.257485 0.558512 -0.250647 0.818319 0.046336 0.621159 -0.495775 -0.000000 -0.000001 -0.141726 -2.302872 0.188448 -1.240280 -0.000001 -0.851233 -0.247678 0.338939 0.881211 0.228210 0.467949 0.000001 0.037322 -0.000000 
0.375211 0.012762 0.231546 4.954673 0.160286 -4.073705 0.012827 -0.525196 1.666813 0.000013 1.308075 -0.091613 0.569199 0.279900 0.614902 -0.261622 0.771445 0.039865 0.694726 -0.878809 -0.000000 -0.103999 -0.194016 -1.375027 0.102038 -1.160693 -0.320971 -0.765967 -0.155922 0.207509 0.767156 0.338267 0.046984 0.017657 0.131924 0.047438 
0.374385 0.084942 0.252736 5.223688 0.377967 -4.467383 -0.233308 -0.172559 0.870856 1.543440 1.667970 0.157486 0.548264 0.425014 0.227832 -0.169671 0.762371 0.045711 0.544658 -0.013868 0.000000 -0.000001 -0.534233 -0.968940 -0.448101 -0.826417 -0.000000 0.020219 -0.162221 -0.146193 1.238938 0.421985 -0.318407 0.000001 0.211868 0.237484 
0.397764 0.079732 0.213202 4.661981 0.797666 -3.961700 -0.066005 -0.152756 0.892634 1.121754 1.667970 0.157486 0.424498 0.000001 -0.022130 -0.471210 0.762371 0.045711 0.283353 -0.000008 -0.000000 -0.057752 -0.203692 -0.760132 -1.006103 -0.528556 -0.000001 0.304978 -0.000000 -0.383237 1.551716 0.489798 -0.350250 0.047210 0.361347 0.000000 
0.381325 0.052148 0.132683 3.259205 1.111065 -2.676608 -0.273519 -0.051012 0.175062 1.095062 1.667970 0.157486 0.007260 0.000001 0.019257 -0.279640 0.762371 0.045711 0.183422 -0.000009 0.000000 -0.070646 -0.698906 -0.872585 -0.705811 0.000000 -0.000001 0.488549 -0.079500 -0.564618 1.588493 0.557285 -0.486905 0.000001 0.264380 0.334296 
0.360686 0.024873 0.062129 2.115417 1.221280 -1.583725 -0.000003 -0.209353 -0.000002 0.416625 1.667970 0.157486 0.079612 0.000004 0.248020 -0.320582 0.762371 0.045711 0.175342 0.000002 0.000000 -0.025553 -0.000008 -0.810750 -1.648605 0.132837 -0.000001 0.555411 -0.117249 -0.571481 1.288967 0.415082 -0.437290 0.016430 0.393427 0.000000 
0.374826 0.014333 0.044038 1.711500 1.265847 -1.128162 -0.000001 -0.344699 -0.032092 0.338366 1.757392 0.154899 1.082432 -3.182276 -0.534916 -2.290348 0.694619 0.042234 0.075312 0.006306 0.000000 -0.000001 -1.660135 -0.753705 -0.000001 0.072749 -0.000001 0.816029 -0.000000 -0.296645 0.596492 0.309955 -0.327376 0.000001 0.082450 0.303556 
0.257407 0.008738 0.023027 0.662696 0.424457 -0.441755 0.116033 -0.118127 -0.103628 0.000005 1.632417 0.121426 -0.344147 -0.190268 0.077156 -0.333573 0.653793 0.051103 0.827491 0.267377 0.000000 -0.000001 -0.132074 -0.582416 -1.387812 -0.036644 -0.000001 0.665080 -0.000000 -0.094720 0.256069 0.014028 -0.154102 0.000001 0.087364 0.000000 
0.195503 -0.001245 -0.002110 0.029401 -0.128619 0.082531 0.078547 -0.391983 -0.069222 0.323096 1.538066 0.091111 0.142504 -0.133290 0.069302 -0.018990 0.597052 0.041332 1.234760 0.002893 0.000000 -0.017855 -0.711340 -0.716986 -0.000000 -0.040152 -0.028522 0.323354 -0.000000 0.155981 -0.137790 -0.000001 -0.000000 0.000001 0.000000 -0.031940 
0.094780 -0.015501 -0.026481 -0.442170 -0.335599 0.443347 -0.000002 -0.710459 0.037644 0.292756 1.445340 0.057780 0.233893 0.196177 0.272226 -0.320455 0.544993 0.033210 1.341697 -0.104105 0.000000 -0.038493 -0.180452 -0.782177 -0.278784 -0.152854 -0.134696 0.000000 -0.000000 0.167742 -0.021268 -0.001242 -0.000001 0.000001 -0.000000 -0.000000 
-0.036143 -0.020405 -0.035937 -0.608781 -0.234809 0.505099 -0.000003 -0.781564 0.000001 0.415713 1.396837 -0.008852 0.237881 0.149872 0.053167 -0.180158 0.497378 0.022312 1.165662 -0.160528 0.000000 -0.073118 -0.440948 -0.667300 -0.000001 -0.325624 -0.000001 0.084126 -0.000000 0.000000 0.093530 0.000000 -0.114691 0.004086 -0.000000 -0.037869 
-0.110546 -0.033844 -0.061422 -0.990500 -0.280585 0.822780 0.000001 -0.928633 -0.000001 0.230096 1.358602 -0.074553 0.322837 0.214768 0.064996 -0.352512 0.453941 0.012944 1.162928 0.021017 0.000001 -0.000001 -0.741529 -0.615467 0.000000 -0.376135 -0.000001 0.000000 0.000000 -0.039242 0.368333 0.016435 -0.270016 0.000001 -0.000000 -0.000000 
-0.124914 -0.049538 -0.084606 -1.345579 -0.308372 1.177045 -0.000002 -0.933242 -0.107200 0.236966 1.335321 -0.140123 0.225882 0.328724 0.086630 -0.210269 0.414083 0.005490 1.111014 0.006275 0.000000 -0.013305 -0.135615 -0.390362 -0.649361 -0.184536 -0.000001 0.030704 0.008092 -0.179701 0.405592 0.063374 -0.252479 0.000001 0.000000 -0.001979 
-0.126711 -0.066781 -0.119296 -1.735172 -0.256179 1.583752 -0.003492 -0.947061 -0.245417 -0.000001 1.283599 -0.191151 0.247463 0.009420 0.039734 -0.118545 0.379567 0.003949 0.984286 0.020342 0.000001 -0.000001 -0.898106 -0.061832 0.000000 -0.159130 -0.000001 0.309114 0.000000 -0.254812 0.462551 0.159700 -0.266971 0.000001 0.000000 -0.000000 
-0.131632 -0.081401 -0.152354 -2.105522 -0.161000 1.936104 -0.000001 -0.806665 -0.489279 -0.000002 1.209396 -0.202144 0.000002 -0.032907 0.173726 -0.104895 0.346527 0.004667 0.876637 -0.000001 0.000001 -0.021505 -0.198963 -0.005567 -0.749732 -0.033358 -0.000001 0.319906 0.000000 -0.303812 0.472745 0.124823 -0.291831 0.000001 0.000000 -0.000000 
-0.132606 -0.101553 -0.199597 -2.542304 -0.000561 2.363116 -0.000002 -0.878860 -0.715158 -0.000005 1.116038 -0.208102 -0.000003 -0.190974 0.037240 -0.128260 0.315386 0.004451 0.755486 0.000001 0.000001 -0.000001 -1.018967 0.000000 0.000001 -0.005876 -0.000001 0.479512 0.010407 -0.280400 0.459861 0.175321 -0.282634 0.000001 0.000000 0.000000 
-0.117976 -0.108144 -0.224034 -2.616850 0.161975 2.457921 0.000001 -0.859165 -0.621956 -0.000003 1.026266 -0.213086 -0.116026 -0.102973 0.000001 -0.203983 0.287130 0.004825 0.578614 -0.000006 0.000001 -0.011987 -0.161336 -0.014023 -0.895511 -0.017185 -0.000001 0.429663 0.008386 -0.206140 0.311279 0.070868 -0.181271 0.000001 0.021076 0.000000 
-0.087339 -0.086610 -0.135690 -2.414920 0.118085 2.287396 -0.000000 -0.866598 -0.382442 -0.000001 0.944908 -0.229804 -0.000001 -0.147961 0.127212 -0.112528 0.261241 0.005100 0.462393 0.001973 0.000001 -0.000001 -0.848667 -0.000000 0.000000 -0.103522 -0.000001 0.435582 0.025726 -0.000000 -0.002474 -0.000000 -0.085420 0.000001 0.000000 -0.000000 
-0.086335 -0.085939 -0.141265 -2.390057 0.238204 2.216878 -0.000001 -0.930525 -0.518832 -0.000003 0.866341 -0.233958 -0.004300 -0.064771 -0.077199 -0.175417 0.238134 0.005429 0.290336 -0.000004 0.000001 -0.011281 -0.166852 -0.000001 -0.662479 -0.056521 -0.000001 0.364168 0.030461 -0.011192 0.023883 -0.000000 -0.092597 0.000001 0.000000 -0.025786 
-0.077680 -0.090483 -0.151919 -2.320015 0.388718 2.144200 -0.000000 -1.106593 -0.664991 -0.113207 0.000000 -0.240550 -0.159643 -0.029891 -0.205815 -0.244782 0.216792 0.006249 0.145905 0.004451 0.000001 -0.000001 -0.812892 0.004085 0.000000 -0.040127 -0.000001 0.568691 0.014893 -0.088681 0.045886 0.000001 -0.097525 0.000001 0.000000 -0.000000 
-0.065184 -0.087296 -0.150269 -2.056560 0.476101 1.899854 0.153327 -1.018037 -0.559518 -0.213888 -0.002638 -0.238549 -0.220559 -0.073143 -0.265100 -0.220783 0.197326 0.008766 0.046051 0.000018 0.000001 -0.000001 -0.131904 0.032877 -0.732273 -0.014940 -0.000001 0.505838 0.015419 -0.082514 0.021888 -0.000000 -0.113238 0.000001 0.000000 -0.053838 
-0.058225 -0.086657 -0.154385 -1.895567 0.539413 1.766534 -0.000000 -0.967315 -0.751286 -0.102574 -0.005009 -0.236255 -0.243260 -0.070650 -0.228763 -0.243655 0.179426 0.011130 -0.006016 0.016529 0.000001 -0.000001 -0.850796 -0.000000 0.000000 -0.163546 -0.000000 0.575027 0.000000 -0.120942 0.027229 0.000001 -0.074775 0.000001 0.000000 -0.000000 
-0.054358 -0.083187 -0.155063 -1.747038 0.557069 1.646274 0.195650 -0.848646 -0.504884 -0.252271 -0.007329 -0.234317 -0.135445 -0.045855 -0.180872 -0.180902 0.163120 0.013827 -0.004335 0.000001 0.000001 -0.000001 -0.103269 -0.000001 -0.760419 -0.222186 -0.000001 0.479405 0.021545 -0.066745 0.059743 -0.000000 -0.061068 0.000001 -0.000000 -0.064083 
-0.045871 -0.086038 -0.164310 -1.643914 0.610306 1.603425 0.000000 -0.912075 -0.679120 -0.138704 -0.010675 -0.228806 -0.095232 -0.015643 -0.098869 -0.170392 0.148630 0.013692 -0.038453 0.000001 0.000059 -0.000001 -0.774590 -0.131857 0.000000 -0.353115 -0.000000 0.499256 0.000000 -0.053307 0.102792 0.037382 -0.031642 0.000001 0.000000 -0.000000 
-0.040311 -0.085252 -0.169139 -1.534557 0.634711 1.538476 0.104501 -0.874890 -0.513800 -0.234658 -0.014073 -0.223222 -0.010645 -0.021416 -0.080550 -0.113171 0.135605 0.013511 -0.037602 -0.000001 0.000001 -0.000001 -0.100659 -0.239752 -0.649937 -0.311626 0.000000 0.374149 0.027861 -0.059498 0.132080 0.014684 -0.029461 0.000001 0.000000 -0.000000 
-0.037335 -0.085861 -0.162611 -1.520012 0.660931 1.568613 0.000002 -0.885004 -0.634614 -0.215336 -0.016958 -0.216685 0.000001 -0.010611 -0.000003 -0.174760 0.123641 0.012579 -0.074995 -0.000016 0.002972 -0.000001 -0.696085 -0.290497 -0.000000 -0.381024 0.000000 0.367975 0.000000 -0.000001 0.126750 0.145126 -0.000001 0.000001 0.000000 -0.000000 
-0.025919 -0.077608 -0.140306 -1.262403 0.619185 1.357792 0.000720 -0.676793 -0.523757 -0.184477 -0.019804 -0.210725 -0.000003 -0.051585 -0.077228 -0.093367 0.112836 0.012086 -0.203501 -0.000001 0.000001 -0.000001 -0.107714 -0.121337 -0.511635 -0.286540 0.000001 0.317501 0.036746 -0.045158 0.080878 0.003300 -0.000001 0.000001 0.000000 -0.000000 
-0.036969 -0.061661 -0.128069 -1.193737 0.527009 1.232565 0.000003 0.103474 -0.636747 -0.000008 -0.019804 -0.448371 -0.000002 0.000001 -0.076810 -0.127029 0.151360 0.073570 -0.220609 -0.000004 0.005995 -0.000001 -0.395859 -0.000000 -0.000001 -0.197397 0.000001 0.368342 0.000000 -0.043360 0.005823 0.047889 -0.088007 0.000001 0.000000 -0.000000 
-0.063223 -0.039582 -0.113583 -1.283795 0.375883 1.206777 0.329705 1.048467 -0.206314 -0.240786 -0.043325 -0.676795 0.204768 0.397469 -0.027681 -0.149904 0.217199 0.000000 -0.164885 0.000102 0.006348 -0.019827 -0.122041 0.001007 -0.000001 -0.030185 0.008274 0.114538 0.000000 -0.026470 -0.000001 0.035192 -0.062854 0.002640 0.000000 0.000000 
-0.049095 -0.027641 -0.086796 -1.001761 0.242873 0.981161 0.137636 1.740457 -0.011554 -0.000002 -0.043325 -0.750043 0.273192 0.195041 0.103051 -0.125081 0.201231 -0.001124 -0.310448 0.004677 0.007144 -0.219685 0.000001 -0.082328 0.186149 -0.200998 0.000001 -0.077277 -0.000000 0.000000 -0.082946 0.111130 -0.000001 0.007311 0.046308 -0.000000 
-0.012799 -0.013484 0.004299 -0.147950 -0.122436 0.148724 0.111338 0.559272 -0.329466 -0.078379 -0.043325 -0.750043 0.225195 -0.000001 0.244964 -0.107393 0.201231 -0.001124 -0.701960 0.211949 0.000001 -0.000000 0.437795 0.190149 0.000002 -0.115975 0.000000 -0.373241 0.000000 0.000001 -0.153123 -0.000001 -0.038097 0.000001 -0.000000 -0.125187 
-0.010385 0.030454 0.046361 0.166858 -0.286221 -0.256509 0.000000 0.978239 -0.321092 -0.000003 -0.043325 -0.692945 0.191832 0.000001 0.235615 -0.114497 0.182830 -0.003819 -0.782075 -0.151687 0.009303 -0.000001 0.000002 0.295775 1.176304 -0.000001 -0.000000 -0.453543 0.000000 0.036769 -0.160384 -0.000001 -0.072118 0.000001 -0.000000 -0.000000 
-0.007448 0.054576 0.088694 0.508646 -0.455768 -0.683948 0.242827 1.282799 -0.034642 -0.081958 -0.043325 -0.639883 0.236037 0.000001 0.076761 -0.131432 0.165886 -0.006660 -0.751695 -0.159416 0.000001 -0.018077 1.221598 0.215041 0.000001 0.010537 -0.000000 -0.886698 -0.000000 -0.000001 0.010152 0.000000 -0.154618 0.000001 0.000000 -0.040591 
0.014460 0.065347 0.118757 0.976474 -0.515068 -1.138284 0.137692 1.481813 -0.000001 0.001730 -0.075583 -0.586872 0.028996 0.000001 0.006442 -0.170266 0.152167 -0.005803 -0.747225 -0.173964 0.007034 -0.025191 0.000002 0.219557 1.318765 0.039368 -0.096127 -0.762261 -0.000000 -0.000000 0.204947 0.038021 -0.098832 0.000001 0.000000 -0.003563 
0.032483 0.055005 0.110211 1.145045 -0.403120 -1.234383 0.086447 1.323730 -0.038265 0.056758 -0.146903 -0.466918 0.015290 0.000001 -0.128526 -0.226376 0.144999 0.004960 -0.498901 -0.161857 0.000001 -0.052021 0.813702 0.166932 0.000001 0.010871 -0.000001 -0.802612 -0.000585 -0.141482 0.413370 0.136264 -0.109303 0.000001 0.000000 0.000000 
0.051845 0.033247 0.089239 1.156873 -0.211667 -1.140967 0.156094 0.987777 -0.089412 0.000002 -0.210898 -0.402242 -0.000002 0.000001 -0.231922 -0.243895 0.136637 0.011216 -0.181043 -0.162763 0.001009 -0.024577 0.002351 -0.000000 0.280824 -0.136274 -0.000001 -0.547697 -0.000000 -0.136947 0.559332 0.276490 -0.077569 0.000001 0.065181 0.092628 
0.061545 0.012950 0.061603 1.002522 -0.025182 -0.932172 0.000004 0.682946 -0.237188 -0.134721 -0.277043 -0.347564 0.079723 -0.000012 -0.291079 -0.258113 0.127380 0.000000 -0.034075 -0.167464 0.007126 -0.000001 0.038064 -0.482327 0.000000 0.083161 -0.000001 -0.775262 0.000000 -0.095243 0.588329 0.400380 0.004916 0.000001 0.204822 0.000000 
0.073530 0.015828 0.045060 1.012745 0.081533 -0.890569 -0.001127 0.561473 -0.321506 -0.000005 -0.338027 -0.318995 -0.015616 -0.000000 -0.193290 -0.223434 0.113076 -0.000886 -0.107668 -0.023423 0.000001 -0.004956 -0.073116 -0.272447 -0.002444 -0.161461 0.000001 -0.000000 -0.179859 -0.181686 0.364357 0.233727 0.042257 0.000001 0.130811 0.262599 
0.075341 -0.002654 0.038364 0.975846 0.147845 -0.861321 -0.000007 0.414317 -0.293672 -0.251873 -0.416721 -0.280651 0.005306 -0.000001 -0.205205 -0.213514 0.099516 -0.002021 -0.135103 0.000000 0.000001 -0.000001 -0.000001 -0.018180 -0.422638 0.004821 -0.000001 -0.017176 0.000000 -0.077351 0.124465 0.079076 0.007366 0.000001 0.110592 0.000000 
0.076558 -0.009595 0.025348 0.915605 0.248352 -0.817647 -0.000006 0.381302 -0.498803 -0.043289 -0.503795 -0.253158 -0.058768 0.000000 -0.278498 -0.250707 0.086306 -0.000056 -0.147976 0.000000 0.005041 -0.000001 -0.562325 -0.000001 -0.000001 0.076808 -0.000001 0.076944 0.000000 0.000001 -0.096157 0.000000 0.012427 0.000001 0.000000 0.000000 
0.081559 -0.015921 0.015274 0.900359 0.352127 -0.814721 0.000008 0.327043 -0.363971 -0.409573 -0.579623 -0.221965 -0.062382 -0.000000 -0.399279 -0.310444 0.083187 -0.031881 -0.195308 0.005146 0.000001 -0.003731 -0.000002 0.000001 -0.679412 0.220973 -0.000001 0.190765 0.000000 0.000001 -0.180992 -0.000001 0.014059 0.000001 0.000000 -0.000000 
0.097616 -0.022659 0.010068 0.997188 0.469635 -0.897012 0.000006 0.276876 -0.383373 -0.356889 -0.650075 -0.215105 -0.245596 0.000001 -0.511815 -0.363800 0.082419 -0.071760 -0.313000 0.004269 0.004315 -0.000001 -0.712630 0.000001 -0.000000 0.236716 -0.000001 0.461980 0.000000 0.054367 -0.214428 -0.000000 0.053138 0.000001 0.000000 0.000000 
0.109814 -0.025575 0.020770 1.163105 0.552701 -1.038620 -0.000015 0.201343 -0.231924 -0.525758 -0.709756 -0.191042 -0.294150 -0.000001 -0.610270 -0.450364 0.085829 -0.120942 -0.437975 0.014406 0.000001 -0.000001 -0.000003 0.035401 -0.840589 0.300374 -0.000001 0.486641 0.000000 0.034440 -0.231883 -0.067106 0.082020 0.000001 0.000000 -0.000000 
0.135018 -0.030408 0.023332 1.345858 0.673761 -1.177800 0.000007 0.027248 -0.336860 -0.420292 -0.774392 -0.226233 -0.506831 -0.000002 -0.779071 -0.529777 0.084197 -0.154132 -0.608008 0.012726 0.006342 -0.000001 -0.912586 0.030089 0.000001 0.085031 -0.000001 0.672772 0.000000 0.092503 -0.185758 -0.000001 0.076413 0.000001 -0.000000 -0.010112 
0.147280 -0.033476 0.019796 1.358010 0.775457 -1.184356 -0.122048 0.002142 -0.661353 -0.000019 -0.833903 -0.356894 -0.547677 -0.025337 -0.922925 -0.637644 0.090759 -0.168657 -0.699493 -0.000000 0.000001 -0.000001 -0.023321 -0.000001 -1.041091 0.041794 -0.000001 0.570385 0.000000 0.007770 -0.067035 -0.031062 0.065711 0.000001 -0.000000 -0.021992 
0.164045 -0.034305 0.019963 1.418261 0.863757 -1.220531 0.354595 -0.397941 -0.040039 -1.139266 -0.908416 -0.519133 -0.568885 -0.110049 -0.970856 -0.773761 0.112339 -0.166069 -0.841839 0.000013 0.000001 -0.000001 -0.978362 -0.104253 0.000000 0.000001 -0.000001 0.630168 0.000000 0.000001 0.000001 0.000000 0.031548 0.000001 -0.000000 -0.000000 
0.196263 -0.037642 0.020206 1.576366 1.023319 -1.321452 0.101609 -0.508372 -0.375798 -0.852969 -0.908416 -0.519133 -0.808733 -0.069909 -1.207496 -0.823286 0.112339 -0.166069 -1.072844 0.000008 0.000001 -0.000001 -0.056410 -0.125176 -1.037805 -0.000001 -0.000000 0.560550 0.000000 -0.000000 0.030865 0.000000 0.004113 0.000001 -0.000000 -0.000000 
0.178267 -0.034151 0.009926 1.300307 1.025985 -1.123294 0.484483 -0.623800 -0.184961 -1.356421 -0.908416 -0.519133 -0.627479 -0.068572 -1.234460 -0.924337 0.112339 -0.166069 -0.890331 0.000009 0.000001 -0.000001 -0.976666 -0.430171 0.000000 -0.072390 -0.000000 0.647105 0.000000 -0.013778 0.057778 0.000000 -0.030730 0.000001 -0.000000 -0.000000 
0.165298 -0.031111 0.003161 1.109449 1.001498 -0.971094 -0.027886 -0.365521 -0.461730 -1.146493 -0.908416 -0.519133 -0.752715 -0.043318 -1.225544 -0.834497 0.112339 -0.166069 -0.432649 0.000002 0.000001 -0.000001 -0.000005 -0.645651 -1.295239 -0.261443 0.000000 0.648258 -0.000000 -0.074753 -0.063580 -0.087673 -0.082569 0.000001 -0.000001 -0.093349 
0.126877 -0.021387 0.001605 0.811191 0.864073 -0.798323 -0.017964 -0.265049 -0.372683 -1.011516 -0.908416 -0.519133 -0.646287 -0.142411 -1.045851 -0.811303 0.112339 -0.166069 0.054379 0.000013 0.000001 -0.000001 -1.663048 0.000001 -0.000000 -0.727972 0.000001 1.438231 -0.000000 0.000001 -0.052098 -0.000001 -0.000000 0.000001 -0.069821 -0.000000 
0.116784 -0.017666 0.001207 0.715077 0.843574 -0.754749 0.000009 -0.402067 -0.344968 -0.734757 -0.908416 -0.519133 -0.756905 -0.078559 -1.142143 -0.785423 0.112339 -0.166069 0.471559 0.000005 0.000001 -0.004782 -0.036712 0.000003 -2.261731 -0.279060 0.458003 1.020489 -0.000000 -0.039177 -0.016903 -0.040915 -0.000001 0.000001 -0.028621 -0.025327 
0.099279 -0.008802 0.007726 0.623508 0.760079 -0.741617 -0.023822 -0.401532 -0.107684 -1.041296 -0.864836 -0.475346 -0.690161 -0.099964 -1.091250 -0.839712 0.094468 -0.138269 0.747212 0.000003 0.006822 -0.000000 -2.260722 0.000000 -0.000001 -0.492207 0.000003 1.915298 -0.440493 0.098183 0.039741 0.116160 0.015356 0.000001 -0.000000 -0.000000 
0.103550 -0.003550 0.020634 0.662166 0.755792 -0.798147 0.385634 -0.787475 -0.036886 -0.817288 -0.818125 -0.436982 -0.760608 -0.033177 -1.212320 -0.803314 0.080177 -0.111315 0.819005 0.000003 0.000001 -0.000001 -0.391823 0.000001 -1.625284 -0.294867 0.152472 0.702931 0.929220 -0.000000 0.086955 0.024452 0.136752 0.000001 -0.000000 0.000000 
0.093136 0.006944 0.042905 0.674173 0.637004 -0.852570 -0.000014 -0.357421 -0.469735 -0.000022 -0.798264 -0.381644 -0.569046 0.195745 -1.039766 -0.837116 0.082998 -0.067541 0.765594 -0.000007 0.000001 -0.003189 -0.290216 -0.000001 0.000000 -0.000001 0.000001 0.315803 0.000000 0.000875 0.097359 0.094544 0.242250 0.000001 -0.000000 0.000000 
0.071857 0.011106 0.070577 1.061038 0.779056 -1.197889 -0.012371 -0.608059 -0.114134 -0.724926 -0.729357 -0.366779 -0.728374 0.216126 -1.056471 -0.765832 0.081705 -0.039249 0.309907 0.000004 0.000001 -0.000001 0.750722 0.000003 0.000004 0.026125 0.000001 -0.048856 0.000000 -0.000000 0.168468 0.098544 0.149035 0.000001 0.000000 0.000000 
0.043137 0.023213 0.098609 1.323898 0.831084 -1.469896 -0.009579 -0.528263 -0.111299 -0.721170 -0.691737 -0.329937 -0.806657 0.220265 -0.869850 -0.684735 0.076055 -0.015325 -0.017088 0.000001 0.000001 -0.000001 0.000003 -0.000003 1.314451 -0.000000 0.000000 -0.000002 0.000000 0.000000 0.122748 0.068468 0.000001 0.000001 -0.000000 0.000000 
0.045628 0.047091 0.115897 1.222189 0.731164 -1.430461 -0.000026 -0.546798 -0.260239 -0.637384 -0.690790 -0.273377 -0.621938 0.105513 -0.894225 -0.662963 0.067591 0.000531 0.017611 0.000006 0.000001 -0.000001 0.842824 0.000004 0.000002 0.029518 0.000000 -0.566586 -0.000000 -0.043614 0.064569 0.024138 -0.000000 0.000001 0.000000 0.000879 
0.060725 0.072194 0.141457 1.281927 0.649922 -1.518808 0.000016 -0.519105 -0.087904 -0.683041 -0.713819 -0.202414 -0.491688 -0.010347 -0.791556 -0.631023 0.061043 0.016066 -0.041619 0.000005 0.000001 -0.000001 0.102207 -0.000000 0.182692 0.000000 0.000000 -0.271776 -0.208101 -0.000001 0.014860 0.000001 -0.034458 0.000001 -0.000000 0.000000 
0.070416 0.091829 0.156580 1.305304 0.619749 -1.599741 0.083446 -0.651166 -0.038402 -0.623165 -0.716691 -0.156094 -0.375444 -0.027457 -0.888471 -0.630009 0.054231 0.024595 -0.068192 0.000003 0.000001 -0.000001 -0.000001 0.000001 -0.157640 0.000001 0.000000 -0.180211 0.014244 -0.007667 0.039667 0.000001 -0.079927 0.000001 -0.000000 -0.000000 
0.082745 0.111263 0.171456 1.441799 0.600396 -1.771790 -0.000003 -0.552762 0.000004 -0.495814 -0.730931 -0.106276 -0.390481 -0.011772 -0.772699 -0.587236 0.054017 0.031240 -0.143780 -0.000000 0.000001 -0.000001 -0.173858 -0.000000 -0.000002 0.019124 -0.000000 -0.093371 0.000000 -0.006000 0.060287 0.000001 -0.104220 0.000001 -0.000000 -0.000000 
0.086098 0.134495 0.182076 1.463321 0.600225 -1.877682 -0.000002 -0.645332 -0.000005 -0.558047 -0.751042 -0.051449 -0.349773 -0.006758 -0.842353 -0.577199 0.060215 0.024260 -0.117174 0.000002 0.000001 -0.000001 -0.000001 0.000002 -0.290895 0.031076 -0.000000 -0.189839 0.106770 -0.087544 0.091518 0.000000 -0.146137 0.000001 -0.000000 -0.000000 
0.095199 0.161370 0.198169 1.649744 0.648792 -2.107616 -0.310844 -0.353330 -0.241332 -0.000011 -1.113398 0.115127 -0.475849 -0.000001 -0.701946 -0.510705 0.065947 0.012404 -0.192000 0.000001 0.000001 -0.000001 -0.039970 -0.000000 -0.024368 0.038932 -0.000000 -0.127651 -0.000000 -0.052118 0.086293 0.000001 -0.135725 0.000001 -0.000000 -0.000000 
0.103423 0.193745 0.218744 1.681475 0.632189 -2.256983 -0.145793 -0.390734 -0.076208 0.000003 -1.172684 0.237902 -0.399806 0.031093 -0.748542 -0.487709 0.154274 -0.012208 -0.104308 -0.000001 0.000001 -0.007814 -0.000001 -0.000000 -0.010362 0.046934 -0.000001 -0.160904 0.000000 -0.085272 0.129109 0.000770 -0.122145 0.000001 -0.000000 -0.000000 
0.110861 0.231372 0.234809 1.823444 0.757075 -2.480815 -0.175367 -0.310909 0.000002 -0.000001 -1.260014 0.402175 -0.539803 0.012981 -0.686597 -0.337959 0.268015 -0.043772 -0.197967 0.000000 0.000001 -0.019008 -0.000000 0.000000 -0.000001 0.064615 -0.000001 -0.141716 -0.000000 -0.069433 0.184857 0.038523 -0.085872 0.000001 -0.000000 -0.000000 
0.127153 0.264750 0.243374 1.870023 0.827764 -2.674745 -0.154550 -0.168487 0.019568 0.265797 -1.379820 0.618314 -0.445068 0.060333 -0.771521 -0.376215 0.000000 -0.062876 -0.192865 -0.000003 0.000001 -0.062276 0.000000 -0.000001 -0.000001 0.078971 -0.000001 -0.120919 -0.000000 -0.107535 0.285870 0.099196 -0.127824 0.000001 -0.000000 -0.000000 
0.226233 0.344329 0.378611 1.999103 0.770873 -2.891056 0.030851 0.235574 0.481859 -0.000006 -1.521495 0.890473 -0.389477 -0.514414 -0.575152 -0.214042 0.000000 -0.058068 -0.126238 -0.000080 0.000001 -0.117037 0.000000 -0.000017 -0.079054 0.069120 -0.000001 -0.321893 -0.000000 0.188492 0.221430 0.321429 -0.000001 0.000001 0.000000 -0.000000 
0.320793 0.387405 0.354717 2.064211 1.296769 -2.952231 -0.184447 0.062493 0.634042 0.358406 -1.652078 1.191888 -0.565492 0.110356 -0.695727 -0.192135 0.000000 -0.036599 -0.566961 -0.000003 0.000001 -0.040463 0.006048 -0.000000 -0.000000 0.076516 -0.085600 -0.114817 -0.003828 -0.114704 0.454982 0.070917 -0.094833 0.000001 0.000000 -0.000000 
0.378498 0.453932 0.456486 1.969339 1.872228 -2.994834 -0.118183 0.285515 0.881976 -0.000010 -1.754634 1.501303 -0.780213 0.442845 -0.574402 -0.000003 0.000000 -0.015868 -0.964506 0.000005 0.000001 -0.005114 0.000000 -0.000000 -0.018731 0.000001 -0.000001 -0.090295 0.013099 -0.248753 0.636628 0.104619 -0.181589 0.000001 0.000000 -0.000000 
0.245775 0.388337 0.690128 1.273795 1.555971 -1.410823 -0.000001 -0.027772 0.073203 0.496529 -1.754634 1.501303 0.044444 0.000000 -0.194608 0.092107 0.000000 -0.015868 -1.435186 0.000002 -0.243035 -1.816626 2.357332 -2.176158 -0.536775 0.351967 -1.477616 0.464594 0.363633 -1.339265 -0.431850 1.479882 2.622432 1.188591 0.721907 0.934520 
0.270613 0.356571 0.498849 1.104226 1.525420 -1.045320 0.123592 0.160771 0.483495 -0.000001 -1.754634 1.501303 -0.691653 0.118885 -0.097835 0.196852 0.000000 -0.015868 -1.423857 0.142784 -0.000002 0.003351 0.000001 -0.000002 0.167484 -0.049985 -0.000001 -0.085830 -0.000000 -0.254698 -0.533699 0.335682 -0.814885 0.000001 -0.000000 0.093969 
0.311995 0.319310 0.332472 0.867203 1.264805 -0.580970 0.097767 0.767300 0.818068 -0.000011 -1.784102 1.497500 -0.787229 0.133560 -0.421602 0.053237 0.000000 -0.031334 -1.163662 -0.130304 0.000000 0.000001 0.000001 -0.000002 0.277901 0.178548 -0.017984 -0.104476 -0.005174 0.035660 -0.255706 -0.288031 -0.864001 0.000000 -0.136207 -0.244913 
