0.140049 0.131320 -0.149682 0.204008 0.073610 6.233529 0.007990 0.062785 0.210889 0.711422 -0.995698 -0.013596 0.020525 -0.000177 -1.137441 1.168739 -0.105421 0.048330 0.083584 -0.087259 -0.000100 -0.001799 -0.768041 -0.142505 -0.018400 -0.723866 1.605700 -0.000600 -0.000079 0.825562 -0.006991 -0.000000 -0.330004 -1.605700 -0.000200 -0.000000 
0.140658 0.131529 -0.150273 0.186308 0.070015 6.233150 0.025985 0.061998 0.211847 0.716068 -0.998632 -0.013740 0.038699 -0.001231 -1.136359 1.176578 -0.111639 0.048398 0.008620 -0.087266 -0.000100 -0.002823 -0.769893 -0.167042 -0.023468 -0.724198 1.605700 -0.000390 0.000245 0.805781 0.011492 0.000031 -0.334245 -1.605700 -0.000164 0.000188 
0.141495 0.131936 -0.151046 0.166816 0.066600 6.232326 0.048719 0.062381 0.213073 0.720490 -1.002045 -0.014702 0.059570 -0.002804 -1.136181 1.186338 -0.119216 0.049444 -0.062627 -0.087266 -0.000100 -0.002823 -0.766760 -0.191209 -0.031148 -0.723503 1.605700 0.000681 0.000543 0.792164 0.032252 0.001576 -0.336394 -1.605700 0.000620 0.000488 
0.141697 0.132435 -0.151151 0.145207 0.065317 6.231216 0.068109 0.060375 0.213166 0.720712 -1.002112 -0.012884 0.080914 -0.003712 -1.135934 1.191596 -0.124547 0.050044 -0.121424 -0.087266 -0.000100 -0.002823 -0.757361 -0.217981 -0.040375 -0.722393 1.605700 0.003968 0.001833 0.779339 0.054289 0.004283 -0.340955 -1.605700 0.003089 0.001746 
0.141539 0.133043 -0.151231 0.123934 0.064666 6.231087 0.087281 0.057321 0.213206 0.720273 -1.001059 -0.012019 0.101555 -0.005723 -1.136063 1.195342 -0.128512 0.050790 -0.178599 -0.087266 -0.000100 -0.002823 -0.748276 -0.235921 -0.046966 -0.720591 1.605700 0.006144 0.002694 0.769223 0.070025 0.006503 -0.345306 -1.605700 0.005067 0.002890 
0.141232 0.133420 -0.151289 0.104547 0.064006 6.230804 0.102965 0.054266 0.213291 0.719517 -1.000035 -0.010123 0.120046 -0.006766 -1.135998 1.197953 -0.131698 0.050966 -0.227115 -0.087236 -0.000100 -0.002823 -0.736666 -0.251335 -0.052772 -0.718472 1.605700 0.008307 0.003597 0.757457 0.081943 0.008214 -0.350666 -1.605700 0.006755 0.003797 
0.141126 0.133730 -0.151251 0.088167 0.062819 6.230833 0.118477 0.052347 0.213646 0.719481 -1.000053 -0.009043 0.136103 -0.007976 -1.134968 1.200254 -0.134564 0.051176 -0.272320 -0.087236 -0.000100 -0.002822 -0.726625 -0.260325 -0.056416 -0.715918 1.605700 0.009062 0.003747 0.745275 0.087046 0.009024 -0.356561 -1.605700 0.007238 0.004026 
0.141212 0.134043 -0.151209 0.073978 0.061272 6.230886 0.131131 0.050234 0.214347 0.719370 -0.998886 -0.007397 0.149058 -0.008347 -1.133354 1.202442 -0.137463 0.051429 -0.307360 -0.087288 -0.000100 -0.002822 -0.717720 -0.268713 -0.059808 -0.713428 1.605700 0.009870 0.003915 0.730974 0.088815 0.009373 -0.364014 -1.605700 0.007298 0.004026 
0.141543 0.134285 -0.151092 0.062706 0.059521 6.231113 0.143091 0.049190 0.215117 0.719617 -0.998923 -0.007015 0.160338 -0.009193 -1.131062 1.204476 -0.140745 0.051501 -0.338717 -0.087266 -0.000100 -0.002822 -0.713827 -0.272308 -0.061468 -0.711587 1.605700 0.009870 0.003915 0.718132 0.087573 0.009373 -0.371390 -1.605700 0.007298 0.003923 
0.141851 0.134479 -0.151000 0.053590 0.058472 6.231237 0.152354 0.048225 0.215470 0.719697 -0.998914 -0.006556 0.169324 -0.009678 -1.129604 1.206269 -0.143287 0.051399 -0.362731 -0.087266 -0.000100 -0.002822 -0.712934 -0.275905 -0.062893 -0.711156 1.605700 0.009903 0.003915 0.706815 0.087188 0.009373 -0.378218 -1.605700 0.007298 0.003555 
0.142154 0.134696 -0.150966 0.045445 0.058045 6.231537 0.161660 0.047470 0.215573 0.719384 -0.997630 -0.006786 0.177384 -0.010518 -1.128822 1.208090 -0.145629 0.051581 -0.384915 -0.087266 -0.000100 -0.002822 -0.715587 -0.276473 -0.063141 -0.711346 1.605700 0.009903 0.003141 0.700502 0.086527 0.009373 -0.382518 -1.605700 0.007298 0.002768 
0.142459 0.134893 -0.150938 0.038738 0.058148 6.231822 0.169490 0.046749 0.215588 0.718895 -0.997842 -0.006745 0.184039 -0.011358 -1.128632 1.209749 -0.147791 0.051624 -0.404502 -0.087266 -0.000100 -0.002822 -0.718376 -0.277817 -0.063779 -0.712123 1.605700 0.009903 0.002312 0.697918 0.086634 0.009393 -0.384127 -1.605700 0.007298 0.002181 
0.142696 0.135185 -0.150881 0.032270 0.058597 6.232520 0.178157 0.045768 0.215656 0.717964 -0.997918 -0.006993 0.190436 -0.012897 -1.128525 1.211034 -0.149743 0.051902 -0.424994 -0.087266 -0.000100 -0.002822 -0.721915 -0.278701 -0.064207 -0.714019 1.605700 0.009903 0.000947 0.698656 0.087050 0.009405 -0.384165 -1.605700 0.007298 0.001245 
0.142970 0.135368 -0.150821 0.026292 0.058937 6.232977 0.185437 0.044965 0.215669 0.717187 -0.997931 -0.007089 0.196581 -0.014021 -1.128373 1.212295 -0.151657 0.052142 -0.443979 -0.087266 -0.000100 -0.002822 -0.723291 -0.283351 -0.065810 -0.715907 1.605700 0.009903 -0.000024 0.699065 0.089614 0.009505 -0.384165 -1.605700 0.007298 0.000567 
0.143188 0.135562 -0.150759 0.020101 0.059155 6.233605 0.193410 0.044125 0.215671 0.716663 -0.998001 -0.007375 0.202736 -0.015230 -1.128022 1.213348 -0.153381 0.053066 -0.464885 -0.087266 -0.000143 -0.002822 -0.724548 -0.289031 -0.067732 -0.717193 1.605700 0.009903 -0.001001 0.699343 0.093384 0.009936 -0.384165 -1.605700 0.007298 -0.000111 
0.143538 0.135698 -0.150748 0.013557 0.058967 6.233970 0.200402 0.043244 0.215802 0.716548 -0.998237 -0.007241 0.209435 -0.015851 -1.127017 1.214141 -0.153439 0.050941 -0.485378 -0.087266 -0.000297 -0.002822 -0.724603 -0.297773 -0.070661 -0.717520 1.605700 0.009903 -0.001402 0.699050 0.099213 0.010752 -0.384165 -1.605700 0.007298 -0.000424 
0.143812 0.135772 -0.150689 0.007107 0.058763 6.234231 0.207310 0.042506 0.215764 0.716297 -0.997498 -0.006381 0.216176 -0.016560 -1.126286 1.215396 -0.156517 0.051439 -0.507590 -0.087253 -0.000542 -0.002822 -0.724481 -0.307245 -0.073873 -0.717708 1.605700 0.009903 -0.001598 0.697767 0.106292 0.011718 -0.384165 -1.605700 0.007298 -0.000578 
0.144022 0.135839 -0.150607 0.000690 0.058282 6.234436 0.213654 0.041706 0.215685 0.716147 -0.995989 -0.005736 0.222582 -0.016925 -1.125205 1.216247 -0.158621 0.051369 -0.527850 -0.087217 -0.000798 -0.002822 -0.723576 -0.318773 -0.077728 -0.717826 1.605700 0.010437 -0.001598 0.693098 0.114811 0.012937 -0.384165 -1.605700 0.007298 -0.000593 
0.144176 0.135900 -0.150469 6.277626 0.057676 6.234581 0.219889 0.041088 0.215685 0.716231 -0.995989 -0.005736 0.228859 -0.017220 -1.124053 1.216934 -0.160077 0.051308 -0.547499 -0.087217 -0.001046 -0.002822 -0.722608 -0.329257 -0.081184 -0.718145 1.605700 0.011686 -0.001598 0.686513 0.122832 0.014122 -0.384497 -1.605700 0.007298 -0.000593 
0.144260 0.135935 -0.150379 6.272226 0.057078 6.234576 0.225224 0.040734 0.215584 0.716160 -0.994638 -0.006131 0.234310 -0.017316 -1.122989 1.217319 -0.161575 0.051239 -0.564497 -0.087248 -0.001263 -0.002822 -0.720725 -0.339144 -0.084523 -0.718474 1.605700 0.013440 -0.001525 0.678770 0.129972 0.015141 -0.386995 -1.605700 0.007301 -0.000593 
0.144339 0.135984 -0.150276 6.267262 0.056383 6.234524 0.230129 0.040442 0.215611 0.716244 -0.993797 -0.006301 0.239362 -0.017376 -1.122013 1.217845 -0.162558 0.051234 -0.579454 -0.087248 -0.001461 -0.002822 -0.718999 -0.346012 -0.086848 -0.718674 1.605700 0.014789 -0.001260 0.671313 0.134703 0.015821 -0.390699 -1.605700 0.007502 -0.000593 
0.144374 0.136047 -0.150154 6.263277 0.055877 6.234392 0.233954 0.040123 0.215613 0.716258 -0.993865 -0.005980 0.243369 -0.017375 -1.121206 1.218061 -0.163228 0.051234 -0.590971 -0.087266 -0.001615 -0.002822 -0.716836 -0.350924 -0.088541 -0.718782 1.605700 0.015844 -0.000882 0.664300 0.137376 0.016169 -0.394814 -1.605700 0.007801 -0.000593 
0.144429 0.136104 -0.150074 6.259894 0.055495 6.234273 0.237201 0.039854 0.215616 0.716302 -0.994021 -0.005715 0.246768 -0.017375 -1.120642 1.218436 -0.163915 0.051234 -0.600172 -0.087266 -0.001756 -0.002822 -0.715585 -0.352558 -0.089138 -0.718885 1.605700 0.016173 -0.000773 0.659454 0.137771 0.016252 -0.398127 -1.605700 0.007902 -0.000593 
0.144501 0.136148 -0.150039 6.257482 0.055316 6.234173 0.239500 0.039662 0.215616 0.716321 -0.994269 -0.005537 0.249186 -0.017375 -1.120409 1.218924 -0.164549 0.051234 -0.606206 -0.087266 -0.001867 -0.002822 -0.714565 -0.352983 -0.089319 -0.718981 1.605700 0.016239 -0.000744 0.656574 0.137771 0.016252 -0.400279 -1.605700 0.007902 -0.000593 
0.144599 0.136183 -0.150035 6.255587 0.055278 6.234107 0.241336 0.039510 0.215616 0.716324 -0.994579 -0.005451 0.251111 -0.017418 -1.120382 1.219531 -0.165186 0.051216 -0.610190 -0.087266 -0.001948 -0.002822 -0.714375 -0.352977 -0.089319 -0.719096 1.605700 0.016239 -0.000744 0.656156 0.137771 0.016252 -0.400851 -1.605700 0.007902 -0.000593 
0.144665 0.136203 -0.150029 6.254370 0.055298 6.234141 0.242548 0.039345 0.215616 0.716324 -0.994873 -0.005406 0.252326 -0.017512 -1.120376 1.219909 -0.165611 0.051216 -0.612784 -0.087266 -0.002009 -0.002822 -0.714375 -0.352977 -0.089319 -0.719838 1.605700 0.016239 -0.000744 0.656515 0.137771 0.016252 -0.400851 -1.605700 0.007902 -0.000593 
0.144738 0.136224 -0.150023 6.253134 0.055346 6.234254 0.243780 0.039099 0.215616 0.716324 -0.995149 -0.005375 0.253559 -0.017689 -1.120348 1.220277 -0.166059 0.051216 -0.615764 -0.087266 -0.002055 -0.002822 -0.714375 -0.352487 -0.089319 -0.721150 1.605700 0.016239 -0.000744 0.658058 0.137771 0.016252 -0.400851 -1.605700 0.007902 -0.000593 
0.144828 0.136259 -0.150045 6.251731 0.055343 6.234470 0.245087 0.038614 0.215595 0.716183 -0.993905 -0.004075 0.255049 -0.018079 -1.120224 1.220733 -0.166603 0.051882 -0.619684 -0.087266 -0.002108 -0.002822 -0.714434 -0.352172 -0.089319 -0.722138 1.605700 0.016239 -0.000744 0.660083 0.137770 0.016252 -0.400851 -1.605700 0.007903 -0.000605 
0.144901 0.136330 -0.150080 6.249913 0.055305 6.234811 0.246808 0.038059 0.215576 0.716273 -0.993481 -0.004484 0.256961 -0.018666 -1.120070 1.221282 -0.167215 0.052493 -0.625584 -0.087265 -0.002187 -0.002822 -0.714491 -0.351930 -0.089319 -0.722812 1.605700 0.016239 -0.000756 0.661967 0.137828 0.016252 -0.400835 -1.605700 0.007910 -0.000605 
0.144944 0.136362 -0.150024 6.247860 0.055206 6.234992 0.248854 0.037683 0.215576 0.716285 -0.993799 -0.004484 0.259019 -0.018910 -1.119708 1.221424 -0.167651 0.052396 -0.632964 -0.087265 -0.002274 -0.002822 -0.714491 -0.351932 -0.089319 -0.722812 1.605700 0.016239 -0.000756 0.662455 0.138203 0.016252 -0.400825 -1.605700 0.007936 -0.000605 
0.144986 0.136376 -0.149952 6.245395 0.054982 6.235012 0.251316 0.037487 0.215576 0.716285 -0.993986 -0.004481 0.261499 -0.018939 -1.119238 1.221569 -0.168135 0.052260 -0.641518 -0.087265 -0.002387 -0.002822 -0.714488 -0.352365 -0.089329 -0.722813 1.605700 0.016239 -0.000756 0.662334 0.139354 0.016252 -0.400825 -1.605700 0.008095 -0.000605 
0.145064 0.136405 -0.149908 6.243031 0.054737 6.234964 0.253638 0.037345 0.215645 0.716304 -0.994185 -0.004459 0.263989 -0.019055 -1.118753 1.221722 -0.167689 0.053079 -0.649450 -0.087266 -0.002508 -0.002822 -0.714370 -0.355478 -0.090093 -0.722816 1.605700 0.016239 -0.000756 0.661036 0.141952 0.016487 -0.400825 -1.605700 0.008512 -0.000605 
0.145123 0.136449 -0.149869 6.240984 0.054590 6.234898 0.255678 0.037197 0.215645 0.716304 -0.994363 -0.004423 0.266037 -0.019055 -1.118502 1.222102 -0.168374 0.052964 -0.656455 -0.087266 -0.002580 -0.002822 -0.714207 -0.360629 -0.091716 -0.722816 1.605700 0.016260 -0.000756 0.658379 0.145649 0.016995 -0.400825 -1.605700 0.009211 -0.000605 
0.145155 0.136498 -0.149848 6.239217 0.054398 6.234850 0.257301 0.037127 0.215450 0.716509 -0.993383 -0.005435 0.267896 -0.019150 -1.118264 1.222476 -0.168977 0.052906 -0.662061 -0.087266 -0.002632 -0.002822 -0.714018 -0.366277 -0.093516 -0.722881 1.605700 0.016767 -0.000751 0.654910 0.149589 0.017604 -0.400826 -1.605700 0.010061 -0.000605 
0.145155 0.136524 -0.149827 6.237818 0.054195 6.234805 0.258522 0.037041 0.215278 0.716749 -0.992976 -0.005948 0.269388 -0.019083 -1.117753 1.222671 -0.171457 0.051756 -0.666960 -0.087258 -0.002677 -0.002822 -0.713907 -0.370475 -0.094898 -0.722952 1.605700 0.017470 -0.000704 0.651825 0.152701 0.018113 -0.400859 -1.605700 0.010846 -0.000605 
0.145153 0.136538 -0.149781 6.236600 0.054047 6.234731 0.259715 0.036967 0.215284 0.716749 -0.993218 -0.005729 0.270868 -0.019181 -1.117560 1.222714 -0.171488 0.051548 -0.670515 -0.087266 -0.002714 -0.002822 -0.713754 -0.373002 -0.095733 -0.722952 1.605700 0.018031 -0.000608 0.649595 0.154526 0.018396 -0.401058 -1.605700 0.011376 -0.000605 
0.145155 0.136540 -0.149745 6.235706 0.053972 6.234713 0.260603 0.036886 0.215284 0.716749 -0.993471 -0.005573 0.271771 -0.019181 -1.117425 1.222717 -0.171492 0.051548 -0.673020 -0.087266 -0.002755 -0.002822 -0.713702 -0.373711 -0.095975 -0.722952 1.605700 0.018267 -0.000557 0.648502 0.154968 0.018451 -0.401406 -1.605700 0.011577 -0.000605 
0.145166 0.136547 -0.149779 6.235111 0.053842 6.234747 0.261049 0.036813 0.215162 0.716936 -0.992417 -0.005884 0.272413 -0.019282 -1.117355 1.222975 -0.171614 0.052229 -0.673861 -0.087266 -0.002797 -0.002822 -0.713318 -0.373737 -0.095983 -0.723007 1.605700 0.018287 -0.000552 0.648059 0.154967 0.018451 -0.401662 -1.605700 0.011579 -0.000605 
0.145194 0.136555 -0.149755 6.235051 0.053874 6.234725 0.261096 0.036784 0.215212 0.716936 -0.992680 -0.005713 0.272513 -0.019307 -1.117349 1.223037 -0.171655 0.052242 -0.673867 -0.087266 -0.002802 -0.002822 -0.712789 -0.373733 -0.095983 -0.723007 1.605700 0.018287 -0.000552 0.648035 0.154967 0.018451 -0.401712 -1.605700 0.011579 -0.000605 
0.145236 0.136578 -0.149722 6.235047 0.053948 6.234690 0.261088 0.036783 0.215207 0.716936 -0.992829 -0.005496 0.272589 -0.019378 -1.117334 1.223108 -0.171750 0.052285 -0.673867 -0.087266 -0.002802 -0.002822 -0.712782 -0.373718 -0.095983 -0.723008 1.605700 0.018287 -0.000552 0.648038 0.154967 0.018451 -0.401712 -1.605700 0.011579 -0.000605 
0.145278 0.136603 -0.149688 6.235044 0.054025 6.234641 0.261087 0.036746 0.215207 0.716936 -0.992871 -0.005328 0.272589 -0.019378 -1.117333 1.223108 -0.171772 0.052282 -0.673867 -0.087266 -0.002805 -0.002822 -0.712782 -0.373716 -0.095983 -0.723011 1.605700 0.018287 -0.000552 0.648039 0.154967 0.018451 -0.401712 -1.605700 0.011579 -0.000605 
0.145320 0.136620 -0.149657 6.235043 0.054087 6.234589 0.261084 0.036741 0.215218 0.716936 -0.992897 -0.005199 0.272791 -0.019466 -1.117340 1.223128 -0.171791 0.052134 -0.673863 -0.087266 -0.002821 -0.002822 -0.712777 -0.373708 -0.095983 -0.723027 1.605700 0.018287 -0.000552 0.648047 0.154967 0.018451 -0.401712 -1.605700 0.011579 -0.000605 
0.145361 0.136630 -0.149629 6.235042 0.054164 6.234567 0.261084 0.036723 0.215218 0.716936 -0.992926 -0.005105 0.272791 -0.019466 -1.117339 1.223128 -0.171821 0.052131 -0.673863 -0.087266 -0.002840 -0.002822 -0.712777 -0.373706 -0.095983 -0.723028 1.605700 0.018287 -0.000552 0.648047 0.154967 0.018451 -0.401712 -1.605700 0.011579 -0.000605 
0.145405 0.136634 -0.149601 6.235029 0.054224 6.234550 0.261013 0.036770 0.215163 0.716938 -0.993113 -0.004862 0.272838 -0.019520 -1.117225 1.223173 -0.172393 0.052352 -0.673853 -0.087266 -0.002861 -0.002822 -0.712775 -0.373698 -0.095983 -0.723043 1.605700 0.018287 -0.000552 0.648050 0.154966 0.018451 -0.401712 -1.605700 0.011583 -0.000605 
0.145446 0.136640 -0.149576 6.235030 0.054294 6.234541 0.261013 0.036759 0.215166 0.716938 -0.993113 -0.004823 0.272839 -0.019520 -1.117225 1.223178 -0.172394 0.052328 -0.673853 -0.087266 -0.002881 -0.002822 -0.712775 -0.373696 -0.095983 -0.723043 1.605700 0.018287 -0.000552 0.648050 0.154966 0.018451 -0.401712 -1.605700 0.011583 -0.000605 
0.145483 0.136645 -0.149554 6.235030 0.054358 6.234533 0.261013 0.036752 0.215168 0.716938 -0.993113 -0.004800 0.272840 -0.019521 -1.117225 1.223182 -0.172394 0.052308 -0.673852 -0.087266 -0.002901 -0.002822 -0.712775 -0.373696 -0.095983 -0.723044 1.605700 0.018287 -0.000552 0.648050 0.154966 0.018451 -0.401712 -1.605700 0.011583 -0.000605 
0.145518 0.136646 -0.149533 6.235031 0.054419 6.234531 0.261013 0.036744 0.215170 0.716938 -0.993113 -0.004772 0.272843 -0.019521 -1.117225 1.223188 -0.172389 0.052288 -0.673852 -0.087266 -0.002922 -0.002822 -0.712775 -0.373695 -0.095983 -0.723044 1.605700 0.018287 -0.000552 0.648051 0.154966 0.018451 -0.401712 -1.605700 0.011583 -0.000605 
0.145552 0.136644 -0.149514 6.235036 0.054482 6.234542 0.260989 0.036735 0.215142 0.716944 -0.993159 -0.004734 0.272963 -0.019529 -1.117137 1.223241 -0.172992 0.051620 -0.673842 -0.087266 -0.002943 -0.002822 -0.712775 -0.373691 -0.095983 -0.723071 1.605700 0.018292 -0.000552 0.648048 0.154966 0.018453 -0.401721 -1.605700 0.011596 -0.000605 
0.145609 0.136627 -0.149502 6.235038 0.054551 6.234586 0.260989 0.036726 0.215180 0.716944 -0.993159 -0.004733 0.272968 -0.019537 -1.117137 1.223296 -0.172992 0.051612 -0.673842 -0.087266 -0.002962 -0.002822 -0.712775 -0.373690 -0.095983 -0.723083 1.605700 0.018292 -0.000552 0.648048 0.154966 0.018453 -0.401721 -1.605700 0.011596 -0.000605 
0.145667 0.136609 -0.149491 6.235042 0.054608 6.234633 0.260903 0.036650 0.215203 0.716944 -0.993327 -0.004720 0.273019 -0.019581 -1.117117 1.223390 -0.172968 0.051649 -0.673841 -0.087266 -0.002982 -0.002822 -0.712775 -0.373689 -0.095984 -0.723113 1.605700 0.018292 -0.000552 0.648048 0.154966 0.018453 -0.401721 -1.605700 0.011596 -0.000605 
0.145716 0.136585 -0.149480 6.235046 0.054663 6.234681 0.260862 0.036605 0.215220 0.716945 -0.993386 -0.004676 0.273113 -0.019638 -1.117101 1.223459 -0.173005 0.051622 -0.673841 -0.087266 -0.003003 -0.002822 -0.712774 -0.373688 -0.095984 -0.723142 1.605700 0.018292 -0.000552 0.648050 0.154966 0.018453 -0.401721 -1.605700 0.011597 -0.000605 
0.145753 0.136565 -0.149470 6.235047 0.054718 6.234724 0.260861 0.036597 0.215234 0.716945 -0.993386 -0.004675 0.273116 -0.019645 -1.117101 1.223480 -0.173005 0.051614 -0.673841 -0.087266 -0.003022 -0.002822 -0.712774 -0.373687 -0.095984 -0.723162 1.605700 0.018292 -0.000552 0.648050 0.154966 0.018453 -0.401721 -1.605700 0.011597 -0.000605 
0.145781 0.136549 -0.149459 6.235047 0.054765 6.234759 0.260861 0.036590 0.215240 0.716945 -0.993386 -0.004675 0.273119 -0.019652 -1.117101 1.223490 -0.173005 0.051612 -0.673841 -0.087266 -0.003041 -0.002822 -0.712774 -0.373687 -0.095984 -0.723187 1.605700 0.018292 -0.000552 0.648050 0.154966 0.018453 -0.401721 -1.605700 0.011597 -0.000605 
0.145807 0.136532 -0.149449 6.235048 0.054809 6.234791 0.260861 0.036587 0.215244 0.716945 -0.993386 -0.004674 0.273122 -0.019655 -1.117101 1.223498 -0.173005 0.051610 -0.673841 -0.087266 -0.003061 -0.002822 -0.712774 -0.373687 -0.095984 -0.723244 1.605700 0.018292 -0.000552 0.648050 0.154966 0.018453 -0.401721 -1.605700 0.011599 -0.000605 
0.145835 0.136511 -0.149441 6.235049 0.054849 6.234827 0.260859 0.036588 0.215255 0.716945 -0.993386 -0.004674 0.273252 -0.019725 -1.117104 1.223519 -0.173009 0.051570 -0.673837 -0.087266 -0.003081 -0.002822 -0.712774 -0.373686 -0.095984 -0.723325 1.605700 0.018292 -0.000552 0.648053 0.154966 0.018453 -0.401721 -1.605700 0.011607 -0.000605 
0.145858 0.136494 -0.149432 6.235051 0.054888 6.234858 0.260799 0.036533 0.215247 0.716945 -0.993485 -0.004656 0.273277 -0.019751 -1.117092 1.223556 -0.173050 0.051588 -0.673837 -0.087266 -0.003100 -0.002822 -0.712774 -0.373686 -0.095984 -0.723397 1.605700 0.018292 -0.000552 0.648053 0.154966 0.018453 -0.401721 -1.605700 0.011616 -0.000605 
0.145878 0.136481 -0.149425 6.235051 0.054920 6.234886 0.260799 0.036528 0.215251 0.716945 -0.993485 -0.004656 0.273279 -0.019756 -1.117092 1.223563 -0.173050 0.051586 -0.673837 -0.087266 -0.003118 -0.002822 -0.712774 -0.373686 -0.095984 -0.723475 1.605700 0.018292 -0.000552 0.648053 0.154966 0.018453 -0.401721 -1.605700 0.011638 -0.000605 
0.145896 0.136465 -0.149419 6.235052 0.054952 6.234916 0.260799 0.036526 0.215252 0.716945 -0.993485 -0.004656 0.273281 -0.019758 -1.117092 1.223566 -0.173050 0.051585 -0.673837 -0.087266 -0.003137 -0.002822 -0.712774 -0.373686 -0.095984 -0.723553 1.605700 0.018292 -0.000552 0.648053 0.154966 0.018453 -0.401721 -1.605700 0.011671 -0.000605 
0.145912 0.136450 -0.149413 6.235052 0.054982 6.234942 0.260798 0.036524 0.215252 0.716945 -0.993485 -0.004656 0.273283 -0.019761 -1.117092 1.223567 -0.173050 0.051584 -0.673836 -0.087266 -0.003156 -0.002822 -0.712774 -0.373686 -0.095984 -0.723620 1.605700 0.018292 -0.000552 0.648053 0.154966 0.018453 -0.401721 -1.605700 0.011712 -0.000605 
0.145927 0.136437 -0.149408 6.235053 0.055008 6.234966 0.260798 0.036523 0.215253 0.716945 -0.993485 -0.004656 0.273285 -0.019762 -1.117092 1.223570 -0.173050 0.051581 -0.673836 -0.087266 -0.003174 -0.002822 -0.712774 -0.373686 -0.095984 -0.723688 1.605700 0.018292 -0.000552 0.648053 0.154966 0.018453 -0.401721 -1.605700 0.011758 -0.000605 
0.145940 0.136425 -0.149403 6.235055 0.055034 6.234988 0.260798 0.036521 0.215253 0.716945 -0.993485 -0.004656 0.273286 -0.019764 -1.117092 1.223571 -0.173050 0.051580 -0.673836 -0.087266 -0.003192 -0.002822 -0.712774 -0.373686 -0.095984 -0.723759 1.605700 0.018292 -0.000552 0.648053 0.154966 0.018453 -0.401721 -1.605700 0.011805 -0.000605 
0.145953 0.136415 -0.149399 6.235054 0.055055 6.235008 0.260798 0.036519 0.215254 0.716945 -0.993485 -0.004656 0.273288 -0.019766 -1.117092 1.223574 -0.173050 0.051578 -0.673835 -0.087266 -0.003210 -0.002822 -0.712774 -0.373686 -0.095984 -0.723827 1.605700 0.018292 -0.000552 0.648053 0.154966 0.018453 -0.401721 -1.605700 0.011851 -0.000605 
0.145965 0.136404 -0.149394 6.235055 0.055072 6.235029 0.260732 0.036462 0.215246 0.716945 -0.993573 -0.004623 0.273315 -0.019793 -1.117078 1.223612 -0.173093 0.051594 -0.673835 -0.087266 -0.003228 -0.002822 -0.712774 -0.373686 -0.095984 -0.723901 1.605700 0.018292 -0.000552 0.648053 0.154966 0.018453 -0.401721 -1.605700 0.011898 -0.000605 
0.145977 0.136391 -0.149391 6.235057 0.055093 6.235052 0.260721 0.036454 0.215247 0.716945 -0.993575 -0.004618 0.273338 -0.019820 -1.117068 1.223649 -0.173137 0.051609 -0.673834 -0.087266 -0.003246 -0.002822 -0.712774 -0.373686 -0.095984 -0.723974 1.605700 0.018292 -0.000552 0.648053 0.154966 0.018453 -0.401721 -1.605700 0.011942 -0.000605 
0.145986 0.136381 -0.149388 6.235058 0.055110 6.235071 0.260721 0.036453 0.215247 0.716945 -0.993575 -0.004618 0.273339 -0.019821 -1.117068 1.223650 -0.173136 0.051606 -0.673833 -0.087266 -0.003264 -0.002822 -0.712774 -0.373686 -0.095984 -0.724038 1.605700 0.018292 -0.000552 0.648053 0.154966 0.018453 -0.401721 -1.605700 0.011986 -0.000605 
0.145994 0.136371 -0.149385 6.235059 0.055125 6.235090 0.260720 0.036451 0.215247 0.716945 -0.993575 -0.004618 0.273340 -0.019823 -1.117068 1.223651 -0.173136 0.051603 -0.673833 -0.087266 -0.003281 -0.002822 -0.712774 -0.373686 -0.095984 -0.724105 1.605700 0.018292 -0.000552 0.648053 0.154966 0.018453 -0.401721 -1.605700 0.012028 -0.000605 
0.146001 0.136364 -0.149383 6.235059 0.055139 6.235104 0.260720 0.036449 0.215247 0.716945 -0.993575 -0.004618 0.273342 -0.019826 -1.117067 1.223652 -0.173136 0.051603 -0.673832 -0.087266 -0.003299 -0.002822 -0.712774 -0.373686 -0.095984 -0.724167 1.605700 0.018292 -0.000552 0.648053 0.154966 0.018453 -0.401721 -1.605700 0.012073 -0.000605 
0.146011 0.136350 -0.149380 6.235052 0.055142 6.235113 0.260712 0.036461 0.215252 0.716945 -0.993571 -0.004618 0.273628 -0.019971 -1.117069 1.223709 -0.173162 0.051351 -0.673801 -0.087266 -0.003318 -0.002822 -0.712768 -0.373681 -0.095984 -0.724267 1.605700 0.018328 -0.000552 0.648062 0.154966 0.018463 -0.401721 -1.605700 0.012126 -0.000605 
0.146026 0.136334 -0.149378 6.235055 0.055168 6.235146 0.260676 0.036424 0.215249 0.716945 -0.993606 -0.004585 0.273644 -0.019998 -1.117056 1.223746 -0.173204 0.051366 -0.673756 -0.087266 -0.003333 -0.002822 -0.712768 -0.373681 -0.095984 -0.724371 1.605700 0.018340 -0.000552 0.648062 0.154966 0.018465 -0.401721 -1.605700 0.012163 -0.000605 
0.146039 0.136318 -0.149375 6.235058 0.055189 6.235178 0.260654 0.036400 0.215245 0.716945 -0.993626 -0.004567 0.273661 -0.020024 -1.117038 1.223780 -0.173249 0.051383 -0.673724 -0.087266 -0.003350 -0.002822 -0.712768 -0.373681 -0.095984 -0.724417 1.605700 0.018367 -0.000552 0.648062 0.154966 0.018468 -0.401721 -1.605700 0.012206 -0.000605 
0.146048 0.136306 -0.149373 6.235060 0.055203 6.235201 0.260621 0.036367 0.215240 0.716945 -0.993662 -0.004540 0.273676 -0.020047 -1.117024 1.223815 -0.173294 0.051399 -0.673708 -0.087266 -0.003367 -0.002822 -0.712768 -0.373681 -0.095984 -0.724451 1.605700 0.018413 -0.000552 0.648062 0.154966 0.018473 -0.401721 -1.605700 0.012243 -0.000605 
0.146056 0.136295 -0.149372 6.235061 0.055218 6.235222 0.260620 0.036366 0.215240 0.716945 -0.993662 -0.004540 0.273677 -0.020049 -1.117024 1.223816 -0.173294 0.051399 -0.673691 -0.087266 -0.003383 -0.002822 -0.712768 -0.373681 -0.095984 -0.724499 1.605700 0.018450 -0.000552 0.648062 0.154966 0.018477 -0.401721 -1.605700 0.012278 -0.000605 
0.146062 0.136285 -0.149370 6.235061 0.055228 6.235240 0.260601 0.036352 0.215237 0.716945 -0.993681 -0.004535 0.273693 -0.020071 -1.117010 1.223850 -0.173337 0.051418 -0.673687 -0.087266 -0.003399 -0.002822 -0.712768 -0.373681 -0.095984 -0.724557 1.605700 0.018505 -0.000552 0.648062 0.154966 0.018496 -0.401721 -1.605700 0.012320 -0.000605 
0.146069 0.136275 -0.149367 6.235064 0.055235 6.235254 0.260575 0.036362 0.215231 0.716945 -0.993682 -0.004508 0.273712 -0.020089 -1.116989 1.223880 -0.173385 0.051435 -0.673679 -0.087266 -0.003417 -0.002822 -0.712766 -0.373681 -0.095984 -0.724639 1.605700 0.018558 -0.000552 0.648064 0.154966 0.018523 -0.401721 -1.605700 0.012361 -0.000605 
0.146074 0.136262 -0.149362 6.235069 0.055243 6.235273 0.260567 0.036365 0.215219 0.716945 -0.993760 -0.004537 0.273745 -0.020142 -1.116946 1.223964 -0.173511 0.051483 -0.673635 -0.087266 -0.003433 -0.002822 -0.712766 -0.373681 -0.095984 -0.724773 1.605700 0.018613 -0.000552 0.648068 0.154966 0.018545 -0.401721 -1.605700 0.012402 -0.000605 
0.146079 0.136254 -0.149358 6.235069 0.055242 6.235286 0.260518 0.036383 0.215210 0.716946 -0.993780 -0.004466 0.273765 -0.020160 -1.116916 1.223988 -0.173558 0.051499 -0.673595 -0.087266 -0.003450 -0.002822 -0.712764 -0.373681 -0.095984 -0.724855 1.605700 0.018654 -0.000552 0.648070 0.154966 0.018567 -0.401721 -1.605700 0.012442 -0.000605 
0.146080 0.136249 -0.149359 6.235069 0.055245 6.235296 0.260515 0.036382 0.215210 0.716946 -0.993780 -0.004466 0.273766 -0.020161 -1.116915 1.223988 -0.173558 0.051499 -0.673580 -0.087266 -0.003464 -0.002822 -0.712764 -0.373681 -0.095984 -0.724889 1.605700 0.018693 -0.000552 0.648070 0.154966 0.018575 -0.401721 -1.605700 0.012470 -0.000605 
0.146082 0.136243 -0.149359 6.235070 0.055247 6.235305 0.260512 0.036382 0.215210 0.716946 -0.993780 -0.004466 0.273766 -0.020161 -1.116914 1.223987 -0.173558 0.051501 -0.673579 -0.087266 -0.003480 -0.002822 -0.712764 -0.373681 -0.095984 -0.724904 1.605700 0.018745 -0.000552 0.648070 0.154966 0.018593 -0.401721 -1.605700 0.012507 -0.000605 
0.146086 0.136231 -0.149357 6.235067 0.055250 6.235311 0.260481 0.036387 0.215207 0.716946 -0.993774 -0.004472 0.273968 -0.020263 -1.116910 1.224041 -0.173603 0.051378 -0.673547 -0.087266 -0.003498 -0.002822 -0.712759 -0.373677 -0.095984 -0.724988 1.605700 0.018808 -0.000552 0.648077 0.154966 0.018625 -0.401721 -1.605700 0.012549 -0.000605 
0.146093 0.136219 -0.149356 6.235063 0.055253 6.235329 0.260467 0.036388 0.215210 0.716946 -0.993781 -0.004472 0.274065 -0.020306 -1.116902 1.224046 -0.173537 0.051437 -0.673495 -0.087266 -0.003512 -0.002822 -0.712759 -0.373677 -0.095984 -0.725074 1.605700 0.018847 -0.000552 0.648081 0.154966 0.018636 -0.401721 -1.605700 0.012581 -0.000605 
0.146095 0.136213 -0.149357 6.235064 0.055256 6.235338 0.260460 0.036387 0.215210 0.716946 -0.993781 -0.004472 0.274065 -0.020306 -1.116900 1.224045 -0.173537 0.051439 -0.673476 -0.087266 -0.003526 -0.002822 -0.712759 -0.373677 -0.095984 -0.725101 1.605700 0.018877 -0.000552 0.648081 0.154966 0.018648 -0.401721 -1.605700 0.012609 -0.000605 
0.146096 0.136207 -0.149357 6.235065 0.055259 6.235349 0.260454 0.036386 0.215210 0.716946 -0.993781 -0.004472 0.274065 -0.020306 -1.116897 1.224041 -0.173538 0.051442 -0.673476 -0.087266 -0.003542 -0.002821 -0.712759 -0.373677 -0.095984 -0.725133 1.605700 0.018927 -0.000552 0.648081 0.154966 0.018669 -0.401721 -1.605700 0.012646 -0.000605 
0.146096 0.136198 -0.149355 6.235070 0.055260 6.235354 0.260286 0.036326 0.215108 0.716798 -0.992595 -0.004461 0.274081 -0.020343 -1.116858 1.224134 -0.173674 0.050158 -0.673476 -0.087266 -0.003560 -0.002821 -0.712758 -0.373677 -0.095984 -0.725171 1.605700 0.018972 -0.000552 0.648081 0.154966 0.018708 -0.401721 -1.605700 0.012692 -0.000605 
0.146125 0.136169 -0.149323 6.234936 0.055230 6.235354 0.260238 0.036333 0.214876 0.716814 -0.992945 -0.004395 0.274328 -0.020459 -1.116280 1.223875 -0.175445 0.052077 -0.673402 -0.087266 -0.003586 -0.002821 -0.712757 -0.373665 -0.095984 -0.725411 1.605700 0.019088 -0.000552 0.648168 0.154967 0.018794 -0.401725 -1.605700 0.012789 -0.000605 
0.146159 0.136161 -0.149308 6.234812 0.055229 6.235364 0.260214 0.036299 0.214860 0.716817 -0.992970 -0.004391 0.274410 -0.020484 -1.116142 1.223818 -0.175054 0.052560 -0.673369 -0.087266 -0.003601 -0.002821 -0.712757 -0.373659 -0.095984 -0.725541 1.605700 0.019187 -0.000552 0.648191 0.154966 0.018826 -0.401725 -1.605700 0.012848 -0.000605 
0.146170 0.136165 -0.149294 6.234795 0.055238 6.235361 0.260214 0.036288 0.214861 0.716817 -0.992941 -0.004391 0.274431 -0.020486 -1.116142 1.223823 -0.175008 0.052540 -0.673369 -0.087266 -0.003611 -0.002821 -0.712757 -0.373659 -0.095984 -0.725541 1.605700 0.019215 -0.000552 0.648191 0.154966 0.018826 -0.401725 -1.605700 0.012858 -0.000605 
0.146179 0.136177 -0.149280 6.234789 0.055242 6.235345 0.260214 0.036284 0.214862 0.716817 -0.992897 -0.004391 0.274439 -0.020487 -1.116142 1.223826 -0.174957 0.052522 -0.673369 -0.087266 -0.003623 -0.002821 -0.712757 -0.373659 -0.095984 -0.725542 1.605700 0.019234 -0.000552 0.648191 0.154966 0.018827 -0.401725 -1.605700 0.012869 -0.000605 
0.146187 0.136192 -0.149265 6.234784 0.055246 6.235326 0.260214 0.036280 0.214860 0.716817 -0.992853 -0.004396 0.274454 -0.020507 -1.116129 1.223869 -0.174963 0.052521 -0.673369 -0.087266 -0.003638 -0.002821 -0.712757 -0.373659 -0.095984 -0.725545 1.605700 0.019260 -0.000552 0.648193 0.154966 0.018841 -0.401725 -1.605700 0.012887 -0.000605 
0.146199 0.136202 -0.149253 6.234777 0.055254 6.235310 0.260214 0.036277 0.214860 0.716817 -0.992803 -0.004396 0.274463 -0.020508 -1.116128 1.223881 -0.174944 0.052516 -0.673369 -0.087266 -0.003650 -0.002821 -0.712757 -0.373659 -0.095984 -0.725555 1.605700 0.019282 -0.000552 0.648193 0.154966 0.018848 -0.401725 -1.605700 0.012912 -0.000605 
0.146209 0.136211 -0.149242 6.234771 0.055261 6.235296 0.260214 0.036275 0.214860 0.716817 -0.992759 -0.004396 0.274484 -0.020515 -1.116128 1.223897 -0.174848 0.052536 -0.673369 -0.087266 -0.003666 -0.002821 -0.712757 -0.373659 -0.095984 -0.725559 1.605700 0.019326 -0.000552 0.648193 0.154966 0.018854 -0.401725 -1.605700 0.012935 -0.000605 
0.146221 0.136224 -0.149232 6.234764 0.055259 6.235275 0.260194 0.036277 0.214842 0.716817 -0.992747 -0.004396 0.274490 -0.020517 -1.116056 1.223909 -0.174769 0.053492 -0.673368 -0.087266 -0.003678 -0.002821 -0.712757 -0.373659 -0.095984 -0.725573 1.605700 0.019354 -0.000552 0.648196 0.154964 0.018869 -0.401725 -1.605700 0.012960 -0.000605 
0.146218 0.136234 -0.149213 6.234697 0.055267 6.235252 0.260189 0.036250 0.214771 0.716853 -0.992701 -0.004394 0.274557 -0.020573 -1.115657 1.223630 -0.176793 0.053335 -0.673361 -0.087266 -0.003699 -0.002821 -0.712758 -0.373658 -0.095984 -0.725684 1.605700 0.019410 -0.000552 0.648208 0.154975 0.018934 -0.401760 -1.605700 0.013024 -0.000605 
0.146241 0.136244 -0.149200 6.234529 0.055235 6.235248 0.260176 0.036160 0.214682 0.716857 -0.992156 -0.003760 0.274750 -0.020581 -1.115581 1.223685 -0.176577 0.053263 -0.673360 -0.087266 -0.003718 -0.002821 -0.712764 -0.373651 -0.095984 -0.725764 1.605700 0.019503 -0.000552 0.648222 0.154973 0.018960 -0.401760 -1.605700 0.013067 -0.000605 
0.146263 0.136253 -0.149187 6.234357 0.055218 6.235235 0.260176 0.036102 0.214684 0.716857 -0.992152 -0.003760 0.275031 -0.020619 -1.115580 1.223747 -0.176395 0.053246 -0.673362 -0.087266 -0.003731 -0.002821 -0.712764 -0.373646 -0.095984 -0.725819 1.605700 0.019577 -0.000552 0.648232 0.154973 0.018970 -0.401760 -1.605700 0.013094 -0.000605 
0.146275 0.136268 -0.149174 6.234236 0.055203 6.235220 0.260176 0.036050 0.214684 0.716857 -0.992145 -0.003760 0.275161 -0.020619 -1.115580 1.223780 -0.176279 0.053189 -0.673362 -0.087266 -0.003743 -0.002821 -0.712764 -0.373646 -0.095984 -0.725825 1.605700 0.019617 -0.000552 0.648232 0.154973 0.018979 -0.401760 -1.605700 0.013116 -0.000605 
0.146280 0.136286 -0.149160 6.234174 0.055188 6.235195 0.260176 0.036024 0.214685 0.716857 -0.992116 -0.003760 0.275230 -0.020619 -1.115579 1.223784 -0.176149 0.053150 -0.673362 -0.087266 -0.003755 -0.002821 -0.712764 -0.373646 -0.095984 -0.725829 1.605700 0.019646 -0.000552 0.648232 0.154973 0.018989 -0.401760 -1.605700 0.013138 -0.000605 
0.146287 0.136310 -0.149146 6.234121 0.055172 6.235166 0.260091 0.036073 0.214568 0.716818 -0.991461 -0.004429 0.275298 -0.020642 -1.115558 1.223829 -0.176095 0.053129 -0.673380 -0.087266 -0.003775 -0.002821 -0.712777 -0.373644 -0.095984 -0.725881 1.605700 0.019725 -0.000552 0.648241 0.154972 0.019028 -0.401760 -1.605700 0.013183 -0.000605 
0.146305 0.136318 -0.149130 6.234109 0.055191 6.235158 0.260091 0.036064 0.214575 0.716818 -0.991446 -0.004429 0.275315 -0.020642 -1.115558 1.223829 -0.176016 0.053089 -0.673382 -0.087266 -0.003782 -0.002821 -0.712777 -0.373644 -0.095984 -0.725962 1.605700 0.019760 -0.000552 0.648241 0.154972 0.019050 -0.401760 -1.605700 0.013219 -0.000605 
0.146330 0.136317 -0.149114 6.234101 0.055226 6.235170 0.260091 0.036052 0.214578 0.716818 -0.991418 -0.004429 0.275328 -0.020642 -1.115558 1.223832 -0.175960 0.053032 -0.673382 -0.087266 -0.003793 -0.002821 -0.712777 -0.373644 -0.095984 -0.725991 1.605700 0.019770 -0.000552 0.648241 0.154972 0.019053 -0.401760 -1.605700 0.013229 -0.000605 
0.146357 0.136311 -0.149099 6.234075 0.055262 6.235190 0.260076 0.035983 0.214457 0.716759 -0.990597 -0.003497 0.275363 -0.020655 -1.115538 1.223879 -0.175970 0.052978 -0.673382 -0.087266 -0.003808 -0.002821 -0.712790 -0.373639 -0.095984 -0.726032 1.605700 0.019786 -0.000552 0.648251 0.154972 0.019062 -0.401764 -1.605700 0.013244 -0.000605 
0.146388 0.136316 -0.149076 6.233921 0.055267 6.235172 0.260072 0.035937 0.214449 0.716759 -0.990597 -0.003462 0.275681 -0.020742 -1.115475 1.223957 -0.175855 0.053054 -0.673388 -0.087266 -0.003826 -0.002821 -0.712790 -0.373634 -0.095984 -0.726111 1.605700 0.019837 -0.000552 0.648262 0.154972 0.019083 -0.401767 -1.605700 0.013272 -0.000605 
0.146409 0.136337 -0.149050 6.233833 0.055264 6.235140 0.260066 0.035929 0.214433 0.716759 -0.990588 -0.003456 0.275769 -0.020747 -1.115400 1.223977 -0.175899 0.053055 -0.673389 -0.087266 -0.003838 -0.002821 -0.712791 -0.373634 -0.095984 -0.726226 1.605700 0.019888 -0.000552 0.648264 0.154972 0.019120 -0.401771 -1.605700 0.013322 -0.000605 
0.146422 0.136357 -0.149036 6.233787 0.055268 6.235097 0.260062 0.035920 0.214435 0.716759 -0.990587 -0.003457 0.275911 -0.020785 -1.115393 1.223993 -0.175787 0.053087 -0.673390 -0.087266 -0.003850 -0.002821 -0.712791 -0.373631 -0.095984 -0.726266 1.605700 0.019925 -0.000552 0.648273 0.154972 0.019126 -0.401773 -1.605700 0.013342 -0.000605 
0.146428 0.136382 -0.149023 6.233774 0.055273 6.235053 0.260062 0.035916 0.214435 0.716759 -0.990587 -0.003457 0.275923 -0.020785 -1.115392 1.223996 -0.175773 0.053081 -0.673390 -0.087266 -0.003858 -0.002821 -0.712791 -0.373631 -0.095984 -0.726268 1.605700 0.019930 -0.000552 0.648273 0.154972 0.019129 -0.401773 -1.605700 0.013349 -0.000605 
0.146437 0.136405 -0.149006 6.233758 0.055270 6.235013 0.260035 0.035941 0.214415 0.716759 -0.990601 -0.003425 0.275942 -0.020795 -1.115348 1.224021 -0.175815 0.053083 -0.673393 -0.087266 -0.003871 -0.002821 -0.712791 -0.373631 -0.095984 -0.726303 1.605700 0.019950 -0.000552 0.648278 0.154972 0.019154 -0.401775 -1.605700 0.013376 -0.000605 
0.146443 0.136429 -0.148993 6.233736 0.055269 6.234969 0.260035 0.035938 0.214407 0.716759 -0.990601 -0.003434 0.275963 -0.020803 -1.115324 1.224060 -0.175854 0.053081 -0.673393 -0.087266 -0.003883 -0.002821 -0.712791 -0.373631 -0.095984 -0.726378 1.605700 0.019965 -0.000552 0.648279 0.154972 0.019173 -0.401775 -1.605700 0.013403 -0.000605 
0.146446 0.136451 -0.148982 6.233722 0.055266 6.234929 0.260032 0.035939 0.214396 0.716759 -0.990599 -0.003428 0.275979 -0.020814 -1.115302 1.224097 -0.175892 0.053085 -0.673395 -0.087266 -0.003896 -0.002821 -0.712792 -0.373631 -0.095984 -0.726447 1.605700 0.019989 -0.000552 0.648281 0.154972 0.019183 -0.401775 -1.605700 0.013425 -0.000605 
0.146448 0.136468 -0.148972 6.233712 0.055266 6.234896 0.260032 0.035936 0.214387 0.716759 -0.990599 -0.003390 0.275992 -0.020824 -1.115283 1.224134 -0.175931 0.053088 -0.673397 -0.087266 -0.003908 -0.002821 -0.712792 -0.373631 -0.095984 -0.726463 1.605700 0.020001 -0.000552 0.648282 0.154972 0.019191 -0.401776 -1.605700 0.013440 -0.000605 
0.146455 0.136484 -0.148959 6.233694 0.055261 6.234872 0.260017 0.035948 0.214380 0.716759 -0.990597 -0.003408 0.276011 -0.020824 -1.115253 1.224117 -0.175924 0.053085 -0.673397 -0.087266 -0.003920 -0.002821 -0.712792 -0.373631 -0.095984 -0.726555 1.605700 0.020029 -0.000552 0.648286 0.154972 0.019214 -0.401776 -1.605700 0.013472 -0.000605 
0.146459 0.136495 -0.148952 6.233681 0.055263 6.234853 0.260017 0.035945 0.214380 0.716759 -0.990597 -0.003409 0.276023 -0.020824 -1.115249 1.224117 -0.175919 0.053083 -0.673397 -0.087266 -0.003931 -0.002821 -0.712792 -0.373631 -0.095984 -0.726561 1.605700 0.020052 -0.000552 0.648286 0.154972 0.019220 -0.401778 -1.605700 0.013484 -0.000605 
0.146462 0.136509 -0.148946 6.233673 0.055263 6.234828 0.260017 0.035942 0.214380 0.716759 -0.990594 -0.003409 0.276034 -0.020825 -1.115247 1.224117 -0.175899 0.053082 -0.673397 -0.087266 -0.003943 -0.002821 -0.712792 -0.373631 -0.095984 -0.726564 1.605700 0.020075 -0.000552 0.648286 0.154972 0.019226 -0.401779 -1.605700 0.013498 -0.000605 
0.146464 0.136521 -0.148940 6.233665 0.055263 6.234806 0.260017 0.035940 0.214380 0.716760 -0.990593 -0.003410 0.276042 -0.020825 -1.115244 1.224117 -0.175892 0.053078 -0.673398 -0.087266 -0.003954 -0.002821 -0.712792 -0.373631 -0.095984 -0.726588 1.605700 0.020091 -0.000552 0.648286 0.154972 0.019238 -0.401780 -1.605700 0.013517 -0.000605 
0.146467 0.136533 -0.148934 6.233652 0.055261 6.234786 0.260017 0.035935 0.214380 0.716760 -0.990585 -0.003411 0.276055 -0.020825 -1.115238 1.224118 -0.175887 0.053075 -0.673398 -0.087266 -0.003967 -0.002821 -0.712792 -0.373631 -0.095984 -0.726612 1.605700 0.020119 -0.000552 0.648286 0.154972 0.019250 -0.401782 -1.605700 0.013535 -0.000605 
0.146470 0.136543 -0.148929 6.233641 0.055260 6.234769 0.260017 0.035932 0.214380 0.716760 -0.990578 -0.003411 0.276066 -0.020825 -1.115232 1.224118 -0.175885 0.053075 -0.673398 -0.087266 -0.003978 -0.002821 -0.712792 -0.373631 -0.095984 -0.726659 1.605700 0.020145 -0.000552 0.648286 0.154972 0.019270 -0.401783 -1.605700 0.013560 -0.000605 
0.146472 0.136552 -0.148924 6.233630 0.055260 6.234754 0.260017 0.035928 0.214380 0.716760 -0.990572 -0.003412 0.276077 -0.020825 -1.115227 1.224118 -0.175883 0.053071 -0.673398 -0.087266 -0.003990 -0.002821 -0.712792 -0.373631 -0.095985 -0.726704 1.605700 0.020176 -0.000552 0.648286 0.154972 0.019284 -0.401788 -1.605700 0.013579 -0.000605 
0.146475 0.136562 -0.148919 6.233617 0.055257 6.234736 0.260017 0.035924 0.214380 0.716760 -0.990561 -0.003412 0.276090 -0.020825 -1.115219 1.224118 -0.175881 0.053070 -0.673398 -0.087266 -0.004002 -0.002821 -0.712792 -0.373631 -0.095985 -0.726750 1.605700 0.020213 -0.000552 0.648286 0.154972 0.019301 -0.401794 -1.605700 0.013602 -0.000605 
0.146479 0.136569 -0.148915 6.233611 0.055259 6.234725 0.260017 0.035923 0.214380 0.716760 -0.990552 -0.003413 0.276096 -0.020825 -1.115214 1.224118 -0.175880 0.053066 -0.673398 -0.087266 -0.004013 -0.002821 -0.712793 -0.373631 -0.095985 -0.726804 1.605700 0.020234 -0.000552 0.648286 0.154973 0.019313 -0.401801 -1.605700 0.013622 -0.000605 
0.146484 0.136579 -0.148903 6.233600 0.055254 6.234709 0.260009 0.035935 0.214364 0.716760 -0.990520 -0.003391 0.276107 -0.020834 -1.115164 1.224136 -0.175934 0.053069 -0.673398 -0.087266 -0.004025 -0.002821 -0.712798 -0.373631 -0.095985 -0.726869 1.605700 0.020270 -0.000552 0.648288 0.154973 0.019349 -0.401819 -1.605700 0.013656 -0.000605 
0.146487 0.136584 -0.148899 6.233592 0.055254 6.234699 0.260009 0.035932 0.214364 0.716760 -0.990514 -0.003391 0.276116 -0.020834 -1.115159 1.224136 -0.175934 0.053068 -0.673398 -0.087266 -0.004035 -0.002821 -0.712801 -0.373631 -0.095985 -0.726966 1.605700 0.020291 -0.000552 0.648288 0.154973 0.019358 -0.401837 -1.605700 0.013675 -0.000605 
0.146489 0.136589 -0.148897 6.233584 0.055253 6.234692 0.260009 0.035930 0.214364 0.716760 -0.990511 -0.003392 0.276124 -0.020834 -1.115154 1.224136 -0.175933 0.053067 -0.673398 -0.087266 -0.004046 -0.002821 -0.712803 -0.373631 -0.095985 -0.726987 1.605700 0.020311 -0.000552 0.648288 0.154973 0.019364 -0.401862 -1.605700 0.013688 -0.000605 
0.146492 0.136596 -0.148893 6.233576 0.055252 6.234680 0.260009 0.035927 0.214364 0.716760 -0.990496 -0.003392 0.276132 -0.020834 -1.115148 1.224136 -0.175933 0.053064 -0.673398 -0.087266 -0.004058 -0.002821 -0.712805 -0.373631 -0.095985 -0.726994 1.605700 0.020337 -0.000552 0.648288 0.154973 0.019372 -0.401894 -1.605700 0.013700 -0.000605 
0.146496 0.136588 -0.148885 6.233575 0.055245 6.234667 0.259957 0.035940 0.214357 0.716760 -0.990470 -0.003393 0.276389 -0.020969 -1.115132 1.224178 -0.175963 0.052772 -0.673419 -0.087264 -0.004072 -0.002821 -0.712854 -0.373624 -0.095985 -0.727089 1.605700 0.020391 -0.000552 0.648297 0.154973 0.019401 -0.401926 -1.605700 0.013730 -0.000605 
0.146500 0.136575 -0.148872 6.233521 0.055265 6.234660 0.259933 0.035942 0.214257 0.716774 -0.990501 -0.003396 0.276389 -0.021084 -1.114767 1.223973 -0.177291 0.054454 -0.673413 -0.087266 -0.004088 -0.002821 -0.712936 -0.373613 -0.095985 -0.727163 1.605700 0.020404 -0.000552 0.648330 0.154988 0.019454 -0.402000 -1.605700 0.013773 -0.000605 
0.146513 0.136580 -0.148858 6.233486 0.055270 6.234669 0.259933 0.035914 0.214252 0.716774 -0.990418 -0.003396 0.276445 -0.021088 -1.114748 1.223965 -0.177149 0.054379 -0.673414 -0.087266 -0.004098 -0.002821 -0.713095 -0.373613 -0.096005 -0.727253 1.605700 0.020490 -0.000552 0.648332 0.154988 0.019455 -0.402083 -1.605700 0.013795 -0.000605 
0.146541 0.136595 -0.148829 6.233483 0.055282 6.234639 0.259912 0.035933 0.214220 0.716774 -0.990213 -0.003383 0.276581 -0.021156 -1.114676 1.224019 -0.177208 0.054212 -0.673421 -0.087266 -0.004108 -0.002821 -0.713157 -0.373610 -0.096005 -0.727307 1.605700 0.020516 -0.000552 0.648341 0.154988 0.019482 -0.402105 -1.605700 0.013820 -0.000605 
0.146572 0.136616 -0.148803 6.233480 0.055296 6.234612 0.259904 0.035941 0.214201 0.716774 -0.990052 -0.003423 0.276585 -0.021162 -1.114609 1.224044 -0.177247 0.054185 -0.673421 -0.087266 -0.004116 -0.002821 -0.713231 -0.373610 -0.096005 -0.727360 1.605700 0.020533 -0.000552 0.648343 0.154988 0.019497 -0.402116 -1.605700 0.013832 -0.000605 
0.146601 0.136636 -0.148778 6.233475 0.055301 6.234587 0.259901 0.035871 0.213967 0.716574 -0.988280 -0.002605 0.276592 -0.021166 -1.114533 1.224066 -0.177294 0.054171 -0.673423 -0.087266 -0.004125 -0.002821 -0.713273 -0.373609 -0.096019 -0.727395 1.605700 0.020563 -0.000552 0.648356 0.154989 0.019508 -0.402141 -1.605700 0.013846 -0.000605 
0.146617 0.136665 -0.148764 6.233443 0.055300 6.234537 0.259888 0.035806 0.213763 0.716391 -0.986718 -0.001811 0.276619 -0.021163 -1.114455 1.224081 -0.177190 0.054152 -0.673428 -0.087266 -0.004137 -0.002821 -0.713335 -0.373608 -0.096023 -0.727420 1.605700 0.020575 -0.000552 0.648371 0.154991 0.019527 -0.402181 -1.605700 0.013868 -0.000605 
0.146641 0.136713 -0.148733 6.233418 0.055307 6.234456 0.259881 0.035804 0.213763 0.716416 -0.986724 -0.001868 0.276655 -0.021166 -1.114395 1.224051 -0.177141 0.054174 -0.673428 -0.087266 -0.004148 -0.002821 -0.713335 -0.373608 -0.096036 -0.727426 1.605700 0.020608 -0.000552 0.648372 0.154991 0.019527 -0.402218 -1.605700 0.013878 -0.000605 
0.146661 0.136766 -0.148707 6.233394 0.055330 6.234361 0.259880 0.035804 0.213763 0.716416 -0.986724 -0.001907 0.276675 -0.021167 -1.114378 1.224042 -0.177140 0.054174 -0.673428 -0.087266 -0.004154 -0.002821 -0.713349 -0.373608 -0.096036 -0.727450 1.605700 0.020610 -0.000552 0.648372 0.154991 0.019528 -0.402233 -1.605700 0.013887 -0.000605 
0.146679 0.136818 -0.148685 6.233376 0.055351 6.234267 0.259879 0.035804 0.213763 0.716416 -0.986724 -0.001933 0.276687 -0.021167 -1.114370 1.224040 -0.177140 0.054174 -0.673428 -0.087266 -0.004162 -0.002821 -0.713352 -0.373608 -0.096036 -0.727458 1.605700 0.020612 -0.000552 0.648372 0.154991 0.019528 -0.402237 -1.605700 0.013892 -0.000605 
0.146694 0.136865 -0.148665 6.233362 0.055370 6.234183 0.259879 0.035804 0.213763 0.716416 -0.986724 -0.001951 0.276697 -0.021167 -1.114362 1.224037 -0.177140 0.054175 -0.673428 -0.087266 -0.004172 -0.002821 -0.713358 -0.373608 -0.096036 -0.727474 1.605700 0.020615 -0.000552 0.648372 0.154991 0.019530 -0.402242 -1.605700 0.013900 -0.000605 
0.146707 0.136904 -0.148645 6.233348 0.055383 6.234107 0.259865 0.035807 0.213758 0.716416 -0.986724 -0.001975 0.276779 -0.021195 -1.114346 1.224029 -0.177083 0.054213 -0.673429 -0.087266 -0.004183 -0.002821 -0.713413 -0.373608 -0.096038 -0.727514 1.605700 0.020633 -0.000552 0.648375 0.154991 0.019542 -0.402264 -1.605700 0.013916 -0.000605 
0.146720 0.136938 -0.148619 6.233336 0.055386 6.234045 0.259852 0.035820 0.213728 0.716416 -0.986737 -0.001981 0.276787 -0.021201 -1.114278 1.224029 -0.177139 0.054217 -0.673430 -0.087266 -0.004192 -0.002821 -0.713484 -0.373608 -0.096041 -0.727560 1.605700 0.020651 -0.000552 0.648376 0.154991 0.019560 -0.402282 -1.605700 0.013934 -0.000605 
0.146731 0.136969 -0.148601 6.233330 0.055394 6.233993 0.259851 0.035820 0.213728 0.716416 -0.986737 -0.002000 0.276791 -0.021200 -1.114252 1.224008 -0.177139 0.054215 -0.673430 -0.087266 -0.004203 -0.002820 -0.713577 -0.373608 -0.096041 -0.727618 1.605700 0.020659 -0.000552 0.648376 0.154991 0.019573 -0.402306 -1.605700 0.013953 -0.000605 
0.146745 0.137003 -0.148568 6.233313 0.055368 6.233955 0.259776 0.035918 0.213513 0.716341 -0.985982 -0.002898 0.276753 -0.021250 -1.113995 1.223874 -0.177156 0.055044 -0.673433 -0.087266 -0.004218 -0.002820 -0.713659 -0.373608 -0.096054 -0.727666 1.605700 0.020694 -0.000552 0.648382 0.154991 0.019612 -0.402351 -1.605700 0.013991 -0.000605 
0.146753 0.137032 -0.148535 6.233308 0.055370 6.233915 0.259776 0.035901 0.213497 0.716341 -0.985982 -0.002898 0.276655 -0.021201 -1.113901 1.223816 -0.177176 0.054880 -0.673437 -0.087266 -0.004230 -0.002820 -0.713711 -0.373607 -0.096068 -0.727735 1.605700 0.020719 -0.000552 0.648390 0.154991 0.019641 -0.402399 -1.605700 0.014024 -0.000605 
0.146771 0.137058 -0.148483 6.233302 0.055355 6.233881 0.259680 0.035941 0.213253 0.716229 -0.984935 -0.003338 0.276661 -0.021228 -1.113686 1.223793 -0.177346 0.054846 -0.673441 -0.087266 -0.004239 -0.002820 -0.713761 -0.373607 -0.096115 -0.727771 1.605700 0.020771 -0.000552 0.648396 0.154991 0.019667 -0.402428 -1.605700 0.014044 -0.000605 
0.146810 0.137074 -0.148410 6.233295 0.055254 6.233883 0.259529 0.035992 0.212817 0.716090 -0.983943 -0.004192 0.276680 -0.021221 -1.113229 1.223564 -0.177323 0.054651 -0.673443 -0.087266 -0.004245 -0.002820 -0.713852 -0.373606 -0.096126 -0.727822 1.605700 0.020788 -0.000552 0.648412 0.154991 0.019685 -0.402462 -1.605699 0.014063 -0.000605 
0.146868 0.137080 -0.148309 6.233309 0.055097 6.233894 0.259529 0.035985 0.212761 0.716090 -0.984027 -0.004185 0.276680 -0.021154 -1.112702 1.223201 -0.177343 0.054585 -0.673630 -0.087266 -0.004249 -0.002820 -0.713894 -0.373606 -0.096138 -0.727867 1.605700 0.020798 -0.000552 0.648418 0.154991 0.019685 -0.402464 -1.605699 0.014063 -0.000605 
