0.139864 0.131097 -0.149884 0.204146 0.073213 6.233901 0.007660 0.062718 0.211954 0.710795 -0.993876 -0.013660 0.021224 -0.000490 -1.137657 1.167527 -0.105182 0.048229 0.083528 -0.087246 -0.000100 -0.001799 -0.768074 -0.142736 -0.018400 -0.723898 1.605700 -0.000600 -0.000078 0.825438 -0.006978 -0.000000 -0.330025 -1.605700 -0.000200 -0.000000 
0.141843 0.123612 -0.146752 0.199205 0.078095 6.256719 0.013324 0.055068 0.210677 0.702266 -0.989176 -0.023989 0.026827 -0.007482 -1.125868 1.145565 -0.098586 0.035399 0.079335 -0.077714 -0.000100 -0.001799 -0.773447 -0.149460 -0.018467 -0.725509 1.605700 -0.000600 -0.000063 0.839980 -0.006582 -0.000000 -0.326583 -1.605700 -0.000200 -0.000000 
0.143933 0.116815 -0.144020 0.195748 0.083766 6.280172 0.020259 0.047538 0.211827 0.689465 -0.983228 -0.040265 0.032260 -0.016176 -1.113397 1.119819 -0.087948 0.019533 0.076980 -0.071543 -0.000100 -0.001799 -0.772950 -0.157129 -0.019945 -0.725521 1.605700 -0.000600 -0.000063 0.848537 -0.006261 -0.000000 -0.322524 -1.605700 -0.000200 -0.000000 
0.145821 0.109415 -0.140896 0.193030 0.090841 0.018362 0.026234 0.042365 0.211028 0.675636 -0.975459 -0.054847 0.037027 -0.022371 -1.101472 1.092915 -0.082036 0.007548 0.075301 -0.065214 -0.000100 -0.001799 -0.771697 -0.162157 -0.021387 -0.725401 1.605700 -0.000600 -0.000036 0.851247 -0.005970 -0.000000 -0.321248 -1.605700 -0.000200 -0.000000 
0.147212 0.101964 -0.136824 0.188124 0.099036 0.039550 0.033659 0.036030 0.208952 0.657791 -0.962217 -0.067439 0.043590 -0.028034 -1.086298 1.058699 -0.070090 -0.008294 0.074735 -0.056959 -0.000100 -0.001799 -0.773342 -0.163015 -0.021624 -0.725393 1.605700 -0.000600 -0.000036 0.851510 -0.006455 -0.000000 -0.321676 -1.605700 -0.000200 -0.000004 
0.149225 0.094095 -0.133933 0.185072 0.106723 0.059234 0.038990 0.031917 0.207002 0.644778 -0.953263 -0.079261 0.048658 -0.031631 -1.074679 1.031908 -0.061644 -0.022584 0.071346 -0.049008 -0.000100 -0.001799 -0.776444 -0.163111 -0.021624 -0.725393 1.605700 -0.000600 -0.000036 0.856990 -0.006712 -0.000000 -0.321712 -1.605700 -0.000200 -0.000004 
0.151215 0.086596 -0.130991 0.181196 0.115196 0.079613 0.045123 0.025900 0.205110 0.630213 -0.943004 -0.090184 0.054737 -0.037219 -1.062700 1.003804 -0.052378 -0.036072 0.068922 -0.041968 -0.000100 -0.001799 -0.781525 -0.163828 -0.021643 -0.725398 1.605700 -0.000600 -0.000036 0.864963 -0.006885 -0.000000 -0.321672 -1.605700 -0.000200 -0.000004 
0.153818 0.078650 -0.128985 0.179371 0.123194 0.098547 0.049430 0.022544 0.203796 0.619078 -0.937819 -0.101553 0.059195 -0.040668 -1.053842 0.982219 -0.046205 -0.047812 0.065514 -0.035780 -0.000100 -0.001799 -0.786422 -0.166693 -0.022276 -0.726264 1.605700 -0.000600 -0.000036 0.876351 -0.006804 -0.000000 -0.320126 -1.605700 -0.000200 -0.000004 
0.156411 0.070841 -0.127035 0.177437 0.131555 0.117981 0.054102 0.018050 0.202385 0.607308 -0.930301 -0.110963 0.064164 -0.045138 -1.044234 0.959151 -0.038730 -0.059445 0.064001 -0.029226 -0.000100 -0.001799 -0.792714 -0.171738 -0.023743 -0.728477 1.605700 -0.000600 -0.000036 0.886784 -0.006828 -0.000000 -0.317859 -1.605700 -0.000200 -0.000004 
0.159462 0.062492 -0.125591 0.176566 0.139762 0.136292 0.057183 0.015570 0.201089 0.597565 -0.926891 -0.120337 0.067879 -0.047886 -1.037020 0.940835 -0.034346 -0.068374 0.062822 -0.023838 -0.000100 -0.001799 -0.797860 -0.177105 -0.025452 -0.731031 1.605700 -0.000600 -0.000036 0.897195 -0.006795 -0.000000 -0.313607 -1.605700 -0.000200 -0.000004 
0.162540 0.053981 -0.124083 0.174951 0.148273 0.155004 0.059891 0.012238 0.199598 0.587049 -0.922663 -0.128845 0.072682 -0.051049 -1.028755 0.920936 -0.029431 -0.076964 0.062779 -0.018218 -0.000100 -0.001799 -0.804070 -0.180886 -0.026597 -0.733792 1.605700 -0.000600 -0.000036 0.905828 -0.007006 -0.000000 -0.310409 -1.605700 -0.000200 -0.000004 
0.166078 0.044901 -0.123170 0.174294 0.156453 0.173168 0.062150 0.010653 0.198340 0.578760 -0.920669 -0.136179 0.076730 -0.052793 -1.022321 0.905238 -0.026615 -0.083759 0.061902 -0.014007 -0.000100 -0.001799 -0.808674 -0.182834 -0.027151 -0.736719 1.605700 -0.000600 -0.000036 0.913989 -0.007123 -0.000000 -0.306528 -1.605700 -0.000200 -0.000004 
0.169775 0.035738 -0.122280 0.173808 0.164593 0.192417 0.065241 0.008428 0.197430 0.570458 -0.916928 -0.144612 0.080853 -0.055557 -1.014697 0.888236 -0.023465 -0.090184 0.061375 -0.010045 -0.000100 -0.001799 -0.812992 -0.184013 -0.027451 -0.739466 1.605700 -0.000600 -0.000036 0.919691 -0.007298 0.000009 -0.304182 -1.605700 -0.000200 -0.000004 
0.174000 0.026099 -0.121904 0.174301 0.172390 0.211548 0.067250 0.007174 0.196586 0.564530 -0.915124 -0.151138 0.083421 -0.056717 -1.008379 0.874771 -0.022545 -0.095209 0.060321 -0.007516 -0.000100 -0.001799 -0.815360 -0.184959 -0.027688 -0.741452 1.605700 -0.000600 -0.000036 0.924571 -0.007419 0.000011 -0.302061 -1.605700 -0.000200 -0.000004 
0.178501 0.016323 -0.121623 0.174210 0.180416 0.231576 0.070062 0.005205 0.195909 0.558675 -0.912290 -0.157983 0.085726 -0.057826 -1.001460 0.861059 -0.021647 -0.099933 0.060156 -0.004871 -0.000100 -0.001799 -0.817943 -0.186107 -0.027957 -0.743013 1.605700 -0.000586 -0.000036 0.927305 -0.007882 0.000011 -0.301282 -1.605700 -0.000200 -0.000004 
0.183590 0.006375 -0.121769 0.173084 0.188572 0.252172 0.072246 0.002478 0.195390 0.554162 -0.910091 -0.164053 0.087465 -0.057521 -0.996075 0.851050 -0.020915 -0.103623 0.060056 -0.002836 -0.000100 -0.001799 -0.820266 -0.186605 -0.028081 -0.744257 1.605700 -0.000572 -0.000036 0.929910 -0.009214 0.000019 -0.300618 -1.605700 -0.000200 -0.000004 
0.188990 -0.004004 -0.122085 0.171079 0.197439 0.273225 0.074879 -0.000310 0.194776 0.549196 -0.907083 -0.170324 0.090603 -0.057320 -0.990967 0.841736 -0.019041 -0.108659 0.059752 -0.000065 -0.000100 -0.001799 -0.823204 -0.187061 -0.028224 -0.745993 1.605700 -0.000540 -0.000036 0.931572 -0.010968 0.000044 -0.300499 -1.605700 -0.000200 -0.000004 
0.194954 -0.014955 -0.122835 0.169805 0.206330 0.294789 0.076621 -0.002654 0.194355 0.545495 -0.904595 -0.175106 0.093946 -0.056349 -0.986917 0.834656 -0.016110 -0.113990 0.058446 0.002501 -0.000100 -0.001799 -0.825224 -0.188653 -0.028614 -0.747567 1.605700 -0.000296 -0.000036 0.933709 -0.011957 0.000086 -0.300336 -1.605700 -0.000200 -0.000004 
0.201246 -0.026690 -0.123831 0.169261 0.215723 0.316912 0.078520 -0.004101 0.193923 0.541431 -0.901311 -0.179480 0.097529 -0.055686 -0.982552 0.827218 -0.013757 -0.117426 0.056484 0.005550 -0.000100 -0.001799 -0.827239 -0.191301 -0.029451 -0.748848 1.605700 0.000236 -0.000036 0.935584 -0.012076 0.000407 -0.300199 -1.605700 -0.000200 -0.000004 
0.208173 -0.039179 -0.125298 0.168977 0.225281 0.339616 0.079750 -0.005006 0.193639 0.538386 -0.897971 -0.182417 0.101155 -0.053890 -0.978617 0.821451 -0.011014 -0.120624 0.054401 0.008264 -0.000100 -0.001799 -0.828326 -0.194473 -0.030453 -0.749691 1.605700 0.000934 -0.000036 0.938410 -0.012076 0.000744 -0.299494 -1.605700 -0.000200 -0.000004 
0.215586 -0.052462 -0.127128 0.168385 0.235492 0.363214 0.081183 -0.005697 0.193407 0.535151 -0.893603 -0.184967 0.105204 -0.051603 -0.974238 0.815553 -0.008134 -0.123091 0.053065 0.011356 -0.000100 -0.001799 -0.829673 -0.197651 -0.031458 -0.750384 1.605700 0.001664 -0.000036 0.941410 -0.012076 0.001021 -0.298695 -1.605700 -0.000200 -0.000004 
0.223595 -0.066552 -0.129622 0.168384 0.246123 0.388080 0.082270 -0.006128 0.193263 0.532760 -0.889443 -0.186775 0.109087 -0.048776 -0.970344 0.811025 -0.005138 -0.124934 0.051811 0.013841 -0.000100 -0.001799 -0.830805 -0.200315 -0.032289 -0.751103 1.605700 0.002315 -0.000036 0.945193 -0.012076 0.001257 -0.297231 -1.605700 -0.000200 -0.000004 
0.232158 -0.081544 -0.132844 0.168463 0.257418 0.414232 0.083222 -0.006268 0.193282 0.530454 -0.885186 -0.188459 0.113531 -0.045272 -0.966044 0.806395 -0.002009 -0.126506 0.051305 0.016628 -0.000100 -0.001799 -0.832537 -0.202261 -0.032829 -0.752056 1.605700 0.002761 -0.000036 0.949023 -0.012076 0.001440 -0.295695 -1.605700 -0.000200 -0.000004 
0.241256 -0.097447 -0.136935 0.170053 0.269228 0.442342 0.084007 -0.006132 0.193333 0.528698 -0.881216 -0.189781 0.117445 -0.042150 -0.962403 0.803087 0.000660 -0.127945 0.050697 0.018781 -0.000100 -0.001799 -0.834266 -0.203760 -0.033263 -0.753202 1.605700 0.003114 -0.000036 0.952764 -0.012073 0.001652 -0.293931 -1.605700 -0.000200 -0.000004 
0.250913 -0.114480 -0.141990 0.172018 0.281680 0.471963 0.084551 -0.005341 0.193472 0.527025 -0.876904 -0.191086 0.122017 -0.038387 -0.958210 0.799499 0.003544 -0.129376 0.050681 0.021810 -0.000100 -0.001799 -0.836655 -0.204469 -0.033384 -0.754416 1.605700 0.003249 -0.000036 0.955770 -0.012073 0.001753 -0.292668 -1.605700 -0.000200 -0.000004 
0.261216 -0.132545 -0.148267 0.175295 0.294688 0.503758 0.085003 -0.004114 0.193802 0.525952 -0.872864 -0.192127 0.126316 -0.034348 -0.954452 0.797001 0.006339 -0.130155 0.050614 0.024075 -0.000100 -0.001799 -0.838510 -0.204870 -0.033456 -0.755539 1.605700 0.003296 -0.000036 0.958958 -0.012073 0.001869 -0.291358 -1.605700 -0.000200 -0.000004 
0.272242 -0.152056 -0.156033 0.179066 0.308122 0.536672 0.085332 -0.000925 0.194766 0.524921 -0.868494 -0.192817 0.132034 -0.028742 -0.949921 0.794508 0.009302 -0.131029 0.050674 0.027310 -0.000100 -0.001799 -0.840139 -0.205127 -0.033472 -0.756508 1.605700 0.003300 -0.000036 0.961697 -0.012074 0.001937 -0.290252 -1.605700 -0.000200 -0.000004 
0.283934 -0.172517 -0.165339 0.184308 0.322239 0.572599 0.085480 0.001969 0.196039 0.524205 -0.864159 -0.193040 0.137242 -0.023419 -0.945687 0.793065 0.012092 -0.131171 0.050711 0.029653 -0.000100 -0.001799 -0.841606 -0.206018 -0.033560 -0.757291 1.605700 0.003303 -0.000036 0.964356 -0.012092 0.001944 -0.289037 -1.605700 -0.000200 -0.000004 
0.296375 -0.194370 -0.176580 0.189516 0.337228 0.610090 0.085678 0.006385 0.197822 0.523741 -0.859092 -0.193182 0.143966 -0.016307 -0.940541 0.791806 0.015171 -0.131756 0.051058 0.033010 -0.000100 -0.001799 -0.843343 -0.206557 -0.033631 -0.758041 1.605700 0.003313 -0.000036 0.966808 -0.012370 0.002012 -0.288142 -1.605700 -0.000200 -0.000004 
0.309360 -0.217068 -0.189822 0.196033 0.353592 0.651253 0.085810 0.010098 0.199726 0.523244 -0.854580 -0.193182 0.150337 -0.009424 -0.935654 0.791085 0.018377 -0.131577 0.051410 0.035389 -0.000100 -0.001799 -0.845612 -0.207696 -0.033765 -0.759082 1.605700 0.003317 -0.000036 0.969424 -0.012897 0.002059 -0.287162 -1.605700 -0.000200 -0.000004 
0.323072 -0.241073 -0.205691 0.201793 0.371605 0.693934 0.086021 0.015432 0.202213 0.523051 -0.849476 -0.193055 0.158835 0.000190 -0.929567 0.790732 0.021892 -0.131577 0.052475 0.039084 -0.000100 -0.001799 -0.848173 -0.208485 -0.033881 -0.760361 1.605700 0.003326 -0.000036 0.972201 -0.014086 0.002142 -0.286146 -1.605700 -0.000200 -0.000004 
0.337322 -0.265671 -0.224092 0.209253 0.391321 0.741112 0.086051 0.019309 0.204807 0.522982 -0.844020 -0.193049 0.166859 0.009339 -0.923184 0.790656 0.025696 -0.131470 0.053239 0.041641 -0.000100 -0.001799 -0.851003 -0.210296 -0.034194 -0.762017 1.605700 0.003353 -0.000036 0.975388 -0.015720 0.002154 -0.284909 -1.605700 -0.000200 -0.000004 
0.352213 -0.291431 -0.245946 0.216214 0.413453 0.789732 0.086077 0.025332 0.208154 0.522959 -0.837443 -0.193049 0.177540 0.021864 -0.915452 0.790816 0.029870 -0.131287 0.054738 0.045473 -0.000100 -0.001799 -0.853647 -0.211972 -0.034491 -0.763569 1.605700 0.003410 -0.000036 0.979031 -0.017726 0.002196 -0.283463 -1.605700 -0.000200 -0.000004 
0.367376 -0.317465 -0.271039 0.226016 0.437221 0.843691 0.085878 0.029855 0.211436 0.523502 -0.829884 -0.192350 0.187566 0.033440 -0.907747 0.791963 0.034149 -0.130651 0.055338 0.049259 -0.000100 -0.001799 -0.857366 -0.214917 -0.035223 -0.765695 1.605700 0.003680 -0.000036 0.982307 -0.019586 0.002196 -0.282169 -1.605700 -0.000200 -0.000004 
0.383032 -0.344243 -0.300663 0.235645 0.463485 0.898997 0.084948 0.037093 0.215999 0.525068 -0.822523 -0.190565 0.200775 0.049141 -0.897798 0.794656 0.039072 -0.129221 0.056653 0.054795 -0.000100 -0.001799 -0.860103 -0.217662 -0.035853 -0.767351 1.605700 0.003928 -0.000036 0.986357 -0.021204 0.002220 -0.280492 -1.605700 -0.000200 -0.000004 
0.398738 -0.371101 -0.334194 0.243245 0.492262 0.957304 0.084595 0.043051 0.222568 0.528129 -0.815562 -0.189240 0.215269 0.065764 -0.883828 0.799566 0.044762 -0.126483 0.046603 0.057166 -0.000180 0.000130 -0.854935 -0.175485 0.012595 -0.865254 1.596881 -0.095244 0.038511 0.995443 -0.031826 0.002403 -0.276569 -1.605700 -0.000205 -0.000268 
0.413958 -0.398540 -0.371136 0.243775 0.527140 1.013031 0.083357 0.049543 0.230719 0.529939 -0.806248 -0.187897 0.232737 0.087610 -0.865814 0.805429 0.056309 -0.121403 0.049302 0.052689 -0.001085 0.000130 -0.882126 -0.071201 0.059570 -0.917262 1.583706 -0.155984 0.031630 1.002398 -0.034698 0.002403 -0.271743 -1.605700 -0.000205 -0.000295 
0.428526 -0.425689 -0.409441 0.255840 0.549705 1.078432 0.082167 0.056609 0.241160 0.528437 -0.794600 -0.185693 0.245392 0.096516 -0.848497 0.807802 0.064435 -0.120864 0.066023 0.047705 -0.001292 -0.000019 -0.908357 0.017102 0.092061 -0.941038 1.557486 -0.219723 0.007951 0.995965 -0.022766 0.002942 -0.272812 -1.605700 -0.000127 0.000557 
0.442070 -0.453651 -0.450256 0.273500 0.563725 1.147344 0.082029 0.066216 0.258923 0.519907 -0.767551 -0.180069 0.261787 0.100958 -0.831648 0.798663 0.075292 -0.124360 0.084504 0.038540 -0.001295 0.000048 -0.928883 0.157249 0.100111 -0.937167 1.542807 -0.189717 -0.000390 0.993312 -0.016368 0.003781 -0.276271 -1.605700 0.000623 0.002011 
0.459136 -0.484500 -0.486445 0.282868 0.542758 1.187152 0.075412 0.099249 0.291525 0.507727 -0.719820 -0.165417 0.279530 0.110522 -0.806657 0.780614 0.090146 -0.129989 0.144757 -0.011127 -0.011343 0.040231 -0.812966 0.174533 0.200760 -0.988049 1.554982 -0.070883 0.012742 1.006881 -0.006819 0.012970 -0.278650 -1.605588 0.015387 0.011007 
0.473814 -0.516528 -0.504565 0.273272 0.485432 1.196796 0.083660 0.147985 0.325575 0.490242 -0.653368 -0.149951 0.299639 0.100909 -0.786046 0.754405 0.110520 -0.145246 0.220052 -0.054468 -0.007845 0.006400 -0.730627 0.174533 0.094555 -0.860332 1.581035 -0.005848 0.005649 1.009549 -0.030178 0.008763 -0.278974 -1.605588 0.009635 0.007695 
0.476538 -0.544684 -0.512256 0.267397 0.463689 1.228170 0.095507 0.161616 0.328427 0.456807 -0.628872 -0.157632 0.315242 0.092302 -0.779763 0.721749 0.127089 -0.157694 0.319924 -0.045949 -0.006839 -0.002758 -0.766946 0.174533 -0.031583 -0.735727 1.587118 0.028255 0.000084 0.994270 -0.069530 0.003545 -0.285311 -1.605588 0.000973 0.002499 
0.475218 -0.566373 -0.511421 0.245058 0.482704 1.280021 0.100196 0.108645 0.323328 0.422146 -0.583819 -0.150094 0.343846 0.094935 -0.742076 0.691633 0.150515 -0.170609 0.449924 0.017422 -0.006811 -0.003603 -0.821545 0.174533 -0.129195 -0.693069 1.596881 0.117955 0.001159 0.987612 -0.112062 0.000098 -0.289568 -1.605588 -0.005781 -0.002647 
0.469385 -0.582301 -0.501233 0.213712 0.479300 1.308537 0.099556 0.064297 0.333139 0.395134 -0.538355 -0.139562 0.374680 0.115268 -0.710124 0.667193 0.175325 -0.182352 0.517251 0.107122 -0.007853 -0.003816 -0.874158 0.125471 -0.135753 -0.654064 1.597035 0.169719 -0.000985 1.021874 -0.174533 -0.030178 -0.273614 -1.589369 -0.037106 -0.013532 
0.460104 -0.595329 -0.483669 0.189464 0.470490 1.349938 0.104471 0.004659 0.341381 0.360049 -0.489640 -0.144458 0.403792 0.118148 -0.676346 0.633075 0.200519 -0.196530 0.577927 0.216731 -0.007653 -0.003071 -0.932990 0.055165 -0.131044 -0.650629 1.597991 0.211040 0.001881 1.049931 -0.166253 -0.014044 -0.247242 -1.601675 -0.028844 -0.009340 
0.448239 -0.608400 -0.465678 0.188400 0.451843 1.399229 0.113757 -0.048406 0.333726 0.321878 -0.440153 -0.146274 0.426639 0.123176 -0.658521 0.599357 0.224501 -0.213167 0.623750 0.282548 -0.007642 0.000000 -0.965955 -0.018733 -0.122845 -0.647646 1.598278 0.241019 0.001380 1.095039 -0.129058 -0.004405 -0.215399 -1.601675 -0.018992 -0.007310 
0.438318 -0.620370 -0.451484 0.192171 0.402449 1.446439 0.122639 -0.086793 0.343102 0.284700 -0.386400 -0.147227 0.454545 0.130814 -0.628983 0.563861 0.249209 -0.226045 0.638461 0.313818 -0.007642 0.000480 -0.969579 -0.091779 -0.118400 -0.637960 1.597616 0.268737 0.000588 1.142517 -0.085279 0.002505 -0.177573 -1.601760 -0.007662 -0.000962 
0.427815 -0.631950 -0.440078 0.198792 0.319388 1.490898 0.127188 -0.110127 0.357530 0.255817 -0.339107 -0.145978 0.479884 0.135563 -0.599650 0.534231 0.274964 -0.243541 0.617068 0.329300 -0.007642 -0.000574 -0.964823 -0.165072 -0.116546 -0.629077 1.591341 0.293180 0.000549 1.167801 -0.057212 0.005445 -0.148595 -1.601760 0.000694 0.003519 
0.415568 -0.643935 -0.429813 0.203342 0.221915 1.533959 0.129029 -0.129872 0.374262 0.224974 -0.286677 -0.142686 0.508207 0.139280 -0.563011 0.502147 0.301462 -0.259043 0.579824 0.347504 -0.007642 -0.001369 -0.960432 -0.235714 -0.117993 -0.629370 1.594960 0.320033 0.001288 1.161461 -0.054599 0.006206 -0.138783 -1.601760 0.004081 0.006003 
0.399810 -0.656630 -0.420099 0.209667 0.109432 1.577566 0.131192 -0.148762 0.386322 0.196597 -0.238685 -0.141164 0.532233 0.139007 -0.531528 0.473936 0.326494 -0.274946 0.528070 0.362638 -0.007642 -0.002005 -0.958190 -0.310372 -0.118264 -0.629278 1.595610 0.343308 0.001439 1.132326 -0.072258 0.006210 -0.140280 -1.601760 0.004108 0.006013 
0.381188 -0.669665 -0.410767 0.213272 0.011246 1.623214 0.121062 -0.162793 0.399784 0.165470 -0.184818 -0.129771 0.563321 0.145186 -0.490836 0.443162 0.352729 -0.291072 0.493517 0.380955 -0.007642 -0.001809 -0.960899 -0.390451 -0.116489 -0.628098 1.594980 0.369233 0.001589 1.095043 -0.100713 0.006210 -0.149064 -1.601760 0.003684 0.005027 
0.357492 -0.683641 -0.399687 0.222049 -0.076181 1.676949 0.125221 -0.180336 0.405597 0.135099 -0.136837 -0.128732 0.586893 0.142287 -0.453649 0.417497 0.379323 -0.307476 0.475311 0.391156 -0.007642 -0.001563 -0.985258 -0.491187 -0.097350 -0.609233 1.594171 0.389392 0.003144 1.065133 -0.127747 0.006210 -0.159485 -1.601760 0.001656 0.002580 
0.331468 -0.697836 -0.389695 0.225499 -0.165752 1.737977 0.131806 -0.206535 0.418058 0.101245 -0.084900 -0.126418 0.614201 0.142391 -0.415668 0.386751 0.402608 -0.317242 0.462262 0.400988 -0.007642 -0.001033 -1.030223 -0.611083 -0.077447 -0.595818 1.591441 0.410633 0.003802 1.050801 -0.143162 0.006210 -0.163229 -1.601760 0.000183 0.000737 
0.303256 -0.713053 -0.382764 0.219797 -0.272879 1.804868 0.134455 -0.229791 0.432774 0.074046 -0.039462 -0.126581 0.639131 0.145295 -0.391171 0.356673 0.430740 -0.339115 0.432744 0.408821 -0.007234 -0.001548 -1.089740 -0.736212 -0.068273 -0.596231 1.602607 0.430135 0.008257 1.051927 -0.138531 -0.000588 -0.186669 -1.605703 0.096102 -0.030501 
0.274380 -0.731034 -0.377768 0.208936 -0.382516 1.871072 0.137298 -0.252249 0.448944 0.040895 0.011747 -0.122036 0.664274 0.153825 -0.367394 0.318405 0.456940 -0.353624 0.385311 0.414988 -0.007845 -0.007833 -1.145163 -0.842633 -0.039563 -0.611494 1.597522 0.430121 0.007225 1.018688 -0.073120 0.008602 -0.204778 -1.605703 0.131715 -0.020420 
0.244826 -0.752401 -0.367974 0.194032 -0.502635 1.931945 0.142566 -0.276217 0.464508 0.012347 0.054780 -0.119911 0.688662 0.158603 -0.340055 0.285955 0.480323 -0.370714 0.331118 0.427366 -0.007845 -0.005596 -1.142294 -0.992119 -0.003593 -0.629787 1.589917 0.407465 0.008545 0.973149 -0.022268 0.009521 -0.226086 -1.605703 0.133194 -0.014362 
0.214149 -0.775369 -0.359412 0.167481 -0.627473 2.008487 0.153553 -0.314471 0.482810 -0.017385 0.109247 -0.120169 0.715094 0.160633 -0.303625 0.254103 0.504711 -0.385142 0.258966 0.444213 -0.007845 -0.003534 -1.140975 -1.134301 0.027812 -0.643049 1.587745 0.376408 0.008288 0.927863 0.003362 0.011584 -0.261339 -1.605703 0.146035 -0.009059 
0.183698 -0.798838 -0.357330 0.119394 -0.768136 2.099233 0.157411 -0.338325 0.493925 -0.034910 0.153219 -0.120228 0.739236 0.167471 -0.279614 0.221639 0.529798 -0.401570 0.154210 0.454710 -0.007845 -0.002660 -1.137184 -1.252108 0.050145 -0.665855 1.592768 0.378544 -0.002938 0.884349 0.006182 0.012696 -0.301895 -1.605703 0.161610 -0.005541 
0.153249 -0.823745 -0.357499 0.032486 -0.910344 2.229530 0.163229 -0.364113 0.506651 -0.029689 0.212173 -0.120228 0.770650 0.173165 -0.248793 0.191071 0.553152 -0.415029 0.031646 0.462865 -0.007802 -0.001921 -1.136372 -1.360799 0.065225 -0.696776 1.605746 0.384679 -0.000863 0.836886 -0.005143 0.012778 -0.336664 -1.605703 0.166035 -0.004262 
0.122460 -0.850027 -0.363796 6.170670 -1.050056 2.420093 0.165177 -0.385422 0.519061 -0.029227 0.248942 -0.120018 0.785399 0.176170 -0.219096 0.160532 0.578093 -0.428397 -0.098178 0.463909 -0.007799 -0.001676 -1.135475 -1.473183 0.077522 -0.723923 1.605703 0.395935 0.001144 0.778035 -0.021427 0.013092 -0.360106 -1.605703 0.164673 -0.003112 
0.091409 -0.877632 -0.374777 5.908154 -1.170005 2.735297 0.168934 -0.408997 0.534410 -0.027732 0.301919 -0.118047 0.785398 0.176874 -0.179771 0.128383 0.602540 -0.442333 -0.226503 0.456074 -0.007799 -0.001225 -1.137613 -1.590910 0.084177 -0.738057 1.605703 0.422499 0.002909 0.712791 -0.035849 0.013553 -0.376960 -1.605703 0.153782 -0.002040 
0.062823 -0.904194 -0.392163 5.559734 -1.240348 3.138849 0.179234 -0.428577 0.533886 -0.034961 0.348254 -0.115584 0.785398 0.187023 -0.146957 0.098752 0.625902 -0.456405 -0.324540 0.432897 -0.007590 0.001086 -1.164067 -1.658063 0.055669 -0.744007 1.605703 0.486731 0.005986 0.658821 -0.051136 0.014737 -0.400219 -1.605703 0.146792 -0.000674 
0.037890 -0.931227 -0.412234 5.243164 -1.261630 3.512529 0.191236 -0.452133 0.530484 -0.034907 0.397671 -0.112067 0.785398 0.203597 -0.105400 0.069860 0.650218 -0.468146 -0.373689 0.399923 -0.007590 0.001623 -1.225526 -1.658063 0.011661 -0.725945 1.605703 0.597291 0.015205 0.615690 -0.065173 0.014829 -0.426482 -1.605703 0.141596 0.000047 
0.016052 -0.959522 -0.435882 4.933730 -1.249280 3.881235 0.192376 -0.466030 0.540661 -0.034907 0.444309 -0.108712 0.785398 0.202848 -0.071116 0.041885 0.675400 -0.483526 -0.413036 0.354278 -0.007590 0.002008 -1.272199 -1.658063 0.001126 -0.662222 1.604492 0.668823 0.017330 0.573955 -0.079001 0.014829 -0.443954 -1.605703 0.120617 0.000675 
-0.003511 -0.989444 -0.461408 4.722613 -1.224824 4.156291 0.190900 -0.484360 0.559754 -0.034907 0.495022 -0.105263 0.785398 0.197631 -0.031386 0.012052 0.700417 -0.499325 -0.423301 0.301542 -0.007590 0.002235 -1.296563 -1.658063 0.008933 -0.616836 1.599886 0.711378 0.016345 0.524995 -0.094322 0.014829 -0.439790 -1.605703 0.087423 0.001240 
-0.019603 -1.016362 -0.481113 4.597697 -1.216865 4.339621 0.183547 -0.494556 0.577147 -0.032140 0.544817 -0.100515 0.785398 0.215351 0.002873 -0.016208 0.724613 -0.516965 -0.391949 0.224757 -0.007590 0.009479 -1.298738 -1.658063 0.025406 -0.599377 1.596634 0.734796 0.008796 0.505939 -0.109106 0.014646 -0.428823 -1.605703 0.058563 0.001963 
-0.035527 -1.039747 -0.485633 4.530344 -1.197235 4.460214 0.196363 -0.533598 0.589521 -0.034407 0.596767 -0.100791 0.785398 0.236645 0.033547 -0.026193 0.716138 -0.532782 -0.365287 0.127091 -0.007590 0.006879 -1.307530 -1.658063 0.039520 -0.620636 1.597259 0.757733 0.004020 0.530170 -0.131476 0.010187 -0.409043 -1.605703 0.047259 0.002936 
-0.048054 -1.061239 -0.483597 4.524377 -1.150383 4.505189 0.184240 -0.543201 0.619886 -0.027742 0.644024 -0.094517 0.785398 0.195585 0.055769 -0.034907 0.732948 -0.545622 -0.375330 0.095823 -0.007248 -0.001811 -1.328096 -1.658063 0.045690 -0.615195 1.596963 0.783847 0.005325 0.527848 -0.154061 0.005199 -0.384535 -1.605703 0.023507 0.003767 
-0.058992 -1.081254 -0.482273 4.563328 -1.141636 4.499791 0.184366 -0.559137 0.634538 -0.028892 0.698419 -0.089469 0.785398 0.182688 0.087284 -0.034799 0.733038 -0.560994 -0.364498 0.103066 -0.007247 0.000852 -1.341542 -1.658063 0.055190 -0.614647 1.596605 0.808325 0.004882 0.500892 -0.174534 -0.004027 -0.349672 -1.605334 -0.011790 0.005605 
-0.067795 -1.097234 -0.482113 4.586736 -1.135365 4.505896 0.186301 -0.567251 0.639036 -0.031762 0.732388 -0.086205 0.785398 0.183742 0.103260 -0.034907 0.733038 -0.574457 -0.364468 0.099691 -0.007247 0.002598 -1.352066 -1.658063 0.060934 -0.619022 1.596605 0.828539 0.004295 0.480259 -0.174533 -0.015119 -0.313787 -1.605618 -0.085877 0.004267 
-0.075074 -1.112127 -0.483161 4.599479 -1.129825 4.525764 0.194383 -0.582389 0.641636 -0.030050 0.733038 -0.083105 0.785398 0.184156 0.123313 -0.034907 0.733038 -0.588589 -0.377424 0.083869 -0.007247 0.003749 -1.365212 -1.658063 0.065854 -0.626476 1.596605 0.849655 0.004233 0.470236 -0.174533 -0.018344 -0.282476 -1.594975 -0.141029 0.002462 
-0.080009 -1.124368 -0.483478 4.614610 -1.119747 4.540903 0.199714 -0.591608 0.644841 -0.028143 0.733038 -0.079598 0.785398 0.171913 0.145333 -0.034907 0.733038 -0.599516 -0.404371 0.070098 -0.007247 0.003824 -1.382531 -1.658063 0.066382 -0.625604 1.596605 0.868977 0.005176 0.463650 -0.174533 -0.015452 -0.255053 -1.583789 -0.162595 0.001500 
-0.083586 -1.133338 -0.484203 4.633396 -1.119421 4.549817 0.211220 -0.603221 0.641456 -0.027319 0.733038 -0.076662 0.785398 0.160538 0.162681 -0.034907 0.733038 -0.605600 -0.431251 0.058791 -0.007247 0.004025 -1.397916 -1.658063 0.067727 -0.623638 1.596605 0.887531 0.006334 0.458502 -0.174533 -0.008966 -0.230938 -1.582090 -0.161176 0.002906 
-0.085631 -1.138485 -0.485761 4.649218 -1.128926 4.558220 0.225437 -0.611055 0.632214 -0.030750 0.733038 -0.071249 0.785403 0.148422 0.168119 -0.034907 0.733038 -0.606772 -0.455274 0.053083 -0.007247 0.003114 -1.414629 -1.658063 0.064907 -0.618993 1.596600 0.904505 0.008107 0.456043 -0.174533 -0.001998 -0.216794 -1.582090 -0.131819 0.004437 
-0.086797 -1.141013 -0.487857 4.660830 -1.142214 4.569072 0.238009 -0.608448 0.624464 -0.032929 0.733038 -0.070859 0.785002 0.132164 0.168230 -0.034907 0.733038 -0.606772 -0.481987 0.051138 -0.007246 0.003930 -1.424771 -1.658063 0.066991 -0.615608 1.596557 0.918601 0.008915 0.456792 -0.174533 0.002860 -0.209125 -1.587215 -0.085498 0.008009 
-0.088444 -1.141911 -0.489801 4.675572 -1.160041 4.573054 0.243183 -0.595537 0.620841 -0.033425 0.733038 -0.070598 0.783634 0.118938 0.166151 -0.034907 0.733038 -0.606772 -0.495112 0.054966 -0.007722 0.004105 -1.400152 -1.658063 0.110231 -0.621511 1.603204 0.916576 0.015665 0.456544 -0.174533 0.007894 -0.206203 -1.591789 -0.046275 0.010974 
-0.090097 -1.140477 -0.492198 4.681643 -1.179659 4.579869 0.242844 -0.566354 0.618554 -0.031279 0.733038 -0.069387 0.781246 0.104349 0.154834 -0.034907 0.733038 -0.606772 -0.486239 0.056603 -0.007730 0.005197 -1.396491 -1.658063 0.117414 -0.645292 1.605703 0.915477 0.012673 0.454985 -0.174533 0.010797 -0.207713 -1.592967 -0.016746 0.006593 
-0.091082 -1.139065 -0.493844 4.687985 -1.194363 4.582504 0.260790 -0.553710 0.606583 -0.025227 0.733038 -0.070140 0.780726 0.093051 0.142889 -0.034907 0.733038 -0.606772 -0.476714 0.058646 -0.007730 0.005423 -1.399596 -1.658063 0.120472 -0.666075 1.605703 0.917731 0.012918 0.454242 -0.174533 0.010677 -0.210680 -1.593416 -0.000371 0.006742 
-0.091423 -1.137119 -0.495042 4.684476 -1.203125 4.586807 0.274805 -0.532686 0.592769 -0.015874 0.733038 -0.072177 0.780744 0.078416 0.121931 -0.034907 0.733038 -0.606772 -0.470358 0.058858 -0.007730 0.005423 -1.401714 -1.658063 0.127948 -0.665814 1.605703 0.923305 0.013393 0.454839 -0.174533 0.010677 -0.213810 -1.595402 0.012628 0.005282 
-0.091100 -1.136710 -0.494872 4.682610 -1.201851 4.586032 0.279899 -0.510735 0.584708 -0.006052 0.733038 -0.071620 0.783430 0.061445 0.104179 -0.034907 0.733038 -0.606772 -0.470732 0.058964 -0.007730 0.005423 -1.407808 -1.656614 0.131042 -0.659162 1.605703 0.919537 0.012348 0.456592 -0.174533 0.010677 -0.216049 -1.597109 0.023797 0.006486 
-0.090523 -1.136273 -0.494552 4.671843 -1.196268 4.589185 0.286425 -0.479770 0.575866 0.006852 0.733038 -0.071673 0.785398 0.034278 0.080045 -0.034907 0.733038 -0.606772 -0.472298 0.057534 -0.007730 0.005434 -1.420641 -1.653885 0.129414 -0.643344 1.605703 0.910588 0.011599 0.459884 -0.174533 0.010677 -0.220205 -1.599190 0.036674 0.006453 
-0.089644 -1.136428 -0.493776 4.663144 -1.187782 4.589832 0.289603 -0.452713 0.570317 0.019154 0.733038 -0.071650 0.785398 0.004748 0.059392 -0.034312 0.733038 -0.606772 -0.474869 0.055743 -0.007730 0.005441 -1.433405 -1.651688 0.123994 -0.628587 1.604808 0.901146 0.010989 0.463469 -0.174533 0.010677 -0.223492 -1.601813 0.049281 0.003549 
-0.088902 -1.135584 -0.493813 4.646811 -1.182573 4.596844 0.300337 -0.423877 0.562365 0.032624 0.733038 -0.071638 0.785398 -0.031366 0.033225 -0.033174 0.733038 -0.605630 -0.475872 0.050280 -0.007730 0.005441 -1.445982 -1.647291 0.118031 -0.613670 1.599381 0.890848 0.009562 0.470011 -0.174533 0.010893 -0.229488 -1.605631 0.064830 0.004799 
-0.088111 -1.134644 -0.493733 4.637621 -1.180138 4.598765 0.315129 -0.401537 0.558645 0.046194 0.733038 -0.071638 0.785398 -0.063415 0.012056 -0.030392 0.733038 -0.595279 -0.476031 0.046453 -0.007730 0.005437 -1.454674 -1.642641 0.116502 -0.603146 1.593390 0.887201 0.008920 0.475045 -0.173531 0.010893 -0.233603 -1.605703 0.074918 0.004764 
-0.087664 -1.132571 -0.494848 4.619428 -1.182579 4.610256 0.339271 -0.379895 0.551184 0.061005 0.733038 -0.072509 0.785398 -0.101581 -0.014706 -0.024465 0.733038 -0.575377 -0.474292 0.038996 -0.007784 0.004906 -1.462324 -1.635154 0.114780 -0.594870 1.586163 0.888947 0.008313 0.480653 -0.169573 0.010893 -0.237390 -1.605703 0.078070 0.005046 
-0.087165 -1.130547 -0.495743 4.607731 -1.186766 4.616885 0.363253 -0.360708 0.546700 0.074473 0.733038 -0.073714 0.785398 -0.134999 -0.036589 -0.016139 0.733038 -0.549694 -0.469802 0.036056 -0.008003 0.004044 -1.469402 -1.630508 0.112212 -0.588630 1.581165 0.892108 0.008557 0.482636 -0.164970 0.010893 -0.239971 -1.605703 0.078704 0.005115 
-0.087098 -1.128070 -0.497629 4.586314 -1.192776 4.634269 0.393173 -0.339089 0.540499 0.089879 0.733038 -0.073728 0.785398 -0.176489 -0.062391 -0.004099 0.733038 -0.514453 -0.462324 0.030465 -0.008258 0.002556 -1.477302 -1.628071 0.106779 -0.585440 1.578886 0.901891 0.004050 0.484477 -0.158980 0.010893 -0.243409 -1.605703 0.080030 0.004713 
-0.087040 -1.126205 -0.498724 4.574758 -1.197682 4.642813 0.419622 -0.320475 0.535375 0.105066 0.733038 -0.072675 0.785388 -0.212551 -0.082224 0.009487 0.733038 -0.476480 -0.454986 0.029524 -0.008468 0.001328 -1.484920 -1.627745 0.102696 -0.583852 1.578125 0.913726 0.006795 0.483764 -0.154170 0.010998 -0.245634 -1.605703 0.081844 0.003634 
-0.087393 -1.124814 -0.500081 4.560080 -1.201514 4.656081 0.451293 -0.299369 0.531194 0.123703 0.733038 -0.071069 0.785468 -0.256165 -0.104245 0.027704 0.733038 -0.430683 -0.450209 0.026642 -0.008692 -0.000675 -1.491429 -1.628010 0.100348 -0.582825 1.578330 0.915662 0.008027 0.483463 -0.151044 0.010998 -0.246883 -1.605703 0.082933 0.004237 
-0.087396 -1.124370 -0.500406 4.556660 -1.202736 4.658940 0.477632 -0.278695 0.530608 0.142979 0.733038 -0.067401 0.784771 -0.293796 -0.122028 0.045850 0.733038 -0.383008 -0.448279 0.027239 -0.009018 -0.002431 -1.495629 -1.627074 0.098599 -0.583067 1.579738 0.922074 0.007786 0.482381 -0.150179 0.010998 -0.247205 -1.605703 0.084134 0.004679 
-0.087518 -1.124534 -0.500459 4.555450 -1.201892 4.660547 0.508192 -0.254253 0.532295 0.168367 0.733038 -0.060682 0.785277 -0.334134 -0.141398 0.067296 0.733038 -0.329416 -0.447757 0.026960 -0.009421 -0.005170 -1.499740 -1.626324 0.095933 -0.584242 1.582887 0.927271 0.006715 0.481348 -0.150117 0.010998 -0.246267 -1.605703 0.084724 0.004955 
-0.086023 -1.124282 -0.498243 4.576106 -1.198273 4.635794 0.523599 -0.225577 0.534286 0.193684 0.732999 -0.056974 0.783803 -0.346576 -0.158974 0.084659 0.733038 -0.283198 -0.444812 0.035691 -0.009781 -0.007142 -1.508673 -1.625972 0.088984 -0.580816 1.585011 0.932037 0.009519 0.475034 -0.147286 0.011255 -0.241283 -1.605703 0.085363 0.005211 
-0.081732 -1.122238 -0.492327 4.624906 -1.185671 4.573267 0.522347 -0.175902 0.532964 0.228366 0.732711 -0.055555 0.780246 -0.315223 -0.181478 0.101266 0.733038 -0.243572 -0.443795 0.056524 -0.010067 -0.010325 -1.522169 -1.622168 0.075823 -0.567288 1.585357 0.943269 0.009336 0.467728 -0.140843 0.012425 -0.237596 -1.605703 0.092915 0.005579 
-0.077888 -1.120139 -0.487223 4.650647 -1.164533 4.534433 0.517855 -0.127571 0.531922 0.263636 0.732766 -0.055235 0.775295 -0.282398 -0.207142 0.112275 0.733038 -0.213854 -0.447571 0.075765 -0.010221 -0.016630 -1.538124 -1.630755 0.060217 -0.552943 1.579390 0.943042 0.010075 0.461997 -0.135372 0.013187 -0.240232 -1.605703 0.108714 0.005890 
-0.073846 -1.117333 -0.482281 4.668323 -1.139929 4.502698 0.512028 -0.070871 0.524907 0.301355 0.733038 -0.057552 0.774487 -0.239716 -0.237056 0.121024 0.733038 -0.179352 -0.456460 0.097976 -0.010263 -0.019211 -1.554336 -1.639806 0.044103 -0.537110 1.570771 0.942641 0.011421 0.452147 -0.129756 0.013955 -0.239941 -1.605703 0.126389 0.006076 
-0.071181 -1.115923 -0.480375 4.648752 -1.109403 4.515804 0.508711 -0.022961 0.514671 0.332893 0.733038 -0.062288 0.770204 -0.217047 -0.263090 0.124638 0.733038 -0.148354 -0.479652 0.088527 -0.010363 -0.021017 -1.562536 -1.644347 0.042397 -0.528812 1.564537 0.945757 0.010152 0.452677 -0.125843 0.014964 -0.230771 -1.605703 0.132342 0.006306 
-0.066835 -1.113810 -0.479036 4.598760 -1.047278 4.559685 0.493597 0.046930 0.497901 0.368003 0.733038 -0.068793 0.766912 -0.191943 -0.287069 0.122798 0.733038 -0.115130 -0.535846 0.052374 -0.010698 -0.024639 -1.573455 -1.637235 0.032992 -0.521339 1.559542 0.987018 0.016763 0.462983 -0.119609 0.015201 -0.213187 -1.605703 0.132760 0.006359 
-0.061397 -1.113873 -0.480500 4.546410 -0.981813 4.612981 0.489995 0.092209 0.479293 0.393397 0.724708 -0.078275 0.764151 -0.156417 -0.301278 0.118627 0.733038 -0.083001 -0.595988 0.002351 -0.010881 -0.030708 -1.578164 -1.637548 0.030358 -0.519597 1.558792 0.995720 0.005505 0.479868 -0.116665 0.015276 -0.199902 -1.605703 0.129122 0.006550 
-0.055574 -1.115339 -0.480506 4.510352 -0.880279 4.652740 0.480403 0.154764 0.462005 0.427246 0.723004 -0.086535 0.764195 -0.105393 -0.314928 0.116951 0.733038 -0.045936 -0.688624 -0.040893 -0.011008 -0.036217 -1.579461 -1.641258 0.032073 -0.507944 1.576994 1.011691 0.005066 0.496135 -0.115862 0.014613 -0.191741 -1.605703 0.121462 0.006580 
-0.051026 -1.119344 -0.484697 4.481995 -0.771156 4.697373 0.478183 0.209827 0.460639 0.466340 0.724543 -0.097759 0.767161 -0.066168 -0.328703 0.111980 0.732515 -0.014164 -0.785398 -0.083570 -0.012580 -0.041362 -1.578469 -1.656983 0.032779 -0.504680 1.593152 1.014502 0.004593 0.504162 -0.117684 0.011641 -0.186586 -1.605703 0.107157 0.005823 
-0.048075 -1.122588 -0.487220 4.471720 -0.741850 4.710156 0.489995 0.236892 0.450573 0.500417 0.714063 -0.112386 0.771782 0.012614 -0.352367 0.106260 0.732507 0.026291 -0.785398 -0.087266 -0.012293 -0.046984 -1.629328 -1.658063 -0.030724 -0.497401 1.592565 1.098280 0.014089 0.491294 -0.112323 0.011262 -0.188030 -1.605703 0.106732 0.006344 
-0.047726 -1.128542 -0.493164 4.460141 -0.712257 4.730480 0.496865 0.247840 0.438547 0.529594 0.714193 -0.127202 0.763586 0.036894 -0.365814 0.106926 0.733039 0.040527 -0.785398 -0.085768 -0.012331 -0.050767 -1.671366 -1.658063 -0.074490 -0.487583 1.580072 1.195242 0.019523 0.469055 -0.111812 0.010118 -0.190057 -1.605703 0.102147 0.006580 
-0.050515 -1.134170 -0.488237 4.480643 -0.691548 4.707792 0.492670 0.297926 0.439259 0.571135 0.715934 -0.139864 0.758025 0.046079 -0.368654 0.107271 0.733038 0.080977 -0.785398 -0.049490 -0.012326 -0.053137 -1.676258 -1.658063 -0.065871 -0.474622 1.576779 1.230060 0.018674 0.447846 -0.114251 0.009251 -0.191549 -1.605703 0.098283 0.007321 
-0.052919 -1.139018 -0.480850 4.498197 -0.677476 4.686798 0.472945 0.330402 0.440691 0.608011 0.716996 -0.141914 0.753834 0.064890 -0.378466 0.102810 0.733038 0.113418 -0.785398 -0.033566 -0.012313 -0.055616 -1.675902 -1.658063 -0.061877 -0.472495 1.576729 1.237429 0.016696 0.443283 -0.118381 0.008649 -0.186175 -1.605703 0.096144 0.007275 
-0.053874 -1.142555 -0.474757 4.509016 -0.675295 4.675974 0.461491 0.347699 0.435558 0.642731 0.717509 -0.145484 0.748112 0.080082 -0.387391 0.101219 0.733038 0.135145 -0.785398 -0.040883 -0.012304 -0.059905 -1.674804 -1.658063 -0.059746 -0.472124 1.576729 1.235997 0.014392 0.449676 -0.117930 0.008262 -0.171297 -1.605703 0.079236 0.007751 
-0.054512 -1.143881 -0.469845 4.517738 -0.689182 4.665650 0.459171 0.349066 0.427746 0.669181 0.717758 -0.152008 0.746149 0.098991 -0.389867 0.101965 0.733038 0.153917 -0.785398 -0.054586 -0.013472 -0.059710 -1.675615 -1.658063 -0.059796 -0.467225 1.576729 1.228087 0.012650 0.466305 -0.119092 0.008244 -0.159962 -1.605049 0.063208 0.007870 
-0.054888 -1.142063 -0.465812 4.530027 -0.720938 4.643818 0.470534 0.345989 0.415406 0.694709 0.718147 -0.162806 0.747083 0.130459 -0.395300 0.100436 0.733038 0.182968 -0.785398 -0.053223 -0.013176 -0.033130 -1.679543 -1.658063 -0.063675 -0.461361 1.576729 1.215054 0.011362 0.482410 -0.125380 0.007417 -0.155155 -1.602303 0.061810 0.008415 
-0.054926 -1.138529 -0.465598 4.533371 -0.742443 4.634861 0.480379 0.340525 0.407722 0.714044 0.717874 -0.171148 0.741127 0.145384 -0.415998 0.090930 0.733221 0.218683 -0.785323 -0.047526 -0.014614 -0.037089 -1.667111 -1.635703 -0.044434 -0.442823 1.561534 1.242688 0.017258 0.484716 -0.126423 0.005900 -0.151858 -1.599614 0.059611 0.008903 
-0.055050 -1.135700 -0.467511 4.529620 -0.752518 4.637958 0.494520 0.335979 0.403447 0.737504 0.718265 -0.180965 0.733930 0.147706 -0.437883 0.083392 0.733038 0.235268 -0.783213 -0.047061 -0.015874 -0.045938 -1.666526 -1.623222 -0.048468 -0.442237 1.561987 1.243954 0.015158 0.483452 -0.124671 0.005794 -0.151820 -1.599320 0.059117 0.009003 
-0.055145 -1.133750 -0.468923 4.526959 -0.764166 4.639593 0.508982 0.329768 0.401818 0.757560 0.719393 -0.189730 0.730549 0.150857 -0.446569 0.079422 0.733038 0.251685 -0.776077 -0.046239 -0.016670 -0.052362 -1.667610 -1.615655 -0.052674 -0.441513 1.562917 1.245169 0.022573 0.481585 -0.122640 0.005526 -0.151208 -1.598820 0.057490 0.009813 
-0.054425 -1.130559 -0.467931 4.523711 -0.763570 4.634819 0.510857 0.325465 0.392518 0.775578 0.720400 -0.198008 0.733257 0.152679 -0.456899 0.072028 0.722923 0.277720 -0.776307 -0.041271 -0.018533 -0.055826 -1.672937 -1.614751 -0.061419 -0.437212 1.561289 1.224353 0.023435 0.478431 -0.116592 0.004808 -0.149114 -1.597133 0.055657 0.010383 
-0.053189 -1.127178 -0.466013 4.519534 -0.756672 4.628734 0.511683 0.314702 0.381927 0.788563 0.721304 -0.207783 0.727937 0.158411 -0.465965 0.064661 0.719212 0.296265 -0.780358 -0.036628 -0.018386 -0.054605 -1.681462 -1.615808 -0.072710 -0.434995 1.557700 1.214565 0.029395 0.475415 -0.108854 0.004800 -0.145998 -1.596695 0.056381 0.010627 
-0.051991 -1.124149 -0.463889 4.514554 -0.746847 4.623242 0.515834 0.298542 0.371585 0.802510 0.722531 -0.219000 0.720234 0.164928 -0.476891 0.060198 0.718193 0.308372 -0.785398 -0.033176 -0.015675 -0.049759 -1.689060 -1.620434 -0.082853 -0.433547 1.552225 1.202457 0.029017 0.471882 -0.103178 0.004193 -0.141335 -1.594623 0.056090 0.008553 
-0.050613 -1.122168 -0.461537 4.509533 -0.738868 4.618258 0.520420 0.283421 0.365015 0.815191 0.724738 -0.229875 0.713358 0.171365 -0.486532 0.056743 0.718356 0.323148 -0.785398 -0.032346 -0.016580 -0.041741 -1.696665 -1.630517 -0.091672 -0.430380 1.547756 1.187117 0.025437 0.469789 -0.100196 0.003670 -0.136858 -1.592533 0.055556 0.007841 
-0.049275 -1.120928 -0.459957 4.501459 -0.729039 4.617896 0.522706 0.272864 0.359372 0.826709 0.727329 -0.240057 0.704182 0.174108 -0.495716 0.054645 0.721652 0.328267 -0.785398 -0.036413 -0.020156 -0.031594 -1.703566 -1.644275 -0.099284 -0.428064 1.543164 1.167259 0.020702 0.468861 -0.100408 0.002615 -0.132235 -1.589883 0.051839 0.006739 
-0.047900 -1.119612 -0.459818 4.489999 -0.720478 4.623454 0.523599 0.261504 0.349591 0.838166 0.730202 -0.251682 0.696729 0.169991 -0.504337 0.051023 0.722415 0.330671 -0.785398 -0.041908 -0.016774 -0.027727 -1.711701 -1.658064 -0.107154 -0.427831 1.544381 1.139535 0.018394 0.466924 -0.099157 0.002585 -0.128765 -1.588995 0.049963 0.006233 
-0.046556 -1.117802 -0.460251 4.481655 -0.719653 4.628063 0.523396 0.252478 0.339488 0.846429 0.732937 -0.262183 0.693591 0.166299 -0.511165 0.046245 0.720066 0.335553 -0.785398 -0.048961 -0.017850 -0.022263 -1.714851 -1.658063 -0.109735 -0.435467 1.546987 1.116748 0.015282 0.467130 -0.096753 0.002458 -0.124166 -1.586803 0.045212 0.005426 
-0.044956 -1.114770 -0.463038 4.468359 -0.720721 4.638559 0.523378 0.240679 0.323885 0.852781 0.733038 -0.274792 0.682909 0.158088 -0.524495 0.040043 0.719604 0.336272 -0.785398 -0.057233 -0.015638 -0.020648 -1.714317 -1.658063 -0.107849 -0.436361 1.547370 1.100190 0.014234 0.465456 -0.094353 0.002438 -0.121295 -1.585279 0.041854 0.004718 
-0.043976 -1.112128 -0.466674 4.455749 -0.722917 4.650561 0.522006 0.233139 0.313742 0.858379 0.733038 -0.285001 0.671032 0.148362 -0.536122 0.034749 0.719251 0.337342 -0.785398 -0.064906 -0.012775 -0.021566 -1.712668 -1.656571 -0.105341 -0.435883 1.545440 1.092572 0.009237 0.463081 -0.093652 0.002416 -0.119508 -1.584429 0.039906 0.004498 
-0.043217 -1.109524 -0.471842 4.439986 -0.725003 4.667506 0.521745 0.224777 0.302730 0.865494 0.733038 -0.297146 0.655382 0.134112 -0.549755 0.029461 0.719475 0.340142 -0.785398 -0.074664 -0.012143 -0.026109 -1.712172 -1.655108 -0.104544 -0.435537 1.544437 1.084953 0.010682 0.459007 -0.093420 0.002170 -0.117488 -1.582923 0.035848 0.003919 
-0.042829 -1.107241 -0.476912 4.428106 -0.728732 4.681523 0.520941 0.220752 0.295109 0.872338 0.733038 -0.307214 0.642409 0.122418 -0.560560 0.024130 0.720018 0.342547 -0.785398 -0.079708 -0.012643 -0.035126 -1.710144 -1.650971 -0.102531 -0.435714 1.545608 1.079814 0.011082 0.452907 -0.093305 0.001969 -0.115724 -1.580935 0.030512 0.005061 
-0.042486 -1.104967 -0.483386 4.412987 -0.730670 4.700067 0.522139 0.218143 0.283911 0.880013 0.733038 -0.319162 0.626278 0.106259 -0.572770 0.017865 0.720018 0.343820 -0.785398 -0.084084 -0.015904 -0.053318 -1.708835 -1.650956 -0.101701 -0.435882 1.544932 1.072116 0.008703 0.442988 -0.093427 0.001940 -0.114013 -1.579540 0.026589 0.004808 
-0.042330 -1.103502 -0.489655 4.400415 -0.731733 4.717254 0.521968 0.221885 0.275278 0.887371 0.733038 -0.328367 0.612369 0.090098 -0.580718 0.013197 0.720018 0.343820 -0.785398 -0.085767 -0.019874 -0.075071 -1.708613 -1.651939 -0.101785 -0.436446 1.544747 1.067304 0.009458 0.431425 -0.093444 0.001940 -0.112358 -1.578618 0.024074 0.004828 
-0.042696 -1.102741 -0.493785 4.390927 -0.730352 4.730364 0.519693 0.241881 0.266911 0.897101 0.733038 -0.337946 0.598962 0.079857 -0.588599 0.007459 0.718665 0.343821 -0.785398 -0.087266 -0.021482 -0.092793 -1.708178 -1.656945 -0.103125 -0.438438 1.542170 1.059532 0.008530 0.422459 -0.094325 0.001913 -0.110143 -1.577128 0.019913 0.005062 
-0.044090 -1.102902 -0.495161 4.387225 -0.729427 4.738567 0.518179 0.265439 0.259118 0.908228 0.733038 -0.339129 0.589154 0.075011 -0.597983 0.001627 0.715156 0.345191 -0.785398 -0.087267 -0.021574 -0.113034 -1.714604 -1.658063 -0.112489 -0.453235 1.546029 1.050163 0.005864 0.416831 -0.095713 0.001875 -0.106843 -1.575788 0.015251 0.004379 
-0.045620 -1.103466 -0.496593 4.385142 -0.728334 4.747028 0.522980 0.302203 0.246545 0.922739 0.733038 -0.335650 0.571636 0.063152 -0.610878 -0.005342 0.712274 0.346685 -0.785398 -0.087267 -0.021574 -0.134049 -1.713925 -1.658063 -0.113999 -0.482889 1.568563 1.050130 0.006255 0.409803 -0.096204 0.001833 -0.101633 -1.573910 0.008887 0.004497 
-0.047037 -1.104518 -0.497307 4.387344 -0.724303 4.750916 0.523599 0.319935 0.237530 0.936580 0.733038 -0.336950 0.551597 0.048515 -0.624531 -0.012410 0.710157 0.347417 -0.785398 -0.087143 -0.027811 -0.145170 -1.708631 -1.658063 -0.113859 -0.517525 1.589340 1.049969 0.006474 0.401945 -0.096660 0.001647 -0.094230 -1.570888 0.002105 0.004190 
-0.047830 -1.106512 -0.497057 4.392947 -0.715920 4.748317 0.524506 0.327329 0.227652 0.954120 0.733038 -0.303150 0.527663 0.033603 -0.637413 -0.019456 0.708136 0.349066 -0.785398 -0.086446 -0.039185 -0.140622 -1.707324 -1.658063 -0.113620 -0.530176 1.599414 1.050603 0.007025 0.397405 -0.097757 0.001545 -0.091024 -1.570091 -0.000699 0.004697 
-0.048386 -1.109153 -0.496483 4.399116 -0.706995 4.743687 0.523572 0.332368 0.219162 0.969339 0.733038 -0.249952 0.503769 0.019345 -0.647483 -0.025020 0.707252 0.349066 -0.785398 -0.086022 -0.042207 -0.125378 -1.707124 -1.658063 -0.115206 -0.532194 1.603071 1.051666 0.007735 0.393932 -0.098484 0.001510 -0.088116 -1.569012 -0.005508 0.005384 
-0.048965 -1.111484 -0.496430 4.401628 -0.698620 4.742727 0.523599 0.336041 0.206550 0.986900 0.733038 -0.210765 0.475268 0.002139 -0.656939 -0.030541 0.705724 0.349066 -0.785398 -0.086967 -0.042442 -0.115586 -1.707619 -1.658063 -0.115817 -0.532120 1.603310 1.052248 0.008087 0.391514 -0.099836 0.001510 -0.086908 -1.568687 -0.008254 0.005598 
-0.050219 -1.113205 -0.495864 4.404703 -0.693960 4.739706 0.523599 0.329095 0.199140 1.001782 0.733038 -0.131020 0.452181 -0.010734 -0.665106 -0.034907 0.704151 0.349066 -0.785398 -0.080655 -0.034070 -0.118733 -1.708793 -1.658063 -0.118605 -0.530950 1.603978 1.053835 0.008763 0.385525 -0.102403 0.001510 -0.084438 -1.566382 -0.012330 0.005872 
-0.051214 -1.114068 -0.496072 4.404086 -0.688512 4.740341 0.523599 0.327932 0.187833 1.017660 0.733038 -0.095502 0.423495 -0.027651 -0.675833 -0.034907 0.703285 0.349066 -0.785398 -0.077855 -0.025277 -0.120774 -1.710466 -1.658063 -0.120197 -0.530933 1.604107 1.055520 0.009404 0.379401 -0.105401 0.001510 -0.080732 -1.565583 -0.014486 0.006068 
-0.052206 -1.114307 -0.494762 4.406214 -0.682768 4.734765 0.523599 0.324984 0.179574 1.031886 0.733038 -0.011249 0.401135 -0.039871 -0.683176 -0.034907 0.701956 0.349066 -0.785398 -0.069226 -0.018839 -0.125877 -1.712574 -1.658063 -0.123928 -0.528881 1.604423 1.057582 0.009951 0.373219 -0.108248 0.001510 -0.078561 -1.564956 -0.017669 0.006266 
-0.052257 -1.113897 -0.494577 4.402171 -0.675189 4.735309 0.523599 0.325735 0.164159 1.046316 0.733038 0.026360 0.371267 -0.058564 -0.692215 -0.034907 0.700344 0.349066 -0.785398 -0.067203 -0.014145 -0.128855 -1.714256 -1.658063 -0.124535 -0.527981 1.604423 1.059126 0.010750 0.368535 -0.109474 0.001510 -0.076542 -1.564676 -0.019035 0.006470 
-0.051877 -1.113080 -0.493850 4.398605 -0.668531 4.734222 0.523599 0.326296 0.151140 1.057092 0.733038 0.070218 0.346561 -0.073603 -0.698658 -0.034907 0.698951 0.349066 -0.785398 -0.064976 -0.008244 -0.129543 -1.714836 -1.658063 -0.124570 -0.527376 1.604423 1.060261 0.011175 0.365359 -0.109428 0.001510 -0.075272 -1.564660 -0.019891 0.006858 
-0.051268 -1.111636 -0.493546 4.392517 -0.660857 4.734550 0.523599 0.323061 0.135661 1.070164 0.733038 0.128303 0.319387 -0.088868 -0.707524 -0.034907 0.697310 0.349066 -0.785398 -0.063173 -0.000525 -0.130932 -1.716373 -1.658063 -0.126569 -0.527000 1.603576 1.062082 0.011996 0.361488 -0.109294 0.001510 -0.074237 -1.564660 -0.021018 0.007279 
-0.050797 -1.109975 -0.491986 4.388958 -0.652435 4.730128 0.523668 0.320336 0.125285 1.082703 0.733038 0.228737 0.297410 -0.100598 -0.714551 -0.034907 0.695773 0.349066 -0.785398 -0.056925 0.007016 -0.133884 -1.717757 -1.658063 -0.129449 -0.525878 1.602196 1.064721 0.012941 0.356984 -0.109188 0.001510 -0.073349 -1.564616 -0.022922 0.007259 
-0.049992 -1.108285 -0.491191 4.381741 -0.641817 4.729760 0.523602 0.320486 0.109847 1.096865 0.733038 0.301387 0.268634 -0.117829 -0.724450 -0.034907 0.693983 0.349066 -0.785398 -0.054687 0.015223 -0.135816 -1.718802 -1.658063 -0.131597 -0.524784 1.599743 1.066972 0.013714 0.352699 -0.108681 0.001484 -0.072241 -1.564604 -0.023419 0.006968 
-0.049211 -1.107008 -0.490347 4.375597 -0.632448 4.729457 0.523392 0.322985 0.096663 1.108320 0.732896 0.351040 0.242718 -0.134001 -0.731581 -0.034907 0.692477 0.349066 -0.785398 -0.053615 0.019147 -0.137222 -1.718233 -1.658063 -0.131210 -0.524421 1.597912 1.067987 0.014005 0.349803 -0.107660 0.001484 -0.071380 -1.564502 -0.024552 0.007123 
-0.048440 -1.105749 -0.490320 4.368289 -0.623847 4.731417 0.523599 0.323369 0.080763 1.121595 0.731611 0.393146 0.214637 -0.149443 -0.740510 -0.034907 0.690992 0.349066 -0.785398 -0.053933 0.024764 -0.138899 -1.718849 -1.658063 -0.131191 -0.523830 1.595575 1.068759 0.014439 0.346645 -0.106889 0.001484 -0.070659 -1.564502 -0.024999 0.007370 
