0.140475 0.131099 -0.149891 0.204214 0.073205 6.234552 0.007846 0.062579 0.211752 0.710969 -0.992595 -0.013815 0.020928 -0.000602 -1.137419 1.167835 -0.104638 0.047086 0.083543 -0.087250 -0.000100 -0.001799 -0.767947 -0.142696 -0.018400 -0.723840 1.605700 -0.000600 -0.000083 0.825697 -0.006987 -0.000000 -0.329908 -1.605700 -0.000200 -0.000000 
0.142603 0.131432 -0.151046 0.173318 0.058544 6.232625 0.041148 0.064155 0.225563 0.714628 -0.997872 -0.014885 0.057813 -0.001743 -1.128742 1.182592 -0.115172 0.047256 0.020918 -0.087267 -0.000100 -0.006728 -0.798937 -0.178950 -0.026792 -0.735022 1.605700 0.000113 0.000231 0.769162 0.021251 0.001183 -0.347886 -1.605700 0.000699 0.000488 
0.145164 0.132214 -0.152429 0.138995 0.045918 6.229715 0.084261 0.067848 0.239314 0.715412 -1.002388 -0.016424 0.102384 -0.003274 -1.123295 1.198811 -0.126734 0.050098 -0.037852 -0.087267 -0.000100 -0.006511 -0.813312 -0.219223 -0.039128 -0.745569 1.605700 0.001539 0.000115 0.727231 0.056145 0.004777 -0.361841 -1.605700 0.003063 0.001182 
0.147326 0.134041 -0.152921 0.101582 0.038148 6.227195 0.122772 0.066629 0.246823 0.713825 -1.003199 -0.014162 0.140587 -0.002819 -1.118348 1.211617 -0.139102 0.051891 -0.088569 -0.087266 -0.000100 -0.006437 -0.813081 -0.264540 -0.054203 -0.749144 1.605700 0.005750 0.000643 0.695118 0.090327 0.009257 -0.374739 -1.605700 0.006839 0.002807 
0.149224 0.136955 -0.153004 0.060253 0.035072 6.225885 0.163948 0.060246 0.251661 0.707261 -1.001072 -0.008961 0.178979 -0.003495 -1.115618 1.224025 -0.153229 0.053043 -0.137718 -0.087266 -0.000100 -0.006390 -0.807179 -0.305664 -0.068343 -0.749146 1.605700 0.009814 0.001273 0.669392 0.117264 0.012927 -0.385253 -1.605700 0.009572 0.003986 
0.151226 0.139617 -0.152795 0.023478 0.035447 6.223518 0.198585 0.054478 0.253535 0.698819 -0.995692 -0.003306 0.212022 -0.003698 -1.115322 1.234795 -0.166979 0.054086 -0.186163 -0.087266 -0.000100 -0.006340 -0.793749 -0.343707 -0.082103 -0.748112 1.605700 0.014935 0.002858 0.644411 0.139301 0.015638 -0.395242 -1.605700 0.011681 0.004768 
0.153741 0.142250 -0.152633 6.269474 0.036025 6.221208 0.231907 0.048354 0.256586 0.689346 -0.991130 -0.000648 0.245227 -0.003740 -1.115052 1.246893 -0.181953 0.055066 -0.230024 -0.086499 -0.000100 -0.006340 -0.783034 -0.374234 -0.093202 -0.745850 1.605700 0.018497 0.003854 0.615299 0.155921 0.017494 -0.406008 -1.605700 0.012708 0.004856 
0.155849 0.144584 -0.152388 6.235955 0.037439 6.218726 0.257880 0.042265 0.258655 0.681033 -0.988599 -0.000473 0.274521 -0.003261 -1.115372 1.256825 -0.194933 0.054997 -0.266818 -0.084432 -0.000113 -0.006340 -0.776822 -0.399396 -0.102664 -0.744903 1.605700 0.021954 0.005081 0.578945 0.169598 0.019018 -0.421841 -1.605700 0.013634 0.004920 
0.158084 0.146537 -0.152188 6.205022 0.037691 6.216447 0.283584 0.037728 0.261869 0.672718 -0.986048 -0.000473 0.302770 -0.002846 -1.114510 1.266602 -0.207951 0.055154 -0.298003 -0.082815 -0.000373 -0.006340 -0.777526 -0.416704 -0.108899 -0.745109 1.605700 0.023331 0.005270 0.539411 0.180024 0.020091 -0.440596 -1.605700 0.013970 0.004920 
0.159908 0.147902 -0.152075 6.179128 0.037642 6.214187 0.303700 0.034270 0.264206 0.666612 -0.984125 -0.000473 0.326349 -0.001484 -1.113903 1.274641 -0.218505 0.054635 -0.322501 -0.083172 -0.000700 -0.006340 -0.780846 -0.429989 -0.113703 -0.746713 1.605700 0.024232 0.005429 0.500114 0.188039 0.020861 -0.461047 -1.605700 0.014198 0.004920 
0.161864 0.148900 -0.152093 6.157435 0.035567 6.212997 0.324402 0.032881 0.268175 0.662340 -0.982474 -0.000473 0.347651 -0.000855 -1.111193 1.282612 -0.228777 0.054617 -0.343456 -0.084327 -0.001074 -0.006340 -0.789207 -0.438943 -0.116721 -0.752190 1.605700 0.024233 0.005204 0.465905 0.192588 0.021004 -0.479810 -1.605700 0.014198 0.004586 
0.163420 0.149540 -0.152089 6.141218 0.033277 6.212771 0.341900 0.032351 0.271780 0.659484 -0.981374 -0.000664 0.363601 -0.000366 -1.107939 1.288325 -0.236509 0.054292 -0.360128 -0.087272 -0.001386 -0.006502 -0.798935 -0.448718 -0.119755 -0.759979 1.605700 0.024306 0.004641 0.439128 0.194919 0.021004 -0.495306 -1.605700 0.014198 0.003843 
0.164898 0.150059 -0.152118 6.127035 0.029176 6.213587 0.360120 0.032721 0.276757 0.657954 -0.980593 -0.000713 0.378044 -0.000116 -1.102560 1.293374 -0.243605 0.054017 -0.373495 -0.087266 -0.001711 -0.006502 -0.812625 -0.458904 -0.122659 -0.769942 1.605700 0.024306 0.003485 0.421047 0.196253 0.021004 -0.506598 -1.605700 0.014198 0.002611 
0.165754 0.150223 -0.152045 6.115344 0.026014 6.214505 0.374546 0.032908 0.280134 0.656719 -0.980417 -0.000713 0.389913 0.000308 -1.098160 1.295998 -0.248001 0.053387 -0.384041 -0.087266 -0.001955 -0.006502 -0.823730 -0.471553 -0.126339 -0.779070 1.605700 0.024350 0.002663 0.412460 0.198993 0.021004 -0.512406 -1.605700 0.014198 0.001495 
0.166675 0.150340 -0.152052 6.104159 0.022674 6.216050 0.389440 0.033140 0.284077 0.655569 -0.980486 -0.000299 0.401584 0.000351 -1.093045 1.298111 -0.252195 0.052345 -0.394303 -0.087266 -0.002249 -0.006502 -0.832685 -0.484412 -0.130108 -0.786350 1.605700 0.024515 0.001577 0.412198 0.203482 0.021024 -0.512790 -1.605700 0.014198 0.000265 
0.167296 0.150353 -0.152016 6.094490 0.020423 6.217309 0.401600 0.032936 0.286584 0.654555 -0.980648 0.000443 0.411388 0.000422 -1.089592 1.299983 -0.255631 0.051809 -0.404468 -0.087266 -0.002469 -0.006502 -0.836762 -0.498571 -0.134654 -0.790654 1.605700 0.025370 0.001021 0.413995 0.210262 0.021684 -0.512319 -1.605700 0.014198 -0.000580 
0.168086 0.150438 -0.152053 6.084392 0.018185 6.218608 0.414249 0.032588 0.289407 0.653452 -0.980772 0.001494 0.421981 0.000364 -1.086253 1.302649 -0.259601 0.051153 -0.416470 -0.087104 -0.002696 -0.006502 -0.838730 -0.510553 -0.138555 -0.792390 1.605700 0.026174 0.000379 0.414699 0.218858 0.022907 -0.510527 -1.605700 0.014198 -0.001212 
0.168783 0.150536 -0.152131 6.074595 0.016763 6.219411 0.424497 0.031681 0.291386 0.652378 -0.981167 0.002313 0.432352 0.000346 -1.084156 1.305430 -0.263378 0.050645 -0.430329 -0.086464 -0.002914 -0.006502 -0.838770 -0.521228 -0.142223 -0.792564 1.605700 0.027245 0.000082 0.412596 0.228845 0.024457 -0.510527 -1.605700 0.014198 -0.001388 
0.169623 0.150805 -0.152238 6.064116 0.015416 6.219893 0.435158 0.030687 0.293416 0.651209 -0.981350 0.002961 0.443625 0.000278 -1.082266 1.308889 -0.267872 0.050417 -0.445702 -0.084195 -0.003170 -0.006502 -0.838784 -0.531187 -0.145642 -0.792771 1.605700 0.028186 -0.000272 0.404405 0.239347 0.026015 -0.510527 -1.605700 0.014397 -0.001457 
0.170420 0.151105 -0.152313 6.053580 0.015100 6.219880 0.443850 0.029031 0.294455 0.649844 -0.981424 0.003094 0.454432 0.000166 -1.081445 1.312055 -0.271169 0.051275 -0.461192 -0.082917 -0.003385 -0.006502 -0.838255 -0.541527 -0.149312 -0.792775 1.605700 0.029547 -0.000313 0.391254 0.249671 0.027544 -0.511272 -1.605700 0.015315 -0.001457 
0.171360 0.151417 -0.152435 6.043024 0.015229 6.219663 0.452702 0.027464 0.295358 0.648232 -0.981365 0.003175 0.465338 0.000144 -1.080906 1.315758 -0.277304 0.051307 -0.476916 -0.082731 -0.003591 -0.006502 -0.838241 -0.552020 -0.152836 -0.792803 1.605700 0.030891 -0.000341 0.375618 0.259173 0.028850 -0.515633 -1.605700 0.016481 -0.001457 
0.172286 0.151759 -0.152521 6.033334 0.015572 6.219365 0.460018 0.025635 0.295977 0.646917 -0.980948 0.003175 0.475000 0.000166 -1.080793 1.319347 -0.281902 0.050877 -0.491531 -0.082731 -0.003770 -0.006502 -0.838241 -0.563082 -0.156687 -0.793258 1.605700 0.032664 -0.000341 0.357947 0.267041 0.029908 -0.523451 -1.605700 0.017685 -0.001457 
0.173256 0.152001 -0.152509 6.023889 0.015692 6.218834 0.467503 0.024449 0.296551 0.645550 -0.979869 0.003175 0.483914 0.000499 -1.079576 1.321512 -0.285545 0.055109 -0.504764 -0.082728 -0.003932 -0.006532 -0.838477 -0.573072 -0.160158 -0.794267 1.605700 0.034257 -0.000339 0.340782 0.273201 0.030629 -0.532679 -1.605700 0.018646 -0.001457 
0.174194 0.152064 -0.152433 6.015465 0.015781 6.218155 0.473169 0.023501 0.296999 0.644452 -0.978210 0.003175 0.492356 0.001696 -1.078991 1.324150 -0.289624 0.053572 -0.516103 -0.083085 -0.004061 -0.006663 -0.839099 -0.581851 -0.163012 -0.795546 1.605700 0.035647 -0.000339 0.326102 0.277416 0.031000 -0.541234 -1.605700 0.019313 -0.001457 
0.175211 0.152252 -0.152365 6.008168 0.015792 6.218164 0.479465 0.022520 0.297859 0.643627 -0.976499 0.003175 0.499077 0.002114 -1.077305 1.326260 -0.293921 0.054159 -0.525498 -0.083811 -0.004218 -0.006983 -0.840976 -0.589273 -0.165465 -0.797628 1.605700 0.036732 -0.000302 0.315135 0.279664 0.031006 -0.548242 -1.605700 0.019522 -0.001457 
0.175984 0.152266 -0.152259 6.002586 0.016158 6.218002 0.484200 0.021938 0.298178 0.642729 -0.974840 0.003175 0.504642 0.002712 -1.076689 1.327939 -0.296909 0.052677 -0.532206 -0.084697 -0.004315 -0.007359 -0.842644 -0.595744 -0.167577 -0.799384 1.605700 0.037726 -0.000099 0.307860 0.281222 0.031006 -0.552991 -1.605700 0.019591 -0.001457 
0.176695 0.152353 -0.152174 5.998312 0.016301 6.218274 0.489163 0.021589 0.298865 0.642000 -0.973392 0.003175 0.508922 0.002794 -1.075695 1.329374 -0.299560 0.051570 -0.536495 -0.084793 -0.004408 -0.007695 -0.845564 -0.600490 -0.168997 -0.801579 1.605700 0.038269 0.000004 0.304101 0.282342 0.031006 -0.555478 -1.605700 0.019591 -0.001457 
0.177233 0.152394 -0.152107 5.995345 0.016516 6.218609 0.493080 0.021384 0.299377 0.641414 -0.972310 0.003175 0.511617 0.002875 -1.074922 1.330394 -0.301451 0.050581 -0.538049 -0.084814 -0.004483 -0.007901 -0.847773 -0.603794 -0.169970 -0.803401 1.605700 0.038591 0.000134 0.303361 0.283826 0.031006 -0.556048 -1.605700 0.019610 -0.001457 
0.177709 0.152442 -0.152093 5.993371 0.016522 6.219128 0.496737 0.021434 0.300165 0.640953 -0.971611 0.003175 0.513498 0.002740 -1.074088 1.331401 -0.303111 0.049801 -0.538051 -0.084814 -0.004536 -0.008158 -0.849826 -0.604867 -0.170135 -0.804748 1.605700 0.038591 0.000134 0.303846 0.285858 0.031206 -0.556048 -1.605700 0.019751 -0.001457 
0.178058 0.152522 -0.152114 5.992917 0.016682 6.219788 0.499658 0.021614 0.300852 0.640612 -0.971241 0.003175 0.513944 0.002189 -1.073542 1.332163 -0.304283 0.049281 -0.538003 -0.084814 -0.004555 -0.008453 -0.851144 -0.604876 -0.170145 -0.805659 1.605700 0.038591 0.000134 0.304316 0.288319 0.031709 -0.556048 -1.605700 0.020147 -0.001457 
0.178410 0.152614 -0.152136 5.991911 0.016725 6.220476 0.503186 0.021774 0.301548 0.640307 -0.971003 0.003175 0.515136 0.001542 -1.072584 1.332845 -0.306898 0.051253 -0.537968 -0.084597 -0.004593 -0.008723 -0.851940 -0.604657 -0.170148 -0.806163 1.605700 0.038591 0.000134 0.304977 0.291309 0.032301 -0.556048 -1.605700 0.020635 -0.001457 
0.178838 0.152616 -0.152174 5.990164 0.016537 6.220878 0.505955 0.021853 0.302346 0.640100 -0.970714 0.003177 0.517110 0.001346 -1.071698 1.333659 -0.306061 0.051203 -0.538167 -0.084038 -0.004617 -0.008933 -0.852168 -0.604582 -0.170148 -0.806224 1.605700 0.038591 0.000133 0.305117 0.294373 0.032950 -0.556048 -1.605700 0.021236 -0.001457 
0.179176 0.152598 -0.152163 5.988231 0.016796 6.221173 0.509073 0.021863 0.302591 0.639693 -0.970340 0.003179 0.519143 0.001223 -1.071000 1.334132 -0.309237 0.052158 -0.540381 -0.083555 -0.004641 -0.009153 -0.852319 -0.604581 -0.170148 -0.806225 1.605700 0.038591 0.000133 0.305117 0.297514 0.033526 -0.556048 -1.605700 0.021810 -0.001457 
0.179512 0.152567 -0.152157 5.986060 0.017206 6.221462 0.511761 0.021577 0.302722 0.639319 -0.969960 0.003179 0.521316 0.001223 -1.070882 1.334958 -0.310427 0.050897 -0.544570 -0.083137 -0.004696 -0.009288 -0.852522 -0.604736 -0.170148 -0.806310 1.605700 0.038591 0.000133 0.304921 0.300170 0.033932 -0.556048 -1.605700 0.022272 -0.001457 
0.179921 0.152571 -0.152137 5.983133 0.017489 6.221715 0.514289 0.020944 0.303000 0.638958 -0.969387 0.003179 0.524361 0.001226 -1.070541 1.335940 -0.311937 0.049670 -0.549670 -0.082338 -0.004772 -0.009419 -0.852620 -0.606544 -0.170236 -0.806460 1.605700 0.038591 0.000133 0.303011 0.302180 0.034133 -0.556048 -1.605700 0.022547 -0.001457 
0.180310 0.152576 -0.152073 5.979949 0.017904 6.221885 0.516383 0.020041 0.303067 0.638570 -0.968600 0.003194 0.527588 0.001233 -1.070206 1.336720 -0.313417 0.048624 -0.555167 -0.081873 -0.004840 -0.009465 -0.852620 -0.610335 -0.171259 -0.806460 1.605700 0.038591 0.000133 0.299040 0.303716 0.034224 -0.556048 -1.605700 0.022726 -0.001457 
0.180734 0.152528 -0.151966 5.976667 0.018178 6.221905 0.518477 0.019344 0.303127 0.638188 -0.967588 0.003187 0.530917 0.001568 -1.069687 1.337339 -0.314876 0.047512 -0.561004 -0.081780 -0.004895 -0.009571 -0.852620 -0.615482 -0.172941 -0.806460 1.605700 0.038591 0.000133 0.293597 0.305050 0.034275 -0.556079 -1.605700 0.022851 -0.001457 
0.181104 0.152417 -0.151872 5.973375 0.018323 6.221702 0.520118 0.018865 0.303145 0.637802 -0.966584 0.003187 0.534391 0.002131 -1.069395 1.338043 -0.316194 0.046645 -0.566645 -0.081766 -0.004943 -0.009674 -0.852657 -0.621157 -0.174916 -0.806547 1.605700 0.038591 0.000133 0.287854 0.306472 0.034370 -0.557241 -1.605700 0.023011 -0.001457 
0.181418 0.152293 -0.151771 5.970315 0.018274 6.221470 0.521731 0.018600 0.303193 0.637519 -0.965633 0.003187 0.537489 0.002747 -1.069062 1.338713 -0.317365 0.046534 -0.571983 -0.081766 -0.004990 -0.009807 -0.852975 -0.626419 -0.176733 -0.806883 1.605700 0.038720 0.000133 0.282487 0.307976 0.034490 -0.559520 -1.605700 0.023177 -0.001451 
0.181643 0.152189 -0.151655 5.967523 0.018070 6.221284 0.523149 0.018291 0.303273 0.637241 -0.964969 0.003199 0.540292 0.003302 -1.068567 1.339126 -0.318278 0.046508 -0.576204 -0.081766 -0.005034 -0.009907 -0.853470 -0.630856 -0.178279 -0.807395 1.605700 0.039245 0.000204 0.277676 0.309406 0.034633 -0.562172 -1.605700 0.023368 -0.001372 
0.181808 0.152100 -0.151554 5.965482 0.017680 6.221170 0.523599 0.018020 0.303537 0.637125 -0.964255 0.003199 0.542361 0.003833 -1.067956 1.339389 -0.318933 0.046490 -0.579391 -0.081766 -0.005077 -0.009990 -0.854103 -0.634160 -0.179417 -0.808001 1.605700 0.039813 0.000460 0.273860 0.310703 0.034760 -0.564709 -1.605700 0.023532 -0.001244 
0.181876 0.152019 -0.151482 5.964036 0.017216 6.221046 0.523599 0.017733 0.303797 0.636959 -0.964277 0.003221 0.543785 0.004348 -1.067437 1.339585 -0.319348 0.046500 -0.580970 -0.081773 -0.005101 -0.010089 -0.854591 -0.636279 -0.180129 -0.808491 1.605700 0.040271 0.000754 0.271250 0.311775 0.034922 -0.566633 -1.605700 0.023716 -0.001065 
0.181912 0.151993 -0.151436 5.963317 0.016692 6.221019 0.523599 0.017733 0.304185 0.636939 -0.964015 0.003221 0.544511 0.004719 -1.066933 1.339662 -0.319488 0.046499 -0.581299 -0.081773 -0.005115 -0.010207 -0.855111 -0.637007 -0.180313 -0.808885 1.605700 0.040443 0.000923 0.270205 0.312522 0.035049 -0.567786 -1.605700 0.023849 -0.000888 
0.181897 0.152055 -0.151433 5.963325 0.016350 6.221086 0.523599 0.017733 0.304507 0.636939 -0.964015 0.003221 0.544519 0.004723 -1.066659 1.339736 -0.319491 0.046499 -0.581160 -0.081773 -0.005116 -0.010270 -0.855537 -0.637004 -0.180313 -0.809127 1.605700 0.040443 0.000923 0.270204 0.312917 0.035261 -0.567913 -1.605700 0.023979 -0.000683 
0.181898 0.152156 -0.151445 5.963328 0.016066 6.221050 0.523599 0.017728 0.304773 0.636937 -0.964015 0.003221 0.544493 0.004724 -1.066505 1.339953 -0.319580 0.046533 -0.580797 -0.081773 -0.005116 -0.010331 -0.855638 -0.636993 -0.180313 -0.809141 1.605700 0.040443 0.000923 0.270439 0.313150 0.035343 -0.567913 -1.605700 0.024027 -0.000536 
0.181894 0.152285 -0.151456 5.963331 0.015874 6.220897 0.523599 0.017728 0.304901 0.636924 -0.963976 0.003221 0.544493 0.004722 -1.066505 1.340169 -0.319701 0.046533 -0.580614 -0.081773 -0.005116 -0.010372 -0.855658 -0.636783 -0.180313 -0.809141 1.605700 0.040443 0.000923 0.270890 0.313402 0.035391 -0.567913 -1.605700 0.024054 -0.000423 
0.181932 0.152457 -0.151449 5.963322 0.015691 6.220664 0.523599 0.017713 0.305033 0.636862 -0.963738 0.003225 0.544509 0.004706 -1.066402 1.340441 -0.319998 0.046556 -0.580608 -0.081773 -0.005122 -0.010428 -0.855666 -0.636695 -0.180313 -0.809145 1.605700 0.040443 0.000923 0.271114 0.313727 0.035402 -0.567913 -1.605700 0.024059 -0.000359 
0.181995 0.152670 -0.151442 5.963299 0.015544 6.220338 0.523599 0.017711 0.305135 0.636793 -0.963336 0.003225 0.544518 0.004708 -1.066379 1.340742 -0.320318 0.046586 -0.580602 -0.081773 -0.005130 -0.010464 -0.855673 -0.636693 -0.180313 -0.809154 1.605700 0.040443 0.000923 0.271118 0.314226 0.035439 -0.567913 -1.605700 0.024086 -0.000273 
0.182082 0.152905 -0.151420 5.963173 0.015401 6.219897 0.523599 0.017730 0.305206 0.636677 -0.962748 0.003225 0.544895 0.004657 -1.066354 1.341042 -0.320713 0.046794 -0.580571 -0.081755 -0.005141 -0.010539 -0.855686 -0.636674 -0.180313 -0.809202 1.605700 0.040443 0.000923 0.271139 0.314958 0.035542 -0.567913 -1.605700 0.024160 -0.000150 
0.182174 0.153124 -0.151367 5.963036 0.015282 6.219332 0.523599 0.017869 0.305226 0.636411 -0.961944 0.003225 0.546604 0.004459 -1.066005 1.341870 -0.321941 0.045126 -0.580637 -0.081756 -0.005154 -0.010586 -0.855700 -0.636650 -0.180313 -0.809215 1.605700 0.040443 0.000923 0.271161 0.315857 0.035700 -0.567913 -1.605700 0.024281 0.000006 
0.182215 0.153349 -0.151292 5.963350 0.015262 6.218818 0.523599 0.018046 0.305226 0.635910 -0.961261 0.003237 0.547453 0.004276 -1.065814 1.342030 -0.322610 0.044310 -0.581052 -0.081768 -0.005161 -0.010660 -0.856058 -0.636647 -0.180313 -0.809485 1.605700 0.040443 0.000923 0.271145 0.316837 0.035836 -0.567913 -1.605700 0.024404 0.000128 
0.182263 0.153597 -0.151249 5.963319 0.015177 6.218378 0.523599 0.018041 0.305226 0.635700 -0.960641 0.003237 0.547428 0.004278 -1.065691 1.342159 -0.323010 0.044394 -0.581106 -0.081768 -0.005165 -0.010672 -0.856361 -0.636645 -0.180313 -0.809771 1.605700 0.040443 0.000923 0.271147 0.317641 0.036003 -0.567913 -1.605700 0.024555 0.000282 
0.182303 0.153836 -0.151207 5.963281 0.015049 6.217962 0.523599 0.018021 0.305226 0.635551 -0.960134 0.003244 0.547472 0.004273 -1.065522 1.342302 -0.323524 0.044417 -0.581246 -0.081769 -0.005169 -0.010685 -0.856495 -0.636645 -0.180313 -0.809902 1.605700 0.040443 0.000923 0.271147 0.318224 0.036120 -0.567913 -1.605700 0.024664 0.000417 
0.182349 0.154021 -0.151152 5.963035 0.014857 6.217498 0.523599 0.018103 0.305189 0.635258 -0.959712 0.003246 0.547875 0.004053 -1.064629 1.341952 -0.324928 0.047749 -0.581484 -0.081767 -0.005177 -0.010742 -0.856605 -0.636638 -0.180313 -0.809965 1.605700 0.040443 0.000923 0.271145 0.318586 0.036199 -0.567923 -1.605700 0.024734 0.000516 
0.182537 0.154168 -0.151099 5.962578 0.014546 6.217054 0.523599 0.018242 0.305082 0.634956 -0.959654 0.003246 0.548280 0.004193 -1.063312 1.341622 -0.325370 0.049712 -0.582242 -0.081948 -0.005190 -0.010879 -0.856740 -0.636636 -0.180313 -0.810049 1.605700 0.040443 0.000928 0.271097 0.318720 0.036233 -0.567928 -1.605700 0.024775 0.000602 
0.182641 0.154381 -0.151049 5.962551 0.014475 6.216705 0.523599 0.018239 0.305079 0.634929 -0.958879 0.003246 0.548298 0.004200 -1.063320 1.341973 -0.325832 0.049696 -0.583897 -0.081953 -0.005190 -0.010890 -0.856948 -0.636636 -0.180313 -0.810207 1.605700 0.040443 0.000928 0.270847 0.318875 0.036234 -0.567928 -1.605699 0.024777 0.000627 
0.182684 0.154610 -0.151013 5.962191 0.014292 6.216348 0.523599 0.018093 0.305079 0.634929 -0.958357 0.003246 0.548654 0.004219 -1.063320 1.342287 -0.326187 0.049696 -0.585216 -0.081953 -0.005192 -0.010891 -0.856948 -0.636636 -0.180313 -0.810211 1.605700 0.040443 0.000928 0.270259 0.319005 0.036234 -0.567928 -1.605699 0.024777 0.000638 
0.182661 0.154826 -0.150984 5.961617 0.013996 6.215973 0.523599 0.017917 0.305079 0.634929 -0.958069 0.003246 0.549231 0.004310 -1.063320 1.342528 -0.326392 0.049696 -0.586129 -0.081953 -0.005198 -0.010891 -0.856948 -0.636637 -0.180313 -0.810211 1.605700 0.040443 0.000928 0.269335 0.319173 0.036234 -0.567928 -1.605699 0.024777 0.000652 
0.182607 0.155003 -0.150953 5.961069 0.013603 6.215536 0.523599 0.017873 0.305015 0.634884 -0.958168 0.003201 0.549794 0.004511 -1.063141 1.342740 -0.327156 0.049945 -0.586817 -0.081953 -0.005203 -0.010891 -0.856947 -0.636848 -0.180313 -0.810222 1.605700 0.040443 0.000928 0.268272 0.319353 0.036237 -0.567938 -1.605699 0.024785 0.000678 
0.182568 0.155157 -0.150907 5.960387 0.013169 6.215066 0.523599 0.017891 0.304867 0.634799 -0.958187 0.003201 0.550364 0.004761 -1.062651 1.342764 -0.327745 0.051205 -0.587208 -0.081976 -0.005216 -0.010903 -0.856943 -0.637215 -0.180318 -0.810246 1.605700 0.040443 0.000932 0.267580 0.319480 0.036250 -0.568213 -1.605699 0.024803 0.000738 
0.182530 0.155358 -0.150861 5.960157 0.012900 6.214688 0.523599 0.017841 0.304791 0.634778 -0.958030 0.003154 0.550624 0.004834 -1.062625 1.342906 -0.327817 0.051207 -0.587973 -0.081977 -0.005220 -0.010904 -0.856951 -0.637952 -0.180318 -0.810312 1.605700 0.040443 0.000932 0.266970 0.319530 0.036252 -0.568436 -1.605699 0.024803 0.000748 
0.182502 0.155549 -0.150806 5.959859 0.012607 6.214273 0.523599 0.017865 0.304578 0.634711 -0.957905 0.003154 0.550975 0.004926 -1.062377 1.343085 -0.328226 0.051838 -0.588379 -0.081989 -0.005225 -0.010904 -0.856965 -0.638752 -0.180359 -0.810357 1.605700 0.040443 0.000947 0.266552 0.319639 0.036270 -0.568747 -1.605699 0.024816 0.000777 
0.182462 0.155768 -0.150775 5.959749 0.012335 6.213934 0.523599 0.017845 0.304571 0.634711 -0.957596 0.003154 0.551077 0.004959 -1.062386 1.343211 -0.328232 0.051843 -0.588722 -0.081989 -0.005226 -0.010904 -0.856965 -0.639482 -0.180448 -0.810399 1.605700 0.040443 0.000976 0.266148 0.319786 0.036270 -0.569009 -1.605699 0.024816 0.000784 
0.182415 0.155967 -0.150757 5.959611 0.012005 6.213604 0.523599 0.017853 0.304571 0.634711 -0.957491 0.003154 0.551317 0.005011 -1.062386 1.343368 -0.328178 0.051875 -0.588819 -0.082009 -0.005227 -0.010904 -0.856965 -0.639879 -0.180560 -0.810399 1.605700 0.040443 0.001022 0.265936 0.320004 0.036279 -0.569225 -1.605699 0.024822 0.000806 
0.182383 0.156148 -0.150734 5.959522 0.011702 6.213300 0.523599 0.017873 0.304461 0.634674 -0.957589 0.003153 0.551394 0.005085 -1.062209 1.343419 -0.327390 0.052216 -0.588907 -0.082061 -0.005230 -0.010904 -0.856965 -0.640004 -0.180633 -0.810399 1.605700 0.040443 0.001056 0.265880 0.320192 0.036304 -0.569345 -1.605699 0.024834 0.000850 
0.182336 0.156322 -0.150690 5.959509 0.011507 6.212988 0.523599 0.017870 0.304208 0.634674 -0.957560 0.003153 0.551403 0.005131 -1.062209 1.343427 -0.327455 0.052216 -0.588987 -0.082065 -0.005230 -0.010904 -0.856965 -0.640075 -0.180685 -0.810399 1.605700 0.040443 0.001093 0.265748 0.320366 0.036304 -0.569466 -1.605699 0.024834 0.000869 
0.182306 0.156478 -0.150640 5.959490 0.011335 6.212685 0.523599 0.017886 0.303886 0.634628 -0.957638 0.003153 0.551411 0.005187 -1.062109 1.343475 -0.327530 0.052357 -0.589013 -0.082084 -0.005233 -0.010904 -0.856964 -0.640179 -0.180728 -0.810399 1.605700 0.040443 0.001116 0.265657 0.320465 0.036329 -0.569574 -1.605699 0.024845 0.000903 
0.182285 0.156628 -0.150585 5.959453 0.011205 6.212371 0.523599 0.017897 0.303548 0.634528 -0.957675 0.003153 0.551376 0.005209 -1.061959 1.343467 -0.328201 0.052905 -0.589050 -0.082091 -0.005235 -0.010904 -0.856984 -0.640309 -0.180781 -0.810418 1.605700 0.040443 0.001142 0.265525 0.320514 0.036354 -0.569652 -1.605683 0.024855 0.000935 
0.182287 0.156794 -0.150525 5.959433 0.011087 6.212033 0.523599 0.017907 0.303209 0.634398 -0.957655 0.003146 0.551407 0.005262 -1.061866 1.343521 -0.328298 0.052967 -0.589170 -0.082105 -0.005235 -0.010904 -0.856983 -0.640410 -0.180860 -0.810418 1.605700 0.040443 0.001179 0.265406 0.320550 0.036359 -0.569778 -1.605523 0.024855 0.000960 
0.182281 0.156951 -0.150470 5.959402 0.010987 6.211701 0.523599 0.017921 0.302892 0.634240 -0.957657 0.003105 0.551406 0.005302 -1.061633 1.343356 -0.329174 0.053161 -0.589318 -0.082111 -0.005237 -0.010904 -0.856987 -0.640464 -0.180899 -0.810426 1.605700 0.040443 0.001206 0.265270 0.320635 0.036369 -0.569860 -1.605346 0.024861 0.000993 
0.182309 0.157117 -0.150405 5.959364 0.010903 6.211354 0.523599 0.017928 0.302532 0.634087 -0.957617 0.003047 0.551454 0.005347 -1.061541 1.343431 -0.329261 0.053312 -0.589515 -0.082146 -0.005237 -0.010904 -0.856985 -0.640626 -0.180987 -0.810426 1.605700 0.040443 0.001242 0.265108 0.320662 0.036379 -0.569978 -1.605155 0.024866 0.001009 
0.182367 0.157237 -0.150317 5.959144 0.010830 6.210857 0.523599 0.018049 0.301819 0.633773 -0.957967 0.003031 0.551737 0.005412 -1.060776 1.343232 -0.330940 0.054737 -0.589688 -0.082218 -0.005245 -0.010904 -0.856979 -0.640700 -0.181041 -0.810433 1.605700 0.040443 0.001265 0.265053 0.320759 0.036405 -0.570053 -1.604994 0.024878 0.001045 
0.182406 0.157418 -0.150274 5.959051 0.010913 6.210424 0.523599 0.018044 0.301550 0.633609 -0.957573 0.002929 0.551848 0.005419 -1.061057 1.343460 -0.331019 0.054741 -0.589950 -0.082387 -0.005245 -0.010904 -0.856990 -0.641049 -0.181127 -0.810468 1.605700 0.040449 0.001305 0.264589 0.320893 0.036405 -0.570227 -1.604840 0.024878 0.001045 
0.182528 0.157610 -0.150273 5.958937 0.010775 6.210077 0.523599 0.018056 0.301478 0.633541 -0.957536 0.002828 0.552022 0.005517 -1.060929 1.343902 -0.330513 0.054262 -0.590250 -0.082513 -0.005245 -0.010904 -0.856990 -0.641175 -0.181278 -0.810469 1.605699 0.040486 0.001377 0.264347 0.320980 0.036405 -0.570522 -1.604711 0.024878 0.001046 
0.182571 0.157771 -0.150254 5.958914 0.010723 6.209791 0.523599 0.018056 0.301365 0.633494 -0.957364 0.002698 0.552037 0.005522 -1.061041 1.344194 -0.330808 0.054262 -0.590567 -0.082565 -0.005245 -0.010904 -0.856990 -0.641264 -0.181355 -0.810469 1.605699 0.040530 0.001439 0.263989 0.321197 0.036405 -0.570690 -1.604585 0.024878 0.001048 
0.182593 0.157892 -0.150215 5.958832 0.010576 6.209542 0.523599 0.018089 0.301160 0.633398 -0.957450 0.002582 0.552233 0.005512 -1.060886 1.344305 -0.330656 0.054730 -0.590689 -0.082596 -0.005245 -0.010904 -0.856990 -0.641332 -0.181399 -0.810469 1.605699 0.040563 0.001477 0.263731 0.321360 0.036438 -0.570895 -1.604480 0.024884 0.001063 
0.182613 0.158004 -0.150161 5.958773 0.010525 6.209284 0.523599 0.018091 0.300816 0.633262 -0.957543 0.002496 0.552317 0.005518 -1.060641 1.344227 -0.331700 0.054988 -0.590839 -0.082734 -0.005245 -0.010904 -0.856997 -0.641578 -0.181460 -0.810474 1.605699 0.040616 0.001511 0.263534 0.321390 0.036453 -0.571022 -1.604378 0.024889 0.001082 
0.182600 0.158146 -0.150120 5.958771 0.010412 6.209057 0.523599 0.018090 0.300716 0.633200 -0.957343 0.002424 0.552317 0.005518 -1.060657 1.344275 -0.331725 0.054987 -0.590918 -0.082734 -0.005245 -0.010904 -0.856997 -0.641784 -0.181553 -0.810474 1.605699 0.040699 0.001566 0.263277 0.321390 0.036453 -0.571178 -1.604293 0.024889 0.001082 
0.182573 0.158271 -0.150105 5.958771 0.010219 6.208891 0.523599 0.018092 0.300704 0.633195 -0.957341 0.002381 0.552354 0.005517 -1.060657 1.344391 -0.331729 0.054991 -0.590941 -0.082757 -0.005245 -0.010904 -0.856997 -0.641832 -0.181588 -0.810474 1.605699 0.040744 0.001599 0.263236 0.321391 0.036453 -0.571273 -1.604211 0.024889 0.001084 
0.182583 0.158380 -0.150063 5.958729 0.010069 6.208675 0.523599 0.018169 0.300455 0.633041 -0.957579 0.002307 0.552475 0.005429 -1.060291 1.344445 -0.331192 0.058233 -0.590976 -0.082847 -0.005246 -0.010904 -0.856993 -0.641964 -0.181613 -0.810474 1.605699 0.040779 0.001618 0.263156 0.321401 0.036458 -0.571344 -1.604148 0.024889 0.001092 
0.182580 0.158495 -0.150041 5.958709 0.009992 6.208408 0.523599 0.018219 0.300277 0.632997 -0.957556 0.002220 0.552747 0.005237 -1.060113 1.344484 -0.332806 0.058086 -0.591093 -0.082985 -0.005255 -0.010904 -0.856962 -0.642055 -0.181665 -0.810474 1.605699 0.040826 0.001649 0.263042 0.321459 0.036466 -0.571418 -1.604086 0.024889 0.001100 
0.182562 0.158647 -0.150004 5.958695 0.009868 6.208170 0.523599 0.018235 0.300139 0.632938 -0.957481 0.002111 0.552791 0.005237 -1.060083 1.344611 -0.332769 0.058056 -0.591144 -0.082997 -0.005255 -0.010904 -0.856959 -0.642088 -0.181694 -0.810474 1.605699 0.040865 0.001670 0.262972 0.321459 0.036469 -0.571485 -1.604023 0.024889 0.001103 
0.182521 0.158815 -0.149993 5.958702 0.009655 6.207931 0.523599 0.018261 0.300090 0.632889 -0.957554 0.002054 0.552820 0.005233 -1.060085 1.344845 -0.332812 0.058052 -0.591151 -0.082999 -0.005255 -0.010904 -0.856953 -0.642090 -0.181698 -0.810474 1.605699 0.040867 0.001671 0.262972 0.321460 0.036469 -0.571496 -1.603981 0.024889 0.001103 
0.182480 0.159004 -0.149969 5.958707 0.009423 6.207661 0.523599 0.018260 0.300040 0.632889 -0.957454 0.002012 0.552838 0.005232 -1.060093 1.344949 -0.332768 0.058051 -0.591154 -0.083005 -0.005255 -0.010904 -0.856953 -0.642115 -0.181710 -0.810474 1.605699 0.040892 0.001683 0.262963 0.321461 0.036469 -0.571523 -1.603931 0.024889 0.001104 
0.182429 0.159186 -0.149949 5.958720 0.009173 6.207399 0.523599 0.018280 0.299996 0.632875 -0.957439 0.002003 0.552864 0.005222 -1.060059 1.345108 -0.332827 0.058079 -0.591169 -0.083021 -0.005255 -0.010904 -0.856947 -0.642151 -0.181732 -0.810474 1.605699 0.040915 0.001692 0.262961 0.321463 0.036470 -0.571527 -1.603896 0.024889 0.001108 
0.182377 0.159357 -0.149937 5.958725 0.008923 6.207174 0.523599 0.018280 0.299996 0.632875 -0.957439 0.001955 0.552864 0.005222 -1.060059 1.345212 -0.332827 0.058079 -0.591169 -0.083021 -0.005255 -0.010904 -0.856947 -0.642151 -0.181734 -0.810474 1.605699 0.040922 0.001696 0.262961 0.321463 0.036470 -0.571527 -1.603864 0.024889 0.001108 
0.182337 0.159509 -0.149912 5.958731 0.008714 6.206949 0.523599 0.018309 0.299900 0.632826 -0.957498 0.001914 0.552884 0.005213 -1.059977 1.345319 -0.332852 0.058192 -0.591176 -0.083034 -0.005255 -0.010904 -0.856942 -0.642192 -0.181748 -0.810474 1.605699 0.040937 0.001702 0.262959 0.321471 0.036470 -0.571556 -1.603837 0.024889 0.001108 
0.182288 0.159636 -0.149865 5.958816 0.008606 6.206653 0.523599 0.018509 0.299628 0.632678 -0.957580 0.002021 0.552997 0.005143 -1.059671 1.345418 -0.332223 0.058692 -0.591282 -0.083106 -0.005256 -0.010904 -0.856929 -0.642309 -0.181808 -0.810474 1.605699 0.040975 0.001725 0.262896 0.321506 0.036472 -0.571568 -1.603804 0.024889 0.001113 
0.182246 0.159783 -0.149824 5.958808 0.008464 6.206375 0.523599 0.018528 0.299406 0.632602 -0.957780 0.001876 0.553109 0.005237 -1.059288 1.345428 -0.334368 0.057638 -0.591309 -0.083122 -0.005256 -0.010904 -0.856921 -0.642387 -0.181839 -0.810474 1.605699 0.040997 0.001736 0.262884 0.321512 0.036481 -0.571579 -1.603785 0.024890 0.001123 
0.182196 0.159906 -0.149802 5.958848 0.008444 6.206156 0.523599 0.018515 0.299254 0.632527 -0.957654 0.001867 0.553136 0.005209 -1.059320 1.345670 -0.334704 0.057689 -0.591389 -0.083226 -0.005256 -0.010904 -0.856928 -0.642533 -0.181886 -0.810474 1.605699 0.041033 0.001763 0.262864 0.321563 0.036483 -0.571623 -1.603766 0.024890 0.001128 
0.182212 0.159981 -0.149776 5.958845 0.008352 6.206011 0.523599 0.018572 0.299147 0.632469 -0.957631 0.001873 0.553211 0.005163 -1.059114 1.345625 -0.333505 0.058240 -0.591417 -0.083276 -0.005256 -0.010904 -0.856922 -0.642629 -0.181941 -0.810474 1.605699 0.041076 0.001778 0.262860 0.321572 0.036485 -0.571635 -1.603712 0.024890 0.001131 
0.182221 0.160050 -0.149710 5.958851 0.008396 6.205777 0.523599 0.018670 0.298687 0.632308 -0.957945 0.001684 0.553338 0.005161 -1.058889 1.345737 -0.334240 0.058497 -0.591523 -0.083298 -0.005256 -0.010904 -0.856903 -0.642749 -0.181989 -0.810474 1.605699 0.041120 0.001801 0.262773 0.321599 0.036509 -0.571737 -1.603634 0.024890 0.001137 
0.182189 0.160121 -0.149665 5.958865 0.008432 6.205561 0.523599 0.018745 0.298413 0.631974 -0.956674 0.000592 0.553489 0.005094 -1.058953 1.345810 -0.334454 0.058467 -0.591582 -0.083316 -0.005256 -0.010904 -0.856904 -0.642791 -0.182005 -0.810474 1.605699 0.041138 0.001812 0.262744 0.321612 0.036518 -0.571744 -1.603616 0.024890 0.001139 
0.182160 0.160194 -0.149637 5.958863 0.008380 6.205429 0.523599 0.018737 0.298308 0.631974 -0.956673 0.000592 0.553489 0.005094 -1.058990 1.345810 -0.334495 0.058466 -0.591582 -0.083316 -0.005256 -0.010904 -0.856908 -0.642830 -0.182011 -0.810474 1.605699 0.041157 0.001822 0.262739 0.321616 0.036518 -0.571753 -1.603560 0.024890 0.001139 
0.182137 0.160237 -0.149591 5.958905 0.008301 6.205273 0.523599 0.018776 0.298000 0.631867 -0.957307 0.000513 0.553530 0.005007 -1.058547 1.345569 -0.333929 0.059581 -0.591622 -0.083383 -0.005256 -0.010904 -0.856895 -0.642894 -0.182042 -0.810474 1.605699 0.041181 0.001829 0.262739 0.321630 0.036530 -0.571781 -1.603495 0.024890 0.001143 
0.182090 0.160300 -0.149562 5.958894 0.008305 6.205116 0.523599 0.018780 0.297849 0.631832 -0.957247 0.000512 0.553572 0.004990 -1.058631 1.345647 -0.334130 0.059499 -0.591623 -0.083422 -0.005256 -0.010904 -0.856896 -0.642949 -0.182053 -0.810474 1.605699 0.041218 0.001839 0.262638 0.321731 0.036531 -0.571879 -1.603429 0.024890 0.001144 
0.182027 0.160386 -0.149541 5.958893 0.008162 6.205001 0.523599 0.018779 0.297836 0.631830 -0.957247 0.000512 0.553572 0.004990 -1.058635 1.345647 -0.334174 0.059486 -0.591623 -0.083422 -0.005257 -0.010904 -0.856896 -0.642949 -0.182053 -0.810474 1.605699 0.041218 0.001839 0.262629 0.321731 0.036531 -0.571880 -1.603362 0.024890 0.001144 
0.181965 0.160475 -0.149522 5.958889 0.007998 6.204865 0.523599 0.018798 0.297828 0.631830 -0.957247 0.000512 0.553772 0.004932 -1.058625 1.345692 -0.334193 0.059526 -0.591623 -0.083423 -0.005257 -0.010904 -0.856896 -0.642958 -0.182057 -0.810474 1.605699 0.041234 0.001840 0.262634 0.321734 0.036532 -0.571880 -1.603344 0.024890 0.001144 
0.181910 0.160555 -0.149506 5.958906 0.007866 6.204755 0.523599 0.018808 0.297818 0.631830 -0.957246 0.000565 0.553779 0.004910 -1.058595 1.345750 -0.334279 0.059558 -0.591640 -0.083453 -0.005257 -0.010904 -0.856896 -0.642972 -0.182067 -0.810474 1.605699 0.041254 0.001849 0.262628 0.321741 0.036533 -0.571898 -1.603343 0.024890 0.001144 
0.181855 0.160624 -0.149487 5.958925 0.007755 6.204647 0.523599 0.018772 0.297757 0.631819 -0.957542 0.000437 0.553781 0.004897 -1.058560 1.345800 -0.334420 0.059571 -0.591662 -0.083455 -0.005257 -0.010904 -0.856897 -0.642996 -0.182070 -0.810474 1.605699 0.041263 0.001850 0.262628 0.321745 0.036541 -0.571898 -1.603336 0.024890 0.001144 
0.181804 0.160685 -0.149471 5.958934 0.007651 6.204548 0.523599 0.018760 0.297711 0.631813 -0.957691 0.000412 0.553791 0.004878 -1.058520 1.345876 -0.334579 0.059558 -0.591677 -0.083456 -0.005257 -0.010904 -0.856898 -0.643005 -0.182076 -0.810474 1.605699 0.041263 0.001850 0.262627 0.321751 0.036546 -0.571900 -1.603312 0.024890 0.001144 
0.181755 0.160736 -0.149455 5.958973 0.007561 6.204455 0.523599 0.018740 0.297640 0.631800 -0.958043 0.000329 0.553796 0.004849 -1.058463 1.345966 -0.334772 0.059589 -0.591715 -0.083456 -0.005257 -0.010904 -0.856898 -0.643024 -0.182084 -0.810474 1.605699 0.041276 0.001851 0.262627 0.321760 0.036553 -0.571903 -1.603257 0.024890 0.001144 
0.181711 0.160783 -0.149444 5.958980 0.007482 6.204385 0.523599 0.018748 0.297617 0.631780 -0.958028 0.000329 0.553754 0.004846 -1.058446 1.346000 -0.334842 0.059515 -0.591721 -0.083463 -0.005257 -0.010904 -0.856907 -0.643052 -0.182092 -0.810474 1.605699 0.041301 0.001852 0.262625 0.321766 0.036557 -0.571909 -1.603196 0.024890 0.001145 
0.181669 0.160822 -0.149432 5.959003 0.007406 6.204317 0.523599 0.018714 0.297560 0.631767 -0.958276 0.000310 0.553761 0.004817 -1.058391 1.346092 -0.335023 0.059542 -0.591744 -0.083465 -0.005257 -0.010904 -0.856908 -0.643068 -0.182097 -0.810474 1.605699 0.041312 0.001852 0.262623 0.321773 0.036564 -0.571917 -1.603138 0.024890 0.001145 
0.181649 0.160838 -0.149418 5.959037 0.007343 6.204253 0.523599 0.018769 0.297487 0.631700 -0.958481 0.000279 0.553927 0.004771 -1.058217 1.346025 -0.335477 0.059466 -0.591777 -0.083530 -0.005258 -0.010904 -0.856906 -0.643128 -0.182112 -0.810474 1.605699 0.041342 0.001852 0.262603 0.321787 0.036570 -0.571989 -1.603077 0.024890 0.001145 
0.181626 0.160861 -0.149410 5.959038 0.007287 6.204230 0.523599 0.018769 0.297485 0.631697 -0.958448 0.000279 0.553927 0.004769 -1.058217 1.346033 -0.335477 0.059466 -0.591777 -0.083530 -0.005258 -0.010904 -0.856906 -0.643133 -0.182118 -0.810474 1.605699 0.041364 0.001852 0.262600 0.321787 0.036570 -0.572027 -1.603021 0.024890 0.001145 
0.181603 0.160878 -0.149404 5.959041 0.007244 6.204209 0.523599 0.018774 0.297475 0.631693 -0.958426 0.000279 0.553929 0.004766 -1.058210 1.346063 -0.335500 0.059478 -0.591781 -0.083530 -0.005260 -0.010904 -0.856906 -0.643136 -0.182121 -0.810474 1.605699 0.041377 0.001852 0.262597 0.321791 0.036573 -0.572037 -1.602962 0.024890 0.001145 
0.181594 0.160902 -0.149384 5.959051 0.007233 6.204148 0.523599 0.018809 0.297371 0.631643 -0.958411 0.000279 0.553938 0.004641 -1.057998 1.345819 -0.334441 0.060892 -0.591785 -0.083571 -0.005270 -0.010904 -0.856899 -0.643181 -0.182145 -0.810474 1.605699 0.041427 0.001855 0.262492 0.321848 0.036575 -0.572115 -1.602905 0.024890 0.001145 
0.181537 0.160947 -0.149373 5.959056 0.007197 6.204055 0.523599 0.018813 0.297282 0.631621 -0.958403 0.000279 0.553935 0.004631 -1.058037 1.345871 -0.334595 0.060787 -0.591787 -0.083573 -0.005275 -0.010905 -0.856900 -0.643196 -0.182148 -0.810474 1.605699 0.041432 0.001855 0.262350 0.321930 0.036579 -0.572245 -1.602849 0.024893 0.001145 
0.181477 0.161019 -0.149364 5.959057 0.007072 6.203958 0.523599 0.018812 0.297263 0.631619 -0.958403 0.000279 0.553935 0.004631 -1.058045 1.345871 -0.334650 0.060771 -0.591787 -0.083573 -0.005285 -0.010905 -0.856900 -0.643197 -0.182150 -0.810474 1.605699 0.041444 0.001855 0.262289 0.321933 0.036579 -0.572330 -1.602794 0.024893 0.001145 
0.181412 0.161068 -0.149343 5.959150 0.006991 6.203801 0.523599 0.018864 0.297134 0.631573 -0.958680 0.000200 0.554031 0.004590 -1.058002 1.346001 -0.334923 0.060571 -0.591869 -0.083597 -0.005303 -0.010905 -0.856894 -0.643255 -0.182188 -0.810474 1.605699 0.041477 0.001855 0.262286 0.321960 0.036600 -0.572359 -1.602747 0.024901 0.001146 
0.181361 0.161111 -0.149333 5.959157 0.006948 6.203705 0.523599 0.018886 0.297050 0.631540 -0.958678 0.000227 0.554029 0.004582 -1.058037 1.346041 -0.335031 0.060578 -0.591879 -0.083647 -0.005310 -0.010905 -0.856917 -0.643345 -0.182208 -0.810474 1.605699 0.041522 0.001856 0.262258 0.321980 0.036610 -0.572437 -1.602685 0.024915 0.001147 
0.181317 0.161153 -0.149328 5.959156 0.006872 6.203643 0.523599 0.018888 0.297025 0.631535 -0.958678 0.000227 0.554035 0.004581 -1.058059 1.346044 -0.335029 0.060590 -0.591879 -0.083648 -0.005319 -0.010905 -0.856917 -0.643357 -0.182212 -0.810474 1.605699 0.041547 0.001856 0.262255 0.321983 0.036611 -0.572447 -1.602637 0.024920 0.001147 
0.181284 0.161191 -0.149317 5.959157 0.006811 6.203577 0.523599 0.018918 0.296959 0.631478 -0.958735 0.000227 0.554034 0.004582 -1.057931 1.345928 -0.335353 0.060590 -0.591879 -0.083660 -0.005333 -0.010905 -0.856914 -0.643386 -0.182221 -0.810474 1.605699 0.041567 0.001856 0.262249 0.322012 0.036619 -0.572488 -1.602582 0.024937 0.001147 
0.181248 0.161218 -0.149309 5.959160 0.006784 6.203518 0.523599 0.018927 0.296907 0.631452 -0.958717 0.000295 0.554026 0.004567 -1.057937 1.346001 -0.335466 0.060579 -0.591885 -0.083661 -0.005346 -0.010905 -0.856916 -0.643397 -0.182232 -0.810474 1.605699 0.041586 0.001856 0.262240 0.322099 0.036644 -0.572529 -1.602527 0.024965 0.001148 
0.181220 0.161228 -0.149292 5.959182 0.006801 6.203435 0.523599 0.018936 0.296750 0.631360 -0.959015 0.000142 0.554005 0.004494 -1.057840 1.345924 -0.334751 0.061436 -0.591905 -0.083666 -0.005354 -0.010905 -0.856912 -0.643475 -0.182264 -0.810474 1.605699 0.041613 0.001858 0.262219 0.322148 0.036667 -0.572549 -1.602514 0.024988 0.001154 
0.181186 0.161251 -0.149279 5.959195 0.006857 6.203313 0.523599 0.018969 0.296593 0.631316 -0.958941 0.000142 0.554098 0.004475 -1.057956 1.345976 -0.334878 0.061229 -0.591918 -0.083700 -0.005357 -0.010905 -0.856915 -0.643521 -0.182290 -0.810475 1.605699 0.041637 0.001861 0.262074 0.322215 0.036675 -0.572629 -1.602513 0.024994 0.001154 
0.181128 0.161299 -0.149271 5.959185 0.006876 6.203175 0.523599 0.018973 0.296447 0.631244 -0.958946 0.000175 0.554098 0.004468 -1.058083 1.346021 -0.335008 0.061223 -0.591918 -0.083700 -0.005359 -0.010905 -0.856911 -0.643521 -0.182292 -0.810475 1.605696 0.041637 0.001861 0.261954 0.322230 0.036676 -0.572678 -1.602513 0.024997 0.001154 
0.181068 0.161345 -0.149251 5.959207 0.006892 6.203024 0.523599 0.019036 0.296256 0.631133 -0.958977 0.000169 0.554088 0.004461 -1.058139 1.346048 -0.335129 0.061139 -0.591943 -0.083707 -0.005362 -0.010905 -0.856912 -0.643547 -0.182313 -0.810475 1.605651 0.041643 0.001862 0.261946 0.322240 0.036681 -0.572733 -1.602506 0.025001 0.001154 
0.181019 0.161369 -0.149230 5.959301 0.006924 6.202900 0.523599 0.019106 0.296062 0.631038 -0.959103 0.000133 0.554251 0.004461 -1.057954 1.345956 -0.336645 0.060303 -0.592022 -0.083756 -0.005371 -0.010905 -0.856893 -0.643581 -0.182333 -0.810475 1.605576 0.041655 0.001869 0.261912 0.322280 0.036687 -0.572774 -1.602502 0.025005 0.001154 
0.181025 0.161380 -0.149192 5.959320 0.006950 6.202800 0.523599 0.019250 0.295827 0.630906 -0.959137 0.000133 0.554185 0.004441 -1.057634 1.345786 -0.336100 0.060883 -0.592034 -0.083832 -0.005374 -0.010905 -0.856922 -0.643663 -0.182348 -0.810475 1.605515 0.041676 0.001869 0.261850 0.322307 0.036696 -0.572828 -1.602472 0.025010 0.001154 
0.181002 0.161389 -0.149178 5.959318 0.006945 6.202776 0.523599 0.019251 0.295779 0.630887 -0.959072 0.000133 0.554185 0.004438 -1.057678 1.345787 -0.336103 0.060883 -0.592034 -0.083832 -0.005374 -0.010905 -0.856922 -0.643663 -0.182348 -0.810475 1.605450 0.041677 0.001869 0.261823 0.322355 0.036699 -0.572848 -1.602428 0.025013 0.001154 
0.180979 0.161398 -0.149168 5.959319 0.006900 6.202776 0.523599 0.019251 0.295774 0.630886 -0.959042 0.000133 0.554185 0.004436 -1.057678 1.345791 -0.336103 0.060882 -0.592034 -0.083832 -0.005375 -0.010905 -0.856922 -0.643663 -0.182348 -0.810475 1.605374 0.041679 0.001869 0.261823 0.322357 0.036705 -0.572849 -1.602386 0.025020 0.001154 
0.180957 0.161399 -0.149158 5.959336 0.006874 6.202771 0.523599 0.019272 0.295747 0.630878 -0.959022 0.000155 0.554185 0.004422 -1.057656 1.345837 -0.336162 0.060903 -0.592044 -0.083833 -0.005384 -0.010905 -0.856930 -0.643683 -0.182358 -0.810475 1.605309 0.041695 0.001870 0.261821 0.322364 0.036713 -0.572858 -1.602337 0.025030 0.001154 
0.180937 0.161405 -0.149150 5.959337 0.006838 6.202772 0.523599 0.019272 0.295741 0.630876 -0.959002 0.000155 0.554185 0.004420 -1.057659 1.345839 -0.336162 0.060903 -0.592044 -0.083833 -0.005391 -0.010905 -0.856930 -0.643683 -0.182358 -0.810475 1.605239 0.041702 0.001870 0.261821 0.322367 0.036721 -0.572873 -1.602297 0.025043 0.001154 
0.180923 0.161406 -0.149142 5.959346 0.006810 6.202770 0.523599 0.019287 0.295734 0.630874 -0.958972 0.000154 0.554291 0.004391 -1.057673 1.345845 -0.336158 0.060826 -0.592048 -0.083848 -0.005401 -0.010905 -0.856928 -0.643691 -0.182359 -0.810475 1.605175 0.041718 0.001870 0.261785 0.322377 0.036734 -0.572949 -1.602250 0.025060 0.001154 
0.180908 0.161408 -0.149136 5.959347 0.006787 6.202774 0.523599 0.019287 0.295726 0.630872 -0.958953 0.000154 0.554291 0.004389 -1.057677 1.345845 -0.336158 0.060826 -0.592048 -0.083848 -0.005411 -0.010905 -0.856928 -0.643692 -0.182359 -0.810475 1.605107 0.041735 0.001870 0.261758 0.322394 0.036746 -0.573016 -1.602209 0.025077 0.001154 
0.180894 0.161410 -0.149130 5.959347 0.006772 6.202776 0.523599 0.019287 0.295713 0.630871 -0.958933 0.000154 0.554291 0.004387 -1.057686 1.345845 -0.336159 0.060826 -0.592048 -0.083848 -0.005421 -0.010905 -0.856928 -0.643694 -0.182359 -0.810475 1.605046 0.041752 0.001870 0.261739 0.322423 0.036758 -0.573059 -1.602164 0.025094 0.001154 
0.180882 0.161410 -0.149124 5.959350 0.006774 6.202765 0.523599 0.019292 0.295682 0.630867 -0.958912 0.000154 0.554298 0.004385 -1.057714 1.345849 -0.336124 0.060842 -0.592049 -0.083850 -0.005432 -0.010905 -0.856928 -0.643709 -0.182363 -0.810475 1.604978 0.041774 0.001870 0.261716 0.322466 0.036777 -0.573102 -1.602126 0.025115 0.001154 
0.180866 0.161407 -0.149116 5.959366 0.006815 6.202730 0.523599 0.019284 0.295596 0.630844 -0.958987 0.000135 0.554299 0.004367 -1.057757 1.345893 -0.336203 0.060856 -0.592061 -0.083851 -0.005447 -0.010905 -0.856928 -0.643754 -0.182381 -0.810475 1.604912 0.041793 0.001872 0.261673 0.322530 0.036798 -0.573153 -1.602089 0.025139 0.001154 
0.180841 0.161392 -0.149102 5.959391 0.007014 6.202584 0.523599 0.019366 0.295284 0.630734 -0.959009 0.000135 0.554291 0.004285 -1.057839 1.345789 -0.335253 0.061707 -0.592087 -0.083892 -0.005459 -0.010905 -0.856931 -0.643896 -0.182434 -0.810475 1.604852 0.041844 0.001883 0.261531 0.322673 0.036843 -0.573272 -1.602046 0.025180 0.001154 
0.180777 0.161401 -0.149087 5.959420 0.007277 6.202354 0.523599 0.019402 0.294894 0.630576 -0.959048 0.000161 0.554264 0.004257 -1.058164 1.345900 -0.335499 0.061643 -0.592126 -0.083895 -0.005472 -0.010905 -0.856937 -0.643951 -0.182470 -0.810475 1.604786 0.041874 0.001893 0.261300 0.322806 0.036878 -0.573387 -1.602004 0.025221 0.001154 
0.180710 0.161368 -0.149045 5.959583 0.007612 6.202033 0.523599 0.019648 0.294337 0.630263 -0.959098 0.000165 0.554193 0.004126 -1.058103 1.345877 -0.336733 0.062428 -0.592228 -0.083961 -0.005490 -0.010907 -0.856969 -0.644060 -0.182558 -0.810475 1.604730 0.041924 0.001903 0.261209 0.322911 0.036912 -0.573509 -1.601967 0.025253 0.001158 
0.180687 0.161379 -0.149025 5.959572 0.007859 6.201861 0.523599 0.019651 0.294060 0.630089 -0.958960 0.000165 0.554193 0.004126 -1.058442 1.345876 -0.336733 0.062342 -0.592228 -0.083961 -0.005490 -0.010907 -0.857138 -0.644127 -0.182558 -0.810475 1.604686 0.041931 0.001903 0.261168 0.322912 0.036912 -0.573525 -1.601934 0.025254 0.001158 
0.180663 0.161407 -0.149009 5.959582 0.007958 6.201732 0.523599 0.019666 0.293901 0.629998 -0.958846 0.000164 0.554227 0.004117 -1.058619 1.345895 -0.336757 0.062269 -0.592240 -0.083967 -0.005493 -0.010907 -0.857142 -0.644131 -0.182561 -0.810475 1.604632 0.041933 0.001903 0.261144 0.322917 0.036912 -0.573533 -1.601899 0.025255 0.001158 
0.180660 0.161398 -0.148953 5.959786 0.008058 6.201568 0.523599 0.020043 0.293621 0.629859 -0.958864 0.000328 0.554211 0.004059 -1.058248 1.345818 -0.336880 0.062982 -0.592406 -0.084068 -0.005518 -0.010907 -0.857255 -0.644208 -0.182620 -0.810479 1.604561 0.041969 0.001908 0.261110 0.322986 0.036937 -0.573626 -1.601857 0.025276 0.001160 
0.180635 0.161422 -0.148924 5.959804 0.008167 6.201438 0.523599 0.020138 0.293394 0.629532 -0.957137 -0.000768 0.554219 0.004048 -1.058380 1.345833 -0.336985 0.062903 -0.592428 -0.084069 -0.005525 -0.010907 -0.857301 -0.644309 -0.182627 -0.810479 1.604516 0.041992 0.001908 0.260990 0.323091 0.036951 -0.573760 -1.601822 0.025288 0.001160 
0.180611 0.161465 -0.148903 5.959810 0.008179 6.201333 0.523599 0.020143 0.293304 0.629532 -0.957137 -0.000768 0.554186 0.004043 -1.058433 1.345861 -0.337063 0.062809 -0.592433 -0.084070 -0.005528 -0.010907 -0.857302 -0.644319 -0.182636 -0.810479 1.604461 0.041999 0.001908 0.260876 0.323144 0.036964 -0.573777 -1.601785 0.025315 0.001161 
0.180586 0.161526 -0.148885 5.959809 0.008109 6.201240 0.523599 0.020143 0.293295 0.629532 -0.957137 -0.000768 0.554186 0.004043 -1.058433 1.345861 -0.337097 0.062805 -0.592433 -0.084070 -0.005530 -0.010907 -0.857302 -0.644319 -0.182636 -0.810479 1.604406 0.041999 0.001908 0.260854 0.323144 0.036966 -0.573829 -1.601754 0.025325 0.001161 
0.180563 0.161581 -0.148868 5.959811 0.008040 6.201151 0.523599 0.020151 0.293288 0.629532 -0.957137 -0.000768 0.554228 0.004034 -1.058439 1.345864 -0.337124 0.062773 -0.592433 -0.084072 -0.005538 -0.010907 -0.857303 -0.644322 -0.182636 -0.810479 1.604350 0.042002 0.001908 0.260849 0.323144 0.036975 -0.573844 -1.601718 0.025338 0.001161 
