0.140377 0.130581 -0.150042 0.204216 0.073305 6.234995 0.007850 0.062535 0.212199 0.711051 -0.992769 -0.013351 0.021458 -0.000575 -1.138118 1.167628 -0.104144 0.046646 0.083486 -0.087232 -0.000100 -0.001799 -0.768119 -0.142809 -0.018400 -0.723994 1.605700 -0.000600 -0.000113 0.825544 -0.006933 -0.000000 -0.329924 -1.605700 -0.000200 -0.000000 
0.141709 0.135909 -0.156077 0.194034 0.060704 6.212934 0.022184 0.075570 0.222132 0.730798 -1.011879 -0.006062 0.040410 0.006265 -1.154046 1.216231 -0.126360 0.058822 0.024932 -0.087266 -0.000100 -0.005623 -0.783060 -0.161212 -0.021893 -0.730064 1.605700 -0.000533 0.000118 0.761723 0.011931 0.000063 -0.349856 -1.605700 -0.000031 0.000241 
0.144061 0.141354 -0.164286 0.181499 0.048457 6.188361 0.042605 0.091474 0.231230 0.757457 -1.038170 0.003240 0.064520 0.016200 -1.177372 1.274397 -0.153208 0.074911 -0.034311 -0.087266 -0.000100 -0.005265 -0.782747 -0.182644 -0.028695 -0.733680 1.605700 -0.000434 -0.000297 0.711333 0.036843 0.001662 -0.363782 -1.605700 0.001053 0.000524 
0.146231 0.148591 -0.171545 0.162164 0.038948 6.164767 0.063561 0.099821 0.236704 0.778572 -1.058995 0.017682 0.084419 0.024160 -1.198432 1.328053 -0.178591 0.090453 -0.083125 -0.087266 -0.000100 -0.005176 -0.767093 -0.210922 -0.038852 -0.733558 1.605700 0.001109 -0.000199 0.665726 0.062851 0.004608 -0.377960 -1.605700 0.003782 0.001565 
0.148075 0.156459 -0.178281 0.140242 0.033402 6.140097 0.086899 0.106628 0.238352 0.794312 -1.076455 0.034972 0.104221 0.032484 -1.221690 1.379051 -0.205725 0.106498 -0.133007 -0.087266 -0.000100 -0.005133 -0.745513 -0.237076 -0.048633 -0.727238 1.605700 0.003423 -0.000042 0.622759 0.085779 0.007373 -0.392071 -1.605700 0.006290 0.002782 
0.149400 0.164687 -0.183706 0.116664 0.030797 6.114759 0.107220 0.110366 0.237215 0.802661 -1.087280 0.053823 0.121890 0.041222 -1.243527 1.421265 -0.229898 0.120310 -0.178856 -0.087135 -0.000100 -0.005133 -0.721337 -0.260695 -0.057844 -0.716607 1.605700 0.006712 0.000606 0.578776 0.106082 0.009710 -0.408460 -1.605700 0.008602 0.003846 
0.150976 0.172863 -0.189449 0.092689 0.027253 6.088546 0.127410 0.114551 0.235791 0.812114 -1.098427 0.070887 0.138542 0.051011 -1.265881 1.464998 -0.253711 0.135846 -0.223776 -0.084382 -0.000100 -0.005082 -0.703040 -0.278195 -0.065031 -0.707118 1.605700 0.009014 0.000847 0.532301 0.122440 0.011433 -0.425842 -1.605700 0.010177 0.004523 
0.152209 0.181002 -0.194153 0.067085 0.022620 6.062237 0.141951 0.116035 0.235049 0.818602 -1.106103 0.082677 0.155385 0.060938 -1.284088 1.501588 -0.274870 0.151337 -0.259506 -0.082045 -0.000100 -0.005005 -0.688689 -0.292309 -0.071086 -0.700097 1.605700 0.011298 0.001465 0.483334 0.135442 0.012792 -0.446086 -1.605700 0.011454 0.004927 
0.153354 0.188929 -0.198989 0.041621 0.015569 6.036136 0.156554 0.117526 0.234467 0.827285 -1.114595 0.091254 0.169598 0.070540 -1.299562 1.537937 -0.296367 0.167325 -0.290976 -0.079879 -0.000100 -0.004883 -0.683909 -0.301255 -0.075066 -0.697703 1.605700 0.012147 0.001586 0.435519 0.143471 0.013449 -0.467071 -1.605700 0.011907 0.004974 
0.154073 0.196623 -0.202873 0.017792 0.007203 6.010572 0.167681 0.118147 0.234019 0.834322 -1.120290 0.095276 0.180473 0.080592 -1.309939 1.567851 -0.314748 0.183319 -0.315613 -0.080782 -0.000100 -0.004883 -0.683243 -0.308695 -0.078255 -0.697710 1.605700 0.012866 0.001691 0.392094 0.147068 0.013476 -0.487541 -1.605700 0.011951 0.004974 
0.154666 0.203979 -0.206829 6.279390 -0.003369 5.985611 0.179178 0.118743 0.233437 0.842843 -1.126546 0.101568 0.190691 0.090653 -1.318597 1.596834 -0.331983 0.197818 -0.337397 -0.082670 -0.000100 -0.004883 -0.687851 -0.314734 -0.080548 -0.700124 1.605700 0.013015 0.001661 0.356049 0.147286 0.013476 -0.505416 -1.605700 0.011951 0.004626 
0.154809 0.211185 -0.210161 6.263802 -0.013713 5.962017 0.188233 0.120559 0.233308 0.849719 -1.134435 0.108071 0.199444 0.098931 -1.326246 1.620601 -0.344989 0.210322 -0.357750 -0.087149 -0.000100 -0.004883 -0.692117 -0.322497 -0.083356 -0.705039 1.605700 0.013413 0.001637 0.328123 0.146801 0.013476 -0.518712 -1.605700 0.011951 0.003730 
0.154855 0.218930 -0.213534 6.252579 -0.026185 5.940592 0.198585 0.123473 0.233907 0.858346 -1.143061 0.114956 0.207224 0.104092 -1.331939 1.643749 -0.356814 0.219972 -0.376842 -0.086670 -0.000100 -0.004883 -0.700699 -0.332195 -0.086506 -0.713013 1.605700 0.013966 0.001484 0.305467 0.146231 0.013476 -0.529099 -1.605700 0.011951 0.002601 
0.154280 0.227043 -0.216265 6.245655 -0.039798 5.919681 0.206360 0.126481 0.235192 0.865859 -1.150575 0.120765 0.213849 0.108034 -1.335267 1.662457 -0.365166 0.227412 -0.392716 -0.077327 -0.000100 -0.004940 -0.709672 -0.344481 -0.090398 -0.722037 1.605700 0.015355 0.001484 0.285515 0.146365 0.013476 -0.538237 -1.605700 0.011951 0.001810 
0.152892 0.236075 -0.219034 6.239657 -0.054324 5.899763 0.216020 0.128625 0.236151 0.873727 -1.157677 0.126827 0.218307 0.109599 -1.337865 1.679967 -0.371452 0.232314 -0.406178 -0.056801 -0.000174 -0.005040 -0.719267 -0.356606 -0.094096 -0.731174 1.605700 0.016722 0.001484 0.268665 0.147461 0.013476 -0.546557 -1.605700 0.011951 0.000993 
0.150446 0.245246 -0.221186 6.233620 -0.066327 5.879326 0.223098 0.129224 0.236140 0.877614 -1.164236 0.131089 0.222720 0.110548 -1.342670 1.693768 -0.378150 0.237878 -0.417690 -0.037587 -0.000277 -0.005044 -0.719179 -0.365681 -0.097279 -0.733136 1.605700 0.018029 0.001484 0.260377 0.152069 0.013476 -0.550017 -1.605700 0.011951 0.000390 
0.147438 0.254744 -0.223304 6.229206 -0.078178 5.858116 0.229537 0.130464 0.235249 0.881496 -1.171623 0.135676 0.228357 0.110466 -1.349290 1.707569 -0.387745 0.243355 -0.430806 -0.013092 -0.000523 -0.005044 -0.715803 -0.370444 -0.099157 -0.733160 1.605700 0.018401 0.001484 0.254778 0.159297 0.013476 -0.550610 -1.605700 0.011951 -0.000048 
0.144046 0.264608 -0.225080 6.224448 -0.089180 5.836881 0.235566 0.130724 0.233122 0.883654 -1.177964 0.138940 0.232528 0.110264 -1.355240 1.718562 -0.395843 0.248185 -0.441509 0.006007 -0.000730 -0.005044 -0.703623 -0.372962 -0.100572 -0.730926 1.605700 0.018592 0.001438 0.253375 0.167720 0.013476 -0.550609 -1.605700 0.011951 -0.000178 
0.140602 0.274910 -0.226941 6.222209 -0.100863 5.815149 0.240613 0.131444 0.230838 0.886421 -1.184762 0.142619 0.237715 0.109241 -1.361266 1.729684 -0.405297 0.252023 -0.453446 0.025081 -0.000969 -0.005044 -0.693062 -0.373917 -0.101393 -0.726084 1.605700 0.018592 0.001002 0.248483 0.175906 0.013476 -0.550609 -1.605700 0.011951 -0.000232 
0.137264 0.285639 -0.228694 6.220374 -0.113373 5.793404 0.245259 0.131700 0.228738 0.888431 -1.190387 0.145497 0.241791 0.108025 -1.364459 1.738839 -0.412984 0.255613 -0.463114 0.036751 -0.001143 -0.005044 -0.681666 -0.375222 -0.102371 -0.718870 1.605700 0.018592 0.000563 0.241469 0.182889 0.013570 -0.550609 -1.605700 0.011951 -0.000234 
0.133964 0.296859 -0.230720 6.221062 -0.126822 5.771120 0.249388 0.132183 0.226792 0.891120 -1.196158 0.148508 0.246778 0.106297 -1.367812 1.748922 -0.420912 0.255685 -0.474546 0.046149 -0.001321 -0.005044 -0.676498 -0.377206 -0.103347 -0.714345 1.605700 0.018592 -0.000124 0.228420 0.188371 0.013978 -0.550916 -1.605700 0.011951 -0.000234 
0.130531 0.308442 -0.232789 6.222299 -0.141160 5.747923 0.252869 0.132541 0.224869 0.893174 -1.200738 0.151147 0.251095 0.104349 -1.368667 1.756823 -0.428004 0.258722 -0.484746 0.050119 -0.001496 -0.005044 -0.674546 -0.381183 -0.104835 -0.712337 1.605700 0.018592 -0.000522 0.213607 0.192968 0.014569 -0.554864 -1.605700 0.011951 -0.000234 
0.126699 0.320473 -0.235159 6.224163 -0.156306 5.723308 0.256156 0.132899 0.222477 0.895262 -1.205497 0.154146 0.255664 0.103205 -1.370214 1.765075 -0.435160 0.259080 -0.494680 0.052223 -0.001659 -0.005044 -0.677420 -0.387544 -0.106635 -0.712337 1.605700 0.018772 -0.000861 0.196021 0.197101 0.015136 -0.562034 -1.605700 0.011951 -0.000234 
0.122239 0.333069 -0.237766 6.225805 -0.172258 5.697180 0.259176 0.132912 0.219809 0.896305 -1.209382 0.156375 0.259427 0.102440 -1.370908 1.771521 -0.441293 0.260942 -0.503291 0.052691 -0.001761 -0.005044 -0.682278 -0.395326 -0.108921 -0.713037 1.605700 0.019572 -0.000912 0.178356 0.200831 0.015746 -0.571277 -1.605700 0.011951 -0.000234 
0.117002 0.346494 -0.240919 6.227605 -0.188933 5.669798 0.262773 0.132503 0.216558 0.897142 -1.213540 0.158294 0.262925 0.101425 -1.372628 1.778035 -0.447498 0.261024 -0.512664 0.054112 -0.001868 -0.005044 -0.689370 -0.402848 -0.111066 -0.716986 1.605700 0.020579 -0.000912 0.161689 0.204236 0.016229 -0.580480 -1.605700 0.011951 -0.000234 
0.110942 0.360823 -0.244570 6.228512 -0.207049 5.641211 0.265868 0.130031 0.212904 0.897353 -1.217215 0.159524 0.265851 0.099750 -1.373240 1.782668 -0.452956 0.262403 -0.520489 0.055260 -0.001975 -0.005044 -0.694889 -0.409862 -0.113110 -0.721607 1.605700 0.021748 -0.000912 0.148793 0.207284 0.016665 -0.588353 -1.605700 0.011957 -0.000234 
0.103874 0.376248 -0.249067 6.229162 -0.226373 5.611408 0.269421 0.126088 0.208381 0.897501 -1.221078 0.160777 0.268189 0.097143 -1.374725 1.787085 -0.458624 0.262235 -0.528065 0.058242 -0.002083 -0.005044 -0.699593 -0.415775 -0.114826 -0.726302 1.605700 0.022728 -0.000912 0.139175 0.210081 0.017012 -0.594140 -1.605700 0.012146 -0.000234 
0.095869 0.392663 -0.254372 6.230043 -0.247172 5.579781 0.272554 0.121946 0.203702 0.897500 -1.224787 0.161127 0.269759 0.093790 -1.375592 1.789668 -0.463984 0.261972 -0.534318 0.061510 -0.002181 -0.005044 -0.700442 -0.420783 -0.116379 -0.728873 1.605700 0.023620 -0.000912 0.133916 0.212515 0.017326 -0.597523 -1.605700 0.012449 -0.000234 
0.086795 0.410340 -0.260999 6.231212 -0.269382 5.546978 0.276493 0.116648 0.199256 0.897408 -1.228373 0.161762 0.270412 0.089049 -1.377236 1.791870 -0.469155 0.261786 -0.540080 0.065452 -0.002259 -0.005044 -0.700429 -0.424214 -0.117561 -0.729355 1.605700 0.024177 -0.000912 0.131609 0.214499 0.017551 -0.598623 -1.605700 0.012741 -0.000234 
0.076579 0.429128 -0.268966 6.232752 -0.293193 5.512327 0.280405 0.111351 0.196098 0.897308 -1.230699 0.162384 0.270741 0.083325 -1.379250 1.792491 -0.474118 0.260997 -0.544272 0.068876 -0.002337 -0.005044 -0.698654 -0.426445 -0.118490 -0.729355 1.605700 0.024560 -0.000912 0.131373 0.216307 0.017793 -0.598781 -1.605700 0.013015 -0.000234 
0.064952 0.449098 -0.278640 6.234210 -0.318414 5.475937 0.285591 0.103662 0.193241 0.897136 -1.232857 0.162830 0.270741 0.076195 -1.383001 1.791937 -0.479947 0.260996 -0.547464 0.071371 -0.002406 -0.005044 -0.697205 -0.427303 -0.118864 -0.729355 1.605700 0.024573 -0.000912 0.131309 0.218410 0.018134 -0.598781 -1.605700 0.013375 -0.000234 
0.052053 0.469913 -0.289874 6.236755 -0.345393 5.436023 0.290346 0.095825 0.190752 0.896932 -1.234536 0.163203 0.269298 0.070741 -1.386973 1.789105 -0.485485 0.259712 -0.549863 0.072638 -0.002457 -0.005053 -0.694837 -0.427593 -0.118963 -0.729355 1.605700 0.024582 -0.000912 0.131507 0.220923 0.018632 -0.598781 -1.605700 0.013848 -0.000234 
0.037697 0.491968 -0.303344 6.239971 -0.373538 5.393826 0.296912 0.084265 0.186940 0.895987 -1.236358 0.163436 0.266066 0.064315 -1.391881 1.783884 -0.492202 0.256408 -0.552777 0.071984 -0.002504 -0.005141 -0.694202 -0.427819 -0.118989 -0.729355 1.605700 0.024582 -0.000912 0.130701 0.223363 0.019087 -0.598781 -1.605700 0.014333 -0.000234 
0.022429 0.514894 -0.318916 6.245803 -0.403970 5.347351 0.302867 0.072742 0.183492 0.894982 -1.237864 0.163585 0.262969 0.059858 -1.396229 1.776169 -0.499147 0.252929 -0.555952 0.069652 -0.002556 -0.005327 -0.693874 -0.429368 -0.119155 -0.729355 1.605700 0.024582 -0.000912 0.129575 0.225339 0.019421 -0.598781 -1.605700 0.014723 -0.000234 
0.006053 0.539082 -0.337724 6.253185 -0.435667 5.298723 0.311038 0.056606 0.177661 0.892753 -1.239546 0.163605 0.258689 0.052992 -1.401315 1.766555 -0.507594 0.248271 -0.560029 0.064613 -0.002602 -0.005784 -0.695276 -0.432932 -0.119950 -0.729582 1.605700 0.024582 -0.000912 0.126981 0.226518 0.019533 -0.598882 -1.605700 0.014950 -0.000234 
-0.010754 0.563862 -0.359600 6.264915 -0.469436 5.245009 0.318372 0.041294 0.171811 0.890551 -1.241050 0.163661 0.255142 0.046931 -1.404845 1.754348 -0.516866 0.242846 -0.565058 0.057665 -0.002639 -0.006365 -0.696605 -0.438483 -0.121296 -0.730196 1.605700 0.024788 -0.000912 0.124533 0.227162 0.019599 -0.599408 -1.605700 0.015052 -0.000234 
-0.028240 0.589283 -0.385917 6.278681 -0.505368 5.188628 0.328179 0.021141 0.162687 0.886783 -1.242646 0.163786 0.250107 0.038405 -1.408680 1.739704 -0.525249 0.237215 -0.570191 0.048485 -0.002681 -0.007152 -0.700532 -0.445261 -0.123060 -0.732607 1.605700 0.025442 -0.000912 0.121205 0.227791 0.019617 -0.601062 -1.605700 0.015112 -0.000234 
-0.045679 0.614511 -0.416139 0.015225 -0.543535 5.125433 0.337076 0.003009 0.153467 0.882585 -1.242966 0.164596 0.245957 0.031276 -1.411428 1.722735 -0.531049 0.233259 -0.575592 0.037521 -0.002717 -0.007713 -0.703845 -0.452918 -0.125018 -0.735517 1.605700 0.026377 -0.000856 0.118628 0.228623 0.019643 -0.602986 -1.605700 0.015199 -0.000234 
-0.063479 0.639769 -0.451197 0.037909 -0.585263 5.058317 0.348778 -0.019631 0.140234 0.874632 -1.242966 0.168800 0.241196 0.023121 -1.412737 1.700104 -0.531049 0.232398 -0.579719 0.021984 -0.002720 -0.008494 -0.708331 -0.459202 -0.126626 -0.738522 1.605700 0.027139 -0.000779 0.117132 0.230172 0.019888 -0.604558 -1.605700 0.015421 -0.000234 
-0.081124 0.664860 -0.490159 0.069103 -0.629094 4.982461 0.360072 -0.039649 0.126829 0.863293 -1.237914 0.177161 0.239220 0.017316 -1.410494 1.672379 -0.527369 0.232480 -0.584838 0.003207 -0.002757 -0.009011 -0.711707 -0.464095 -0.127759 -0.741571 1.605700 0.027447 -0.000732 0.118172 0.232013 0.020258 -0.605441 -1.605700 0.015656 -0.000234 
-0.098644 0.689249 -0.525347 0.106619 -0.669865 4.897371 0.368393 -0.042425 0.116089 0.838179 -1.223532 0.182102 0.257363 0.018938 -1.399810 1.632337 -0.514565 0.234480 -0.596380 -0.057101 -0.002897 0.022091 -0.676174 -0.464799 -0.130863 -0.748626 1.605588 0.028699 0.000971 0.159923 0.239041 0.021548 -0.608148 -1.605290 0.015648 -0.000485 
-0.108649 0.710459 -0.505029 0.170725 -0.671563 4.794235 0.366426 0.044921 0.130736 0.837698 -1.205780 0.207067 0.300165 0.054590 -1.368237 1.609208 -0.481351 0.254217 -0.649632 -0.087266 -0.002602 -0.090256 -0.624760 -0.503172 -0.138840 -0.784101 1.604380 0.030147 0.001912 0.258753 0.258076 0.028548 -0.572947 -1.602393 0.019182 0.000057 
-0.121266 0.730566 -0.505733 0.157523 -0.710440 4.800013 0.390863 -0.043974 0.081095 0.802580 -1.188251 0.217786 0.255580 0.029258 -1.374896 1.561838 -0.458911 0.259047 -0.640317 -0.087087 -0.002926 -0.041816 -0.697155 -0.561521 -0.158208 -0.781077 1.604380 0.042038 0.008907 0.249455 0.263080 0.028593 -0.552111 -1.602393 0.019565 0.000436 
-0.130836 0.747227 -0.502237 0.166160 -0.753081 4.785465 0.418497 -0.124901 0.053324 0.773648 -1.172447 0.225270 0.246059 0.021792 -1.370762 1.519705 -0.438314 0.266339 -0.631659 -0.079925 -0.002939 -0.024034 -0.758558 -0.579517 -0.163688 -0.790504 1.604380 0.047662 0.013447 0.215500 0.260397 0.028593 -0.553994 -1.602393 0.019565 0.000507 
-0.141608 0.762382 -0.495314 0.190046 -0.774020 4.745795 0.438803 -0.156495 0.036346 0.744193 -1.146326 0.238629 0.251671 0.028056 -1.366387 1.471079 -0.409047 0.274931 -0.649610 -0.078060 -0.002831 -0.025102 -0.769902 -0.567553 -0.160569 -0.802814 1.604380 0.047602 0.013377 0.177064 0.260113 0.028593 -0.575203 -1.602393 0.019478 0.000362 
-0.154844 0.775465 -0.488044 0.205075 -0.785445 4.717106 0.455813 -0.165424 0.020368 0.705252 -1.113009 0.253876 0.256887 0.040279 -1.369472 1.425487 -0.375696 0.282198 -0.680236 -0.078050 -0.002920 -0.025285 -0.766786 -0.551366 -0.155013 -0.811834 1.604380 0.045379 0.011789 0.141949 0.269134 0.028685 -0.602810 -1.602393 0.019519 0.000365 
-0.171300 0.787557 -0.484611 0.207305 -0.801801 4.697961 0.472335 -0.163192 -0.005055 0.645329 -1.067247 0.271641 0.269079 0.063925 -1.375692 1.373482 -0.336245 0.289581 -0.706873 -0.081957 -0.002956 -0.025285 -0.758917 -0.541857 -0.149770 -0.809830 1.604380 0.040622 0.008089 0.111577 0.288179 0.031281 -0.629558 -1.602393 0.020180 0.000400 
-0.186311 0.798361 -0.484374 0.202518 -0.822257 4.693869 0.487391 -0.162624 -0.024211 0.585076 -1.021716 0.288145 0.280330 0.084737 -1.377894 1.331813 -0.298364 0.301919 -0.733265 -0.087263 -0.003007 -0.027968 -0.762165 -0.547711 -0.148919 -0.811807 1.604380 0.038158 0.004695 0.098674 0.308546 0.035261 -0.651042 -1.602393 0.021628 0.000569 
-0.201825 0.807412 -0.488162 0.183915 -0.843869 4.704821 0.503158 -0.162382 -0.042086 0.511124 -0.964192 0.305877 0.292585 0.109817 -1.384411 1.284077 -0.257800 0.310943 -0.758175 -0.087266 -0.003089 -0.031608 -0.774467 -0.576726 -0.152665 -0.818032 1.604380 0.037793 0.003339 0.096311 0.333991 0.040428 -0.665546 -1.602393 0.023303 0.001051 
-0.214595 0.814713 -0.491785 0.165255 -0.869716 4.720275 0.515695 -0.154787 -0.051054 0.441817 -0.907263 0.324356 0.312017 0.137336 -1.387455 1.249002 -0.219328 0.325481 -0.776780 -0.087005 -0.003570 -0.035595 -0.793155 -0.622417 -0.164445 -0.827993 1.604380 0.038219 0.003399 0.108393 0.353831 0.044490 -0.666653 -1.602393 0.024620 0.001354 
-0.225027 0.819019 -0.495067 0.143550 -0.910382 4.740005 0.520815 -0.148060 -0.057843 0.364498 -0.835610 0.342593 0.336696 0.172671 -1.391621 1.211838 -0.180215 0.336796 -0.777992 -0.087266 -0.003574 -0.037118 -0.825705 -0.675598 -0.180018 -0.839102 1.604380 0.042157 0.005801 0.129552 0.372915 0.048245 -0.664290 -1.602393 0.025009 0.001247 
-0.233340 0.820373 -0.498067 0.124217 -0.946967 4.759052 0.521149 -0.141045 -0.066810 0.299873 -0.767760 0.360480 0.347818 0.196729 -1.401622 1.180498 -0.145771 0.342822 -0.781004 -0.087267 -0.003683 -0.039424 -0.862654 -0.724831 -0.195349 -0.863078 1.604380 0.048323 0.009441 0.146325 0.390854 0.050488 -0.657579 -1.602393 0.025198 0.000490 
-0.243026 0.818254 -0.501164 0.100654 -0.986223 4.778102 0.521714 -0.130084 -0.083017 0.234314 -0.690528 0.372337 0.361375 0.227251 -1.418431 1.148717 -0.110239 0.343814 -0.772367 -0.087266 -0.003754 -0.043903 -0.901554 -0.772132 -0.208110 -0.889049 1.604380 0.053275 0.012767 0.150194 0.418177 0.055907 -0.656236 -1.602393 0.025588 -0.000730 
-0.251132 0.815033 -0.504745 0.078714 -1.024098 4.800941 0.521026 -0.126462 -0.096317 0.182401 -0.619548 0.393905 0.368769 0.248374 -1.427867 1.125182 -0.079902 0.343850 -0.762391 -0.087267 -0.003764 -0.047896 -0.945823 -0.806925 -0.217346 -0.922895 1.604380 0.057002 0.014284 0.146472 0.446465 0.062480 -0.658742 -1.602393 0.026655 -0.001076 
-0.260431 0.811568 -0.509083 0.048311 -1.065730 4.830364 0.519594 -0.120628 -0.107522 0.126416 -0.548699 0.406718 0.384253 0.277916 -1.438699 1.103266 -0.047098 0.343850 -0.747258 -0.087266 -0.003765 -0.052021 -0.983967 -0.833605 -0.222063 -0.951931 1.604380 0.057805 0.014675 0.137222 0.482838 0.071346 -0.666959 -1.602393 0.029195 -0.001138 
-0.268065 0.808337 -0.513490 0.017892 -1.103409 4.863135 0.516559 -0.116740 -0.110730 0.084214 -0.488482 0.422947 0.395507 0.300246 -1.446125 1.086239 -0.019931 0.343850 -0.739075 -0.087267 -0.003765 -0.055425 -1.015152 -0.852257 -0.224674 -0.978424 1.604380 0.057805 0.014509 0.125750 0.516494 0.079459 -0.678081 -1.602393 0.032644 -0.000468 
-0.275965 0.804764 -0.518812 6.257155 -1.139877 4.907562 0.513519 -0.113294 -0.114469 0.042064 -0.427814 0.434724 0.408667 0.326771 -1.459527 1.066581 0.007727 0.343850 -0.734474 -0.087266 -0.003765 -0.059366 -1.037311 -0.872912 -0.227711 -0.995309 1.604380 0.057805 0.013659 0.111731 0.552885 0.088114 -0.693475 -1.602393 0.036520 0.000617 
-0.282615 0.801169 -0.524468 6.207158 -1.172446 4.960360 0.511149 -0.111559 -0.116980 0.010009 -0.374987 0.447715 0.416580 0.346889 -1.469394 1.047008 0.031406 0.343850 -0.736694 -0.087266 -0.003765 -0.062441 -1.056834 -0.894896 -0.232478 -1.009198 1.604380 0.057805 0.012536 0.095991 0.583254 0.094898 -0.708090 -1.602393 0.039726 0.001845 
-0.289673 0.797378 -0.530980 6.141097 -1.205296 5.028454 0.510032 -0.107091 -0.120324 -0.024207 -0.320370 0.459923 0.429656 0.372624 -1.477887 1.023066 0.057914 0.343506 -0.740633 -0.087266 -0.003765 -0.066243 -1.081584 -0.922470 -0.237612 -1.020422 1.604380 0.057805 0.010933 0.081354 0.612864 0.101576 -0.724556 -1.602393 0.042286 0.002615 
-0.295404 0.793612 -0.537688 6.067791 -1.235388 5.107605 0.509515 -0.103652 -0.125610 -0.034933 -0.280040 0.471837 0.439856 0.392045 -1.480524 1.003700 0.080803 0.342735 -0.750382 -0.087266 -0.003765 -0.069254 -1.112401 -0.953803 -0.244955 -1.038117 1.604380 0.058061 0.009784 0.068913 0.635091 0.106315 -0.738545 -1.602393 0.044050 0.003349 
-0.301188 0.789842 -0.544533 5.976183 -1.264950 5.206067 0.514001 -0.097638 -0.129102 -0.031886 -0.236602 0.481505 0.455478 0.418152 -1.480774 0.984064 0.107464 0.340502 -0.758880 -0.087267 -0.004093 -0.075222 -1.147491 -0.999307 -0.255743 -1.058897 1.604380 0.059662 0.008458 0.057817 0.656447 0.109896 -0.755143 -1.602393 0.044270 0.003314 
-0.306614 0.785314 -0.551966 5.868469 -1.279628 5.324168 0.521140 -0.094766 -0.133634 -0.019942 -0.196070 0.492688 0.465353 0.441909 -1.482339 0.965347 0.132573 0.336760 -0.772011 -0.087267 -0.004093 -0.078856 -1.193270 -1.062058 -0.275746 -1.078752 1.604380 0.066056 0.008867 0.043768 0.679907 0.114681 -0.777045 -1.602393 0.044375 0.002938 
-0.311930 0.780318 -0.561259 5.727752 -1.291331 5.475876 0.523096 -0.089317 -0.137025 -0.007272 -0.154813 0.501559 0.487705 0.471019 -1.478916 0.945108 0.161528 0.333915 -0.782528 -0.087267 -0.004093 -0.083884 -1.250950 -1.121381 -0.292644 -1.110492 1.604380 0.072126 0.010879 0.033800 0.715879 0.123519 -0.795956 -1.602393 0.045357 0.002405 
-0.315831 0.775300 -0.572812 5.548275 -1.297408 5.668216 0.521994 -0.103256 -0.149021 -0.005758 -0.114472 0.508783 0.511770 0.494032 -1.466998 0.928308 0.187663 0.332290 -0.785404 -0.087139 -0.004323 -0.087114 -1.300727 -1.178581 -0.311175 -1.146520 1.604380 0.079490 0.013947 0.021771 0.755539 0.134689 -0.811540 -1.602393 0.048769 0.002272 
-0.321787 0.770427 -0.579908 5.408876 -1.300653 5.806102 0.520239 -0.114148 -0.179139 -0.011425 -0.084459 0.508309 0.538217 0.517822 -1.446709 0.910565 0.218482 0.331254 -0.784297 -0.079881 -0.004478 -0.089010 -1.352416 -1.155799 -0.315442 -1.174638 1.582746 0.039406 0.057214 -0.004648 0.782748 0.138785 -0.828291 -1.602393 0.049474 0.002121 
-0.326603 0.766062 -0.582242 5.353682 -1.302526 5.856366 0.520375 -0.109943 -0.199508 -0.004198 -0.060974 0.506477 0.551137 0.526861 -1.424784 0.897602 0.242988 0.330151 -0.775799 -0.068545 -0.004564 -0.092525 -1.373046 -1.155588 -0.312062 -1.205313 1.591596 0.054095 0.040913 -0.035286 0.787487 0.138724 -0.862471 -1.602393 0.049434 0.000026 
-0.329004 0.761661 -0.583063 5.313047 -1.305000 5.895128 0.519018 -0.108618 -0.216569 0.010069 -0.028421 0.510666 0.565145 0.540671 -1.405769 0.879095 0.270261 0.329414 -0.752394 -0.066978 -0.004564 -0.097591 -1.392547 -1.183333 -0.304743 -1.229615 1.591596 0.052763 0.030810 -0.044097 0.798880 0.139003 -0.891522 -1.602393 0.049157 -0.002497 
-0.328923 0.757757 -0.582837 5.333523 -1.303676 5.876569 0.517123 -0.109792 -0.224576 0.023938 0.005038 0.509096 0.572410 0.552777 -1.396565 0.859587 0.292948 0.329138 -0.736575 -0.065429 -0.004564 -0.101734 -1.404236 -1.222963 -0.301097 -1.246959 1.594325 0.045849 0.024507 -0.040577 0.820947 0.143785 -0.898310 -1.602355 0.049186 -0.003545 
-0.325361 0.754374 -0.581187 5.386571 -1.303420 5.830658 0.514358 -0.119031 -0.219165 0.039058 0.041345 0.513473 0.581496 0.566050 -1.383552 0.837718 0.317020 0.329138 -0.718710 -0.060601 -0.004564 -0.105490 -1.416930 -1.276085 -0.298200 -1.266427 1.594325 0.032350 0.018949 -0.030134 0.849500 0.153092 -0.898030 -1.602315 0.050285 -0.004021 
-0.319181 0.751928 -0.577393 5.494724 -1.300797 5.734811 0.510927 -0.129418 -0.199475 0.054613 0.076663 0.514375 0.590034 0.575318 -1.370019 0.820171 0.337327 0.329138 -0.709466 -0.057067 -0.004564 -0.106466 -1.427647 -1.332829 -0.295428 -1.295239 1.594325 0.016292 0.014770 -0.019542 0.877739 0.161389 -0.891255 -1.602169 0.052091 -0.003842 
-0.310874 0.750994 -0.571901 5.608270 -1.299287 5.640539 0.506571 -0.141878 -0.169891 0.071345 0.113972 0.512995 0.604473 0.586866 -1.348905 0.804920 0.359153 0.329138 -0.690044 -0.073392 -0.004564 -0.109125 -1.434554 -1.383366 -0.289888 -1.328710 1.591961 -0.007969 0.012218 -0.014413 0.898143 0.167948 -0.886172 -1.601819 0.053777 -0.003886 
-0.301570 0.752353 -0.566156 5.731321 -1.292649 5.538187 0.506383 -0.150869 -0.142868 0.094546 0.159072 0.508947 0.617270 0.599006 -1.334921 0.793342 0.377820 0.329138 -0.672768 -0.087277 -0.004564 -0.115813 -1.445150 -1.411801 -0.291131 -1.350623 1.590597 -0.017413 0.010392 -0.015237 0.922944 0.177505 -0.890106 -1.601272 0.058012 -0.002223 
-0.292031 0.754392 -0.560401 5.854002 -1.278215 5.433607 0.505736 -0.155911 -0.120721 0.123955 0.209578 0.514495 0.627822 0.610865 -1.328551 0.779148 0.398249 0.330467 -0.661128 -0.087266 -0.004564 -0.117277 -1.464911 -1.434626 -0.300361 -1.366423 1.590592 -0.014943 0.009276 -0.022747 0.959759 0.188272 -0.899293 -1.600352 0.063016 0.000580 
-0.282120 0.756053 -0.556062 5.953913 -1.253724 5.350068 0.504719 -0.159051 -0.105911 0.148684 0.251640 0.518859 0.630260 0.610865 -1.325348 0.765166 0.415322 0.330664 -0.655665 -0.087266 -0.004564 -0.119470 -1.485878 -1.456148 -0.312369 -1.371686 1.590592 -0.005829 0.008596 -0.035564 0.999398 0.201046 -0.909777 -1.600248 0.069549 0.004669 
-0.272881 0.756916 -0.553822 6.018316 -1.224498 5.299711 0.506361 -0.163693 -0.104684 0.168055 0.292816 0.522417 0.631141 0.610865 -1.318316 0.750593 0.435251 0.330995 -0.650052 -0.087266 -0.004564 -0.121752 -1.508300 -1.480342 -0.329806 -1.368587 1.588374 0.003413 0.006642 -0.050981 1.036369 0.213562 -0.922499 -1.599738 0.076332 0.009360 
-0.263868 0.757269 -0.552750 6.062781 -1.193490 5.268854 0.509179 -0.171238 -0.110513 0.183665 0.331804 0.526141 0.635912 0.607683 -1.308615 0.738138 0.456842 0.337223 -0.646024 -0.087260 -0.004564 -0.123542 -1.532875 -1.501515 -0.347558 -1.363761 1.587717 0.018713 0.005545 -0.062239 1.060872 0.222290 -0.932842 -1.599622 0.081411 0.014043 
-0.255987 0.757405 -0.552142 6.090572 -1.171451 5.251427 0.515241 -0.178625 -0.118996 0.200394 0.374536 0.530514 0.620216 0.592963 -1.309064 0.725393 0.475462 0.338089 -0.634330 -0.083787 -0.004564 -0.124845 -1.556695 -1.520672 -0.366571 -1.364873 1.587208 0.033308 0.005376 -0.068056 1.072437 0.224701 -0.940113 -1.599381 0.082947 0.015691 
-0.250389 0.757462 -0.552140 6.094400 -1.170850 5.251086 0.520791 -0.185329 -0.126819 0.212291 0.411536 0.534247 0.620763 0.591374 -1.304847 0.716073 0.488929 0.338609 -0.605054 -0.079647 -0.004564 -0.125628 -1.576952 -1.537120 -0.373841 -1.365892 1.587135 0.047172 0.005376 -0.067287 1.073444 0.224932 -0.941612 -1.599327 0.083074 0.015666 
-0.246656 0.757106 -0.552783 6.085442 -1.178659 5.261534 0.523599 -0.202019 -0.131122 0.226245 0.450832 0.536461 0.627295 0.593105 -1.297255 0.705948 0.504513 0.340805 -0.569874 -0.080734 -0.004564 -0.128387 -1.589729 -1.559443 -0.375192 -1.369115 1.584745 0.048652 0.005362 -0.063860 1.071758 0.224536 -0.942187 -1.599209 0.083074 0.014482 
-0.246037 0.756600 -0.553664 6.070636 -1.186369 5.274763 0.523599 -0.221102 -0.133311 0.237736 0.485728 0.536529 0.634747 0.596796 -1.292498 0.697141 0.516877 0.343299 -0.537665 -0.084308 -0.004564 -0.130881 -1.598864 -1.578903 -0.376391 -1.373535 1.582541 0.048678 0.005794 -0.062694 1.072766 0.224439 -0.943787 -1.598966 0.083074 0.013583 
-0.248129 0.755759 -0.555184 6.047935 -1.192123 5.294176 0.523599 -0.245584 -0.137644 0.250342 0.521896 0.536546 0.642394 0.600707 -1.289313 0.683596 0.523696 0.343305 -0.507925 -0.086653 -0.004564 -0.133532 -1.609301 -1.598284 -0.381164 -1.383279 1.580592 0.048642 0.005721 -0.063087 1.080253 0.224477 -0.950561 -1.598760 0.083074 0.012899 
-0.251257 0.754642 -0.557146 6.016408 -1.199913 5.321235 0.522938 -0.269419 -0.143323 0.260895 0.554463 0.536546 0.650614 0.607321 -1.286940 0.674067 0.533942 0.343305 -0.478702 -0.086550 -0.004564 -0.134688 -1.620913 -1.610294 -0.389432 -1.391621 1.579536 0.049686 0.005791 -0.065508 1.091018 0.225238 -0.957464 -1.598643 0.083074 0.012484 
-0.254431 0.753039 -0.560166 5.973165 -1.206684 5.360833 0.521725 -0.296987 -0.153692 0.269058 0.588579 0.535721 0.657441 0.610280 -1.284888 0.666394 0.545366 0.343888 -0.451911 -0.087159 -0.004564 -0.136244 -1.635553 -1.615069 -0.398539 -1.396905 1.578605 0.052526 0.005804 -0.070159 1.103924 0.228497 -0.964504 -1.598485 0.083074 0.012260 
-0.257777 0.751156 -0.563724 5.923005 -1.212042 5.406843 0.520823 -0.318959 -0.167682 0.274179 0.618609 0.531439 0.660882 0.609607 -1.281004 0.661227 0.555444 0.344400 -0.428248 -0.087264 -0.004564 -0.137479 -1.649823 -1.615503 -0.408350 -1.400401 1.578332 0.059609 0.005608 -0.076335 1.116587 0.232210 -0.972097 -1.598373 0.083074 0.012242 
-0.261125 0.748666 -0.568519 5.860785 -1.213637 5.464857 0.521736 -0.343659 -0.186880 0.276424 0.649635 0.526190 0.661851 0.604487 -1.277824 0.655244 0.565203 0.344675 -0.407448 -0.087266 -0.004564 -0.138970 -1.666367 -1.615681 -0.419141 -1.400602 1.578242 0.067921 0.005660 -0.082745 1.130589 0.236679 -0.979971 -1.598260 0.083074 0.012242 
-0.264314 0.746015 -0.573881 5.795254 -1.211641 5.526057 0.522077 -0.365244 -0.205170 0.277521 0.675118 0.521392 0.660930 0.600051 -1.276594 0.649225 0.572975 0.344675 -0.390667 -0.087266 -0.004564 -0.140035 -1.681521 -1.615848 -0.430375 -1.401231 1.578241 0.078763 0.005690 -0.087798 1.140700 0.240323 -0.986214 -1.598172 0.083246 0.012242 
-0.266834 0.743632 -0.577613 5.728600 -1.210057 5.589394 0.521544 -0.387756 -0.219776 0.280260 0.701086 0.516097 0.662807 0.595098 -1.273014 0.644512 0.581577 0.344675 -0.375287 -0.087260 -0.004564 -0.140643 -1.696976 -1.616986 -0.439501 -1.404875 1.578241 0.088498 0.005949 -0.088343 1.143289 0.241917 -0.988202 -1.598101 0.083446 0.012289 
-0.269081 0.741450 -0.581132 5.667212 -1.205598 5.646766 0.520589 -0.410014 -0.233519 0.282070 0.723730 0.510311 0.663249 0.592925 -1.272163 0.638885 0.587884 0.344675 -0.365547 -0.087266 -0.004564 -0.141609 -1.709770 -1.617636 -0.447902 -1.406269 1.578241 0.097568 0.006110 -0.088399 1.144174 0.241995 -0.990717 -1.598066 0.083446 0.012087 
-0.271265 0.739082 -0.585063 5.604043 -1.197212 5.705350 0.519903 -0.438910 -0.252300 0.281538 0.733038 0.503703 0.662005 0.591702 -1.276238 0.630518 0.594088 0.344675 -0.359311 -0.087262 -0.004564 -0.142776 -1.723422 -1.618253 -0.457058 -1.407870 1.578241 0.107910 0.006175 -0.089029 1.147424 0.242012 -0.993370 -1.598002 0.083446 0.011795 
-0.273122 0.736834 -0.588907 5.548112 -1.186278 5.756886 0.519822 -0.465247 -0.270419 0.279139 0.733038 0.497891 0.658275 0.589879 -1.282300 0.622499 0.599071 0.344675 -0.356629 -0.087266 -0.004564 -0.143457 -1.735853 -1.617694 -0.466426 -1.408231 1.578241 0.120508 0.006312 -0.090395 1.149085 0.242097 -0.996693 -1.597933 0.083446 0.011172 
-0.274841 0.734507 -0.593013 5.494365 -1.172911 5.806732 0.520557 -0.493032 -0.291612 0.276030 0.733038 0.490846 0.653724 0.587987 -1.289133 0.613671 0.603869 0.344675 -0.355263 -0.087229 -0.004564 -0.144314 -1.749598 -1.617659 -0.476434 -1.410758 1.578241 0.132593 0.006459 -0.091557 1.152534 0.242245 -0.999171 -1.597827 0.083446 0.010675 
-0.276303 0.732367 -0.596934 5.448017 -1.159089 5.850021 0.520882 -0.515106 -0.309581 0.272493 0.733038 0.485678 0.649932 0.586045 -1.294241 0.606438 0.607992 0.344675 -0.355122 -0.087266 -0.004561 -0.144842 -1.761586 -1.617722 -0.486257 -1.415056 1.578241 0.144907 0.006688 -0.092624 1.154532 0.242452 -1.001507 -1.597757 0.083446 0.010063 
-0.277715 0.730123 -0.601208 5.402010 -1.143786 5.893998 0.521360 -0.539801 -0.329342 0.268470 0.733038 0.479210 0.648491 0.585321 -1.298255 0.599457 0.612143 0.344675 -0.354831 -0.087266 -0.004546 -0.145731 -1.774343 -1.620156 -0.495773 -1.422394 1.578241 0.156156 0.006848 -0.093300 1.159112 0.243252 -1.002387 -1.597719 0.083446 0.010049 
-0.278840 0.727974 -0.605416 5.361652 -1.128166 5.933756 0.520925 -0.561645 -0.345982 0.264295 0.733038 0.474189 0.647936 0.584685 -1.300232 0.594291 0.615752 0.344675 -0.355389 -0.087266 -0.004476 -0.146399 -1.785085 -1.625309 -0.504433 -1.430205 1.578241 0.166283 0.007121 -0.094045 1.162500 0.244071 -1.003900 -1.597657 0.083446 0.009977 
-0.279919 0.725688 -0.610073 5.320889 -1.110750 5.975061 0.520856 -0.587050 -0.365025 0.259196 0.733038 0.467244 0.648021 0.584406 -1.302187 0.588956 0.619360 0.344675 -0.356090 -0.087266 -0.004336 -0.147200 -1.796398 -1.633731 -0.512834 -1.438649 1.578241 0.174230 0.007346 -0.094480 1.168368 0.246679 -1.004510 -1.597637 0.083446 0.009959 
-0.280706 0.723664 -0.613749 5.286197 -1.094893 6.011545 0.519287 -0.605741 -0.380330 0.254522 0.733038 0.462445 0.648095 0.583747 -1.302741 0.585246 0.622450 0.344675 -0.359439 -0.087266 -0.004223 -0.147469 -1.805911 -1.639014 -0.520026 -1.446898 1.578241 0.182036 0.007753 -0.094935 1.170881 0.247839 -1.004798 -1.597590 0.083446 0.009959 
-0.281961 0.721948 -0.617366 5.249832 -1.080362 6.047853 0.517747 -0.610331 -0.399278 0.248770 0.733038 0.451078 0.650120 0.586698 -1.304521 0.579691 0.625898 0.344675 -0.362210 -0.087266 -0.004123 -0.147514 -1.815177 -1.639322 -0.525992 -1.451647 1.578387 0.189647 0.008403 -0.096486 1.174062 0.248471 -1.007190 -1.597563 0.083446 0.009884 
-0.283580 0.720479 -0.620452 5.215458 -1.069536 6.080116 0.519575 -0.592408 -0.415145 0.248578 0.733038 0.437993 0.653216 0.597932 -1.304250 0.572891 0.629898 0.344675 -0.365341 -0.087266 -0.004054 -0.148015 -1.820968 -1.638295 -0.528163 -1.453089 1.578594 0.192640 0.009009 -0.097553 1.175950 0.248806 -1.010292 -1.597544 0.083446 0.009703 
-0.285718 0.719431 -0.623001 5.180545 -1.063197 6.110608 0.521082 -0.547663 -0.426807 0.250662 0.733038 0.421568 0.665269 0.609347 -1.302880 0.563974 0.635277 0.344675 -0.368256 -0.087267 -0.003925 -0.149102 -1.821526 -1.637187 -0.526987 -1.456298 1.581631 0.191493 0.010030 -0.098064 1.177087 0.249462 -1.011701 -1.597511 0.083492 0.009455 
-0.286591 0.718421 -0.623581 5.168220 -1.064196 6.121771 0.523626 -0.534762 -0.443133 0.251901 0.733038 0.404495 0.674918 0.609973 -1.297663 0.556651 0.640296 0.344675 -0.381718 -0.078915 -0.003828 -0.149590 -1.819997 -1.634673 -0.524909 -1.460659 1.583900 0.184320 0.010319 -0.098655 1.175630 0.249880 -1.013272 -1.597397 0.083521 0.008786 
-0.287648 0.717889 -0.622211 5.167711 -1.074349 6.117413 0.522459 -0.505822 -0.453743 0.254508 0.733038 0.384781 0.688421 0.610494 -1.291723 0.548487 0.645678 0.344675 -0.399594 -0.069349 -0.003730 -0.149787 -1.813958 -1.625476 -0.516366 -1.460869 1.584917 0.171438 0.010728 -0.099031 1.174302 0.249630 -1.016592 -1.597348 0.083521 0.007681 
-0.288170 0.718690 -0.620268 5.175528 -1.085450 6.104730 0.521931 -0.473192 -0.461328 0.256405 0.733038 0.366097 0.697881 0.610334 -1.288030 0.541517 0.650051 0.344675 -0.418402 -0.070365 -0.003649 -0.150066 -1.800312 -1.617085 -0.502643 -1.459980 1.585345 0.152272 0.010858 -0.099064 1.173920 0.249538 -1.020395 -1.597337 0.083521 0.006698 
-0.288590 0.720212 -0.617589 5.190435 -1.099112 6.083268 0.522071 -0.431784 -0.468502 0.258226 0.733038 0.349843 0.706180 0.610376 -1.287109 0.532827 0.654283 0.344675 -0.435372 -0.071863 -0.003531 -0.150962 -1.787067 -1.611538 -0.486860 -1.459525 1.585303 0.128863 0.010810 -0.099509 1.178445 0.249880 -1.024621 -1.597331 0.083521 0.006433 
-0.288186 0.721754 -0.614800 5.214926 -1.110612 6.054867 0.522525 -0.394910 -0.472357 0.260493 0.733038 0.339278 0.709092 0.610258 -1.288633 0.523969 0.657731 0.344675 -0.450021 -0.076123 -0.003441 -0.152808 -1.774522 -1.606595 -0.474398 -1.457811 1.584025 0.105568 0.010818 -0.101118 1.187256 0.252390 -1.027935 -1.597331 0.083521 0.006370 
-0.287537 0.722974 -0.612415 5.239599 -1.118718 6.027624 0.523421 -0.361843 -0.478152 0.261736 0.732868 0.330286 0.713235 0.610578 -1.293843 0.513861 0.661432 0.344675 -0.456200 -0.078451 -0.003418 -0.154214 -1.769424 -1.605113 -0.468468 -1.458749 1.583823 0.087677 0.010690 -0.105193 1.201062 0.258267 -1.031862 -1.597331 0.084487 0.006727 
-0.286213 0.723475 -0.610662 5.264147 -1.121023 6.003990 0.523599 -0.340639 -0.484871 0.260912 0.728725 0.321533 0.716212 0.610865 -1.300600 0.504632 0.664505 0.344675 -0.457161 -0.083630 -0.003253 -0.154918 -1.768388 -1.610554 -0.467845 -1.460001 1.583823 0.069811 0.010690 -0.107502 1.216809 0.266945 -1.032627 -1.597331 0.087833 0.008183 
-0.284956 0.723802 -0.609370 5.285728 -1.120838 5.983098 0.523598 -0.322117 -0.493343 0.255879 0.720276 0.312151 0.720636 0.610865 -1.307747 0.494793 0.667545 0.344675 -0.457660 -0.085554 -0.003075 -0.155207 -1.768582 -1.620265 -0.469289 -1.458682 1.583849 0.058751 0.010076 -0.110636 1.230803 0.275794 -1.031984 -1.597331 0.092346 0.011237 
-0.283311 0.723847 -0.608343 5.308686 -1.118228 5.962245 0.523599 -0.308883 -0.500898 0.250309 0.711402 0.304436 0.723382 0.610865 -1.313231 0.486657 0.670334 0.344675 -0.459859 -0.085518 -0.002983 -0.155292 -1.772860 -1.623536 -0.474155 -1.459182 1.583747 0.055194 0.010161 -0.113082 1.238436 0.279491 -1.031877 -1.597329 0.094864 0.013377 
-0.281816 0.723700 -0.607766 5.327943 -1.113070 5.944231 0.523599 -0.296583 -0.512190 0.241903 0.698549 0.296676 0.726248 0.610865 -1.320729 0.477084 0.672943 0.344675 -0.461543 -0.085517 -0.002899 -0.155573 -1.780020 -1.623541 -0.481203 -1.457244 1.583747 0.055017 0.010225 -0.113958 1.240396 0.280132 -1.031861 -1.597329 0.095561 0.014554 
-0.279956 0.723378 -0.607328 5.349377 -1.105470 5.924680 0.523599 -0.287325 -0.522040 0.232854 0.685433 0.290575 0.726150 0.610865 -1.329196 0.467583 0.675234 0.344675 -0.465321 -0.085492 -0.002839 -0.155962 -1.787698 -1.623558 -0.489969 -1.453462 1.583536 0.057368 0.010205 -0.113869 1.237426 0.280130 -1.031717 -1.597329 0.095561 0.014554 
-0.278112 0.722879 -0.607251 5.368834 -1.094800 5.906092 0.523599 -0.277808 -0.533868 0.221014 0.669118 0.284675 0.725493 0.610845 -1.342343 0.454693 0.677412 0.344675 -0.469941 -0.085511 -0.002775 -0.156509 -1.797441 -1.623558 -0.499885 -1.446957 1.583349 0.064512 0.010038 -0.113286 1.234740 0.280008 -1.031374 -1.597329 0.095561 0.014554 
-0.275689 0.722255 -0.606993 5.393674 -1.081806 5.883448 0.523599 -0.271239 -0.542512 0.209966 0.652879 0.279589 0.721071 0.609923 -1.356615 0.440928 0.679690 0.344670 -0.478454 -0.085527 -0.002697 -0.156893 -1.807104 -1.623376 -0.510923 -1.438366 1.582678 0.073744 0.010297 -0.111120 1.230454 0.279327 -1.030508 -1.597296 0.095561 0.014554 
-0.272961 0.721510 -0.606679 5.420734 -1.065944 5.858676 0.523599 -0.267410 -0.552589 0.196635 0.633505 0.274437 0.715058 0.608514 -1.376350 0.422797 0.682339 0.343391 -0.489656 -0.085727 -0.002607 -0.157503 -1.819191 -1.623024 -0.522837 -1.431339 1.582539 0.086343 0.010325 -0.109181 1.227773 0.278284 -1.029782 -1.597274 0.095561 0.014400 
-0.269536 0.720680 -0.606238 5.453048 -1.047523 5.830207 0.523605 -0.267794 -0.562282 0.183526 0.614035 0.267678 0.704607 0.605529 -1.398322 0.403369 0.685584 0.339338 -0.505325 -0.086334 -0.002561 -0.158018 -1.831580 -1.623056 -0.535830 -1.428867 1.582539 0.099773 0.010362 -0.107182 1.225920 0.277270 -1.028785 -1.597269 0.095561 0.013983 
-0.265629 0.719836 -0.605730 5.487967 -1.027156 5.800063 0.523720 -0.270667 -0.571060 0.169878 0.595227 0.258413 0.692247 0.601042 -1.421124 0.383266 0.688577 0.335136 -0.524728 -0.087266 -0.002552 -0.158765 -1.844885 -1.624188 -0.546578 -1.428054 1.582539 0.114165 0.010491 -0.106196 1.225009 0.276827 -1.027680 -1.597244 0.095561 0.013584 
-0.261164 0.718897 -0.605300 5.524681 -1.003195 5.768778 0.523646 -0.279996 -0.582762 0.153411 0.569746 0.247807 0.677161 0.595059 -1.449141 0.358421 0.691790 0.331036 -0.548353 -0.087266 -0.002552 -0.159464 -1.857910 -1.627883 -0.560338 -1.427243 1.582539 0.128248 0.010512 -0.106143 1.226586 0.276827 -1.027519 -1.597244 0.095561 0.013512 
-0.256400 0.718025 -0.604871 5.561652 -0.977559 5.737448 0.523819 -0.289343 -0.595937 0.136298 0.548487 0.231825 0.660387 0.590204 -1.478996 0.334035 0.694465 0.326873 -0.574139 -0.087266 -0.002552 -0.160025 -1.871643 -1.634095 -0.571460 -1.428020 1.582593 0.143519 0.010774 -0.106244 1.227609 0.276747 -1.028023 -1.597232 0.095561 0.012850 
-0.252238 0.717179 -0.604803 5.590192 -0.951980 5.712249 0.523600 -0.298034 -0.612963 0.116996 0.522881 0.221371 0.645833 0.585054 -1.510622 0.306948 0.697335 0.323169 -0.589750 -0.087266 -0.002552 -0.160521 -1.884857 -1.650049 -0.586599 -1.430388 1.582593 0.158348 0.010757 -0.107589 1.228069 0.275802 -1.031271 -1.597232 0.095524 0.011938 
-0.248666 0.716560 -0.604722 5.613635 -0.929460 5.690657 0.523600 -0.303932 -0.627116 0.100129 0.502185 0.207291 0.630060 0.579540 -1.537407 0.283533 0.700338 0.318691 -0.593727 -0.087266 -0.002453 -0.161046 -1.904378 -1.658063 -0.605787 -1.443948 1.583881 0.178874 0.010805 -0.107614 1.226911 0.274508 -1.031864 -1.597204 0.094500 0.010332 
-0.245755 0.716046 -0.604763 5.631272 -0.908076 5.672114 0.523599 -0.312652 -0.639085 0.083888 0.476990 0.195353 0.614551 0.572880 -1.564812 0.258316 0.703552 0.314573 -0.586083 -0.087266 -0.002453 -0.161673 -1.928144 -1.658063 -0.633985 -1.455089 1.586777 0.207296 0.008901 -0.107976 1.227129 0.273748 -1.032963 -1.597204 0.094095 0.009786 
-0.243143 0.715746 -0.604631 5.647552 -0.888600 5.653647 0.523600 -0.321076 -0.646861 0.069175 0.457960 0.182022 0.597671 0.567668 -1.591197 0.235524 0.706549 0.310029 -0.569971 -0.087266 -0.002420 -0.162327 -1.957676 -1.658063 -0.661140 -1.464560 1.595650 0.242646 0.003726 -0.106895 1.227754 0.273967 -1.032864 -1.597204 0.093612 0.009427 
-0.240701 0.715562 -0.604398 5.662655 -0.869410 5.634946 0.523973 -0.333618 -0.654403 0.053579 0.434843 0.169238 0.580706 0.562688 -1.620248 0.210385 0.708344 0.307415 -0.549440 -0.087267 -0.002332 -0.163037 -1.987061 -1.658063 -0.690656 -1.474448 1.601203 0.272296 0.009173 -0.105554 1.230471 0.275503 -1.032044 -1.597204 0.093612 0.009423 
-0.238092 0.715611 -0.603554 5.680701 -0.852041 5.613472 0.523599 -0.343716 -0.661561 0.043105 0.416686 0.161085 0.562849 0.564154 -1.646113 0.187860 0.710121 0.305085 -0.530378 -0.087267 -0.002332 -0.163373 -2.005988 -1.658063 -0.697875 -1.478769 1.601536 0.287722 0.016378 -0.104677 1.232159 0.277286 -1.026645 -1.597204 0.093612 0.009423 
-0.235827 0.715857 -0.602250 5.700194 -0.835511 5.589688 0.523599 -0.355673 -0.667137 0.029918 0.395484 0.150047 0.548377 0.569240 -1.671480 0.164206 0.711044 0.304095 -0.515036 -0.087266 -0.002332 -0.163900 -2.003813 -1.658063 -0.691731 -1.478392 1.601536 0.288708 0.018187 -0.104204 1.235651 0.280170 -1.022104 -1.597179 0.093612 0.009423 
-0.234720 0.716258 -0.599955 5.733081 -0.813953 5.553624 0.523599 -0.369478 -0.671698 0.019615 0.379490 0.141485 0.527551 0.574812 -1.694063 0.145049 0.711955 0.303399 -0.514166 -0.087266 -0.002332 -0.164243 -1.992119 -1.658063 -0.677035 -1.477915 1.601536 0.284298 0.019600 -0.104151 1.239536 0.281895 -1.020346 -1.597177 0.093612 0.009486 
-0.233588 0.717052 -0.597345 5.765161 -0.794115 5.517178 0.523599 -0.383693 -0.678422 0.007597 0.359792 0.133111 0.509120 0.579671 -1.715518 0.125414 0.713877 0.302885 -0.514568 -0.087266 -0.002332 -0.164868 -1.978746 -1.658063 -0.662810 -1.477279 1.601536 0.274654 0.014483 -0.104771 1.242491 0.282730 -1.020400 -1.597177 0.093612 0.009493 
-0.232262 0.718636 -0.594032 5.796418 -0.777415 5.480343 0.523599 -0.395440 -0.684882 -0.002530 0.343445 0.127837 0.495425 0.579778 -1.734891 0.108608 0.715160 0.302868 -0.514817 -0.087266 -0.002332 -0.165309 -1.971821 -1.658063 -0.654692 -1.476924 1.601536 0.265136 0.009220 -0.104890 1.242960 0.283028 -1.020845 -1.597177 0.093612 0.009519 
-0.230571 0.720630 -0.590268 5.830148 -0.760420 5.440405 0.523334 -0.410777 -0.688078 -0.013970 0.324342 0.122072 0.482932 0.579487 -1.755540 0.090514 0.717005 0.302868 -0.517809 -0.087266 -0.002332 -0.165863 -1.971241 -1.658063 -0.655589 -1.476436 1.601536 0.258414 0.008809 -0.104907 1.243978 0.283028 -1.022503 -1.597177 0.093612 0.009519 
-0.228620 0.723231 -0.586059 5.865541 -0.745091 5.397558 0.521411 -0.422608 -0.690444 -0.023101 0.308075 0.118854 0.472463 0.578173 -1.774569 0.074741 0.718009 0.302868 -0.521199 -0.087266 -0.002332 -0.166163 -1.972823 -1.658063 -0.657934 -1.475995 1.601536 0.254031 0.009792 -0.104965 1.244542 0.283028 -1.024218 -1.597177 0.093612 0.009519 
-0.226427 0.726243 -0.581559 5.904137 -0.728199 5.350423 0.517023 -0.436437 -0.691540 -0.034010 0.288479 0.116141 0.460306 0.578102 -1.794220 0.058264 0.719752 0.302868 -0.527082 -0.087266 -0.002332 -0.166792 -1.975541 -1.658063 -0.661339 -1.475061 1.601536 0.249165 0.010842 -0.105686 1.246498 0.283034 -1.027771 -1.597177 0.093612 0.009519 
-0.224152 0.729980 -0.576753 5.943701 -0.712672 5.300170 0.513162 -0.448239 -0.696050 -0.034907 0.270948 0.115799 0.449295 0.577552 -1.811935 0.044216 0.720902 0.302868 -0.531289 -0.087266 -0.002332 -0.167005 -1.977054 -1.658063 -0.663537 -1.474421 1.601536 0.245458 0.011825 -0.107100 1.248178 0.283075 -1.031031 -1.597177 0.093612 0.009519 
-0.221637 0.734362 -0.571529 5.987092 -0.694692 5.244534 0.508246 -0.460417 -0.702068 -0.026124 0.241281 0.115799 0.435363 0.578050 -1.829765 0.030475 0.723410 0.302868 -0.537477 -0.087266 -0.002332 -0.167548 -1.977096 -1.658063 -0.664219 -1.473025 1.601536 0.240693 0.011962 -0.108446 1.251004 0.283203 -1.034403 -1.597177 0.093612 0.009519 
-0.218977 0.739706 -0.565829 6.031256 -0.677471 5.185057 0.503905 -0.468438 -0.705375 -0.019134 0.212724 0.118254 0.423134 0.578224 -1.846440 0.019702 0.727859 0.302867 -0.541358 -0.087266 -0.002332 -0.167968 -1.977094 -1.658063 -0.664243 -1.471797 1.601536 0.236058 0.011952 -0.109812 1.254616 0.284136 -1.036696 -1.597177 0.093612 0.009519 
-0.215951 0.745885 -0.559696 6.079790 -0.654545 5.119126 0.499456 -0.476633 -0.705319 -0.009645 0.178029 0.129452 0.406094 0.578736 -1.864179 0.010819 0.729354 0.302832 -0.549958 -0.087266 -0.002332 -0.168663 -1.977051 -1.658063 -0.664246 -1.469709 1.601536 0.231496 0.011944 -0.111677 1.260394 0.285666 -1.039241 -1.597177 0.093612 0.009493 
-0.211838 0.753576 -0.552545 6.127956 -0.634405 5.049926 0.497786 -0.477465 -0.700665 -0.001732 0.145620 0.145383 0.393851 0.571298 -1.880552 0.004728 0.730668 0.300982 -0.553875 -0.087267 -0.002332 -0.169946 -1.976914 -1.658063 -0.664458 -1.468546 1.601109 0.227572 0.011587 -0.112882 1.265690 0.289973 -1.040488 -1.597177 0.093743 0.009582 
-0.204708 0.762728 -0.543649 6.182164 -0.600829 4.975869 0.491658 -0.478712 -0.684991 0.008689 0.103953 0.171068 0.374709 0.574301 -1.897583 0.001974 0.730668 0.300628 -0.570833 -0.087266 -0.002332 -0.170950 -1.975650 -1.658063 -0.664538 -1.466415 1.599507 0.223924 0.011111 -0.114507 1.273233 0.292176 -1.041269 -1.597177 0.093743 0.009620 
-0.195881 0.773395 -0.532333 6.234020 -0.556691 4.900690 0.485137 -0.475734 -0.665901 0.017345 0.066562 0.199654 0.356097 0.585326 -1.913111 -0.000064 0.730863 0.300547 -0.594793 -0.087267 -0.002309 -0.172573 -1.975767 -1.658063 -0.666487 -1.466162 1.598269 0.221871 0.010908 -0.118817 1.285835 0.296542 -1.043348 -1.597177 0.094194 0.009965 
-0.187147 0.784375 -0.517932 6.280139 -0.510592 4.835712 0.484537 -0.464755 -0.647028 0.019436 0.019893 0.238310 0.342700 0.597811 -1.921700 0.002639 0.730863 0.300185 -0.631415 -0.087266 -0.001055 -0.183049 -1.965724 -1.653501 -0.667837 -1.475658 1.593254 0.220452 0.012626 -0.152682 1.290264 0.307783 -0.997508 -1.597237 0.105705 0.012057 
-0.180474 0.793628 -0.503423 0.028690 -0.467324 4.804400 0.478960 -0.463689 -0.634854 0.016711 -0.022234 0.271685 0.327532 0.600883 -1.924054 0.009633 0.731119 0.300185 -0.674299 -0.082926 -0.000590 -0.182341 -1.961260 -1.658063 -0.662624 -1.487954 1.593799 0.213726 0.009610 -0.158749 1.280717 0.332616 -0.989297 -1.592718 0.111472 0.016192 
-0.172810 0.802110 -0.492826 0.055824 -0.427218 4.782222 0.479857 -0.451467 -0.617565 0.027410 -0.069453 0.309605 0.299986 0.603182 -1.929941 0.017609 0.731537 0.299467 -0.712234 -0.078449 -0.000590 -0.182261 -1.959231 -1.658063 -0.660721 -1.484769 1.593769 0.211161 0.009610 -0.160262 1.269627 0.331994 -1.012768 -1.592718 0.109727 0.015868 
