5.525000
0.025000
0.139864
0.131097
-0.149884
0.204146
0.073213
6.233901
0.007660
0.062718
0.211954
0.710795
-0.993876
-0.013660
0.021224
-0.000490
-1.137657
1.167527
-0.105182
0.048229
0.083528
-0.087246
-0.000100
-0.001799
-0.768074
-0.142736
-0.018400
-0.723898
1.605700
-0.000600
-0.000078
0.825438
-0.006978
-0.000000
-0.330025
-1.605700
-0.000200
-0.000000
0.041076
-0.299898
0.203530
-0.271759
0.275234
0.948249
0.323674
-0.306752
-0.097597
-0.756752
0.571115
-0.666139
0.310393
-0.282883
0.712590
-1.490919
0.514373
-0.694612
-0.134788
0.371034
-0.002986
-0.000983
-0.256995
-0.214564
-0.052370
-0.115370
-0.000240
0.013702
0.000609
0.529587
0.005530
0.011792
0.159274
-0.000874
0.002037
0.000218
0.159613
-0.488703
0.191437
12.013399
2.000000
