5.525000
0.025000
0.140049
0.131320
-0.149682
0.204008
0.073610
6.233529
0.007990
0.062785
0.210889
0.711422
-0.995698
-0.013596
0.020525
-0.000177
-1.137441
1.168739
-0.105421
0.048330
0.083584
-0.087259
-0.000100
-0.001799
-0.768041
-0.142505
-0.018400
-0.723866
1.605700
-0.000600
-0.000079
0.825562
-0.006991
-0.000000
-0.330004
-1.605700
-0.000200
-0.000000
0.034463
0.021724
0.010209
-0.946394
-0.078074
-0.015991
0.942070
-0.086622
-0.013113
0.012369
0.033291
0.032133
0.944437
-0.079657
0.102128
0.216223
-0.285127
0.025686
-2.847956
-0.430127
-0.009922
-0.003337
0.212578
-0.862273
-0.288914
0.006279
-0.000723
0.070985
0.002925
-0.664435
0.605777
0.068416
-0.275396
0.000813
0.044006
0.002050
0.007964
0.004823
-0.003094
15.143822
2.000000
