5.525000
0.025000
0.140475
0.131099
-0.149891
0.204214
0.073205
6.234552
0.007846
0.062579
0.211752
0.710969
-0.992595
-0.013815
0.020928
-0.000602
-1.137419
1.167835
-0.104638
0.047086
0.083543
-0.087250
-0.000100
-0.001799
-0.767947
-0.142696
-0.018400
-0.723840
1.605700
-0.000600
-0.000083
0.825697
-0.006987
-0.000000
-0.329908
-1.605700
-0.000200
-0.000000
0.127381
0.046690
0.013146
-1.877285
-0.258115
-0.105658
1.868873
-0.078517
0.318606
-0.285233
0.133767
0.045213
1.879965
-0.060376
0.285570
0.651634
-0.770055
0.029744
-3.000000
-2.237759
-0.016966
-0.031869
-0.344909
-1.747722
-0.571366
-0.313336
-0.001909
0.144518
0.006574
-2.005717
1.145238
0.126270
-0.860382
0.003923
0.085923
0.003764
0.009338
0.000330
-0.008142
37.049748
2.000000
