5.525000
0.025000
0.140377
0.130581
-0.150042
0.204216
0.073305
6.234995
0.007850
0.062535
0.212199
0.711051
-0.992769
-0.013351
0.021458
-0.000575
-1.138118
1.167628
-0.104144
0.046646
0.083486
-0.087232
-0.000100
-0.001799
-0.768119
-0.142809
-0.018400
-0.723994
1.605700
-0.000600
-0.000113
0.825544
-0.006933
-0.000000
-0.329924
-1.605700
-0.000200
-0.000000
0.138168
0.364401
-0.326781
-0.983979
-0.315393
-1.271193
0.926135
0.477936
0.276153
0.897339
-0.913112
0.723859
0.937864
0.452980
-1.157617
3.000000
-1.605204
0.753026
-3.000000
-2.276541
-0.008466
-0.017124
0.280553
-0.977558
-0.348930
0.010269
-0.000983
0.086718
0.003967
-2.671271
0.781285
0.061416
-1.019757
0.004769
0.056129
0.002219
-0.056878
0.592109
-0.333830
47.148387
2.000000
