0.000000
0.000000
0.000000
0.000000
0.000000
0.000000
0.000000
0.009003
0.032227
0.051467
0.072182
0.089907
0.110343
0.130163
0.147021
0.176268
0.201117
0.234017
0.263960
0.291097
0.320211
0.346183
0.377020
0.408717
0.439459
0.469908
0.501716
0.525481
0.553264
0.565511
0.591215
0.599624
0.613612
0.608859
0.619475
0.589899
0.624787
0.658538
0.708217
0.677146
0.601509
0.527680
0.630406
0.393857
0.694308
0.743236
0.727084
0.727560
0.739457
0.738584
0.741325
0.775506
0.771032
0.788113
0.894364
0.705016
0.713341
0.746116
0.776203
0.775554
0.758210
0.773533
0.780872
0.781957
0.767058
0.682834
0.602741
0.755581
0.691548
0.682540
0.693865
0.673018
0.665767
0.681844
0.672366
0.680353
0.685916
0.749723
0.746500
0.744499
0.725777
0.715844
0.697258
0.696408
0.693480
0.700022
0.699187
0.713135
0.715535
0.722380
0.716852
0.768172
0.749522
0.668705
0.682536
0.691428
0.736843
0.718921
0.711395
0.645294
0.651245
0.605026
0.579389
0.675538
0.602023
0.580579
0.614784
0.621136
0.615065
0.601500
0.612455
0.607216
0.609026
0.615700
0.597640
0.592491
0.578424
0.584804
0.582117
0.585195
0.581158
0.586192
0.585648
0.573856
0.569597
0.588261
0.578627
0.583154
0.566421
0.531479
0.535700
0.538051
0.547309
0.553905
0.544146
0.537547
0.540596
0.542880
0.537098
0.529414
