0.000000
0.378173
0.000000
0.000000
0.000000
0.000000
0.000000
0.000000
0.000000
0.000000
0.000000
0.041034
0.065482
0.097794
0.104419
0.113086
0.123704
0.133061
0.144602
0.158462
0.183922
0.208818
0.245025
0.278464
0.314842
0.342996
0.377836
0.404054
0.436562
0.461494
0.480556
0.504047
0.525973
0.540587
0.549798
0.543961
0.540810
0.543145
0.569738
0.599587
0.361856
0.642714
0.537487
0.641697
0.646182
0.677695
0.686799
0.674610
0.678976
0.655952
0.659579
0.670457
0.686046
0.717306
0.717171
0.711446
0.706026
0.708155
0.707258
0.705398
0.704738
0.681894
0.663932
0.678485
0.675425
0.663283
0.651574
0.658016
0.662749
0.694200
0.714832
0.713086
0.620219
0.603268
0.609881
0.594736
0.700404
0.676077
0.684350
0.692151
0.654247
0.614654
0.592072
0.584998
0.578740
0.586002
0.609392
0.594685
0.580059
0.584753
0.583668
0.589825
0.581233
0.582930
0.576681
0.585248
0.586008
0.605136
0.594353
0.636543
0.629157
0.617375
0.596783
0.583744
0.572200
0.576919
0.592422
0.586195
0.589281
0.592825
0.587064
0.601181
0.589309
0.597782
0.596939
0.586689
0.613437
0.620617
0.640349
0.625479
0.629545
0.618016
0.637181
0.627133
0.626981
0.612703
0.607656
0.600018
0.596802
0.590172
0.585274
0.580023
0.575076
0.567337
0.555216
0.545424
0.539207
0.572149
0.548395
0.544640
